2.087381970668021e+16
311078696838030.25
130720677879504.6
88211565304338.97
63390560745092.74
17790914033284.742
7482463926499.556
4691353789326.223
4994470525155.556
2943544035252.148
1432351199535.4075
3367500069091.5557
1838581894409.4814
1026442677210.0741
1974620945218.3704
4385468915882.6665
248409291719.1111
809356707375.4073
379413927367.1111
951967466230.5186
345958905135.4074
384775332740.7407
440019891759.4074
343538652178.96295
381498181783.7037
319987264564.14813
515463055924.14813
367137953848.8889
408934963723.85187
334886350999.7037
675741331076.7407
429926856817.7778
1029093289149.6296
740595945623.7037
654165852008.2963
494158451460.7407
618158833948.4445
994497775350.5186
805717398717.6296
531404834209.1852
727774466048.0
446584686478.2222
708491302153.4814
526267483610.0741
466361974556.44446
590907902634.6666
487362650055.1111
892777445376.0
626111344602.0741
656596260181.3334
682437004401.7778
873200066863.4073
862284464810.6666
1155340524306.963
474626131678.8148
1068918552500.1482
1136602287369.4814
966777223888.5927
624065952184.8889
1255112154529.1853
660943200777.4814
824968700728.8889
917307816021.3334
964361635290.0741
812655331934.8148
2054258280220.4443
904209924247.7037
1019925692491.8518
944438512279.7037
571424553566.8148
704901546477.037
634805844024.8889
696757432405.3334
623182911080.2963
1150791734120.2964
844554325200.5927
481550985144.8889
802763301902.2222
1306459990125.037
421126977384.2963
564185182511.4073
532454186590.8148
834346435124.1482
909335398978.3704
593683143035.2593
979571423272.5927
694446009443.5555
1173186694371.5557
698545385837.037
791445206053.9259
764928921325.037
948279858318.2222
568229010270.8148
798758673626.0741
417717361142.5185
775350000824.8889
904398572088.8889
1264656315842.3704
2358349101691.2593
768648881986.3704
1370933247544.889
981855824175.4073
767308141909.3334
819377577244.4445
720568793742.2222
878242781487.4073
928149854549.3334
661125526554.0741
931468822295.7037
989820608566.5186
582426770014.8148
1234915042417.7778
700662197650.963
639126147451.2593
485259565454.2222
484893175098.6667
766067571560.2963
541642083541.3333
619029413276.4445
707101206774.5186
533573538607.4074
540896416578.37036
691962482972.4445
643525750471.1111
457366428615.1111
705160574084.7407
596587912865.1852
471027757160.2963
465854019171.55554
633005772425.4814
588400789569.4814
834665752680.2963
805374727661.037
647420677688.8889
664277628529.7778
480897444039.1111
562583208760.0
594440689768.2963
523033155785.4815
614442607973.9259
699116987657.4814
464925288315.2593
506190189302.5185
531729959120.5926
477049618488.8889
471976285297.7778
433197821752.8889
531235513799.1111
511504654563.55554
542057685390.2222
345042139344.5926
308140865372.44446
358154956923.2593
582574938056.2963
640034694656.5927
655552914371.2593
1459959490038.5186
556790732420.7407
632482530493.6296
447301852653.03705
600025807151.4073
370338973278.8148
534839374127.4074
355093727279.4074
426308983921.7778
552253149942.5186
661861717655.7037
392151396911.4074
689641341207.7037
5103516548721.777
744472293240.2963
501530151177.4815
542804526421.3333
642759095580.4445
617255225154.3704
531612643972.7407
547555233232.5926
774476202908.4445
303876290986.6667
464373330450.96295
478762670275.55554
593120467778.3704
393355117046.5185
395896550570.6667
273697182170.07407
360902687990.5185
292802179351.7037
510568741148.44446
275470830216.2963
349210961218.37036
373610113649.7778
456079798689.1852
391863872549.9259
701533419899.2593
365290900176.5926
346264673289.4815
402278030620.44446
7029960247068.444
831264332894.8148
478422855243.85187
276043670052.7407
340016465367.7037
365730735797.9259
378651173338.0741
351805479755.85187
399949229520.5926
259219545271.7037
315836928474.0741
308776782373.9259
337313711849.4815
321567342364.44446
239231469202.96295
323920914299.85187
352955525973.3333
291415981321.4815
418584463530.6667
144041977097.48148
396332470698.6667
330019591390.8148
357791206398.2222
206405619226.07407
199412378329.48148
287087414365.7778
315850900446.8148
241952226417.62964
234337183540.14816
268482316846.74075
269584238075.25925
427305155351.7037
240993005143.7037
280902612494.2222
266788572453.92593
284510370876.2963
286993535616.0
280643117449.4815
13339588678371.555
253191676079.4074
337457598373.9259
286292035311.4074
449717102383.4074
305509268280.8889
320411113927.1111
345570739086.2222
332136610977.1852
374570604464.5926
323404555681.1852
272171426045.62964
324771741942.5185
295778558691.55554
240604478658.37036
284736334848.0
202125150843.25925
206143055076.74075
307542619401.4815
216025552075.85184
329490891672.0
169792533015.7037
217796273419.85184
271406750558.81482
243499294096.5926
353049004297.4815
237677351250.07407
325801836397.03705
232833873393.77777
211221697981.92593
519541345308.44446
353425548060.44446
237222539861.33334
244895046156.44446
512089501691.2593
224036953063.7037
304274839106.37036
282886462358.5185
262697476238.22223
171503558746.07407
262934073565.62964
249902897648.5926
280823319378.96295
307517673621.3333
144860941382.07407
264895098040.8889
151941480654.96295
227125426537.48148
305354100992.0
263472390224.5926
189126788892.44446
200701959024.0
253890896761.66666
225021780333.03705
209280378832.5926
304737100419.2593
252459179228.44446
228422553353.48148
359872472803.55554
264279376568.5926
235213327730.66666
173421732693.33334
230053854344.2963
123246562322.96297
155940240189.03705
206409123233.18518
193820650256.2963
212057502397.62964
279280521813.3333
181773064210.96295
247825449661.62964
195249479743943.12
112142144201140.14
8.159827140909667e+16
1.7856468151235723e+19
3.2151695696397394e+19
3.2611336596061848e+19
3.275318385815348e+19
3.1775615074194133e+19
3.0423822458112266e+19
2.7220631766309515e+19
2.4033850186039693e+19
2.0377468777730204e+19
1.6708991397667633e+19
1.3020596527358513e+19
9.180624490782348e+18
6.805915667979528e+18
4.684492196631893e+18
3.590839912133296e+18
2.7070625140415457e+18
2.1056949676929626e+18
1.6675438853544369e+18
8.855775528884837e+18
8.119514263425877e+21
8.079410693906562e+22
8.318040825682216e+22
7.286437271157477e+22
6.522654863473117e+22
5.890159824205991e+22
4.771268952863437e+22
3.6913772443540774e+22
2.871114418122928e+22
2.234454024580445e+22
1.659196513167465e+22
1.3432946823352996e+22
1.0222456895740125e+22
8.648504328669544e+21
6.83284972034748e+21
5.269971056485639e+21
3.793483015650808e+21
3.945181895411686e+21
2.7552369967431685e+21
3.000999671589924e+21
2.0499989588385755e+21
2.563147061171136e+21
1.9206112061379162e+21
1.3973754367900128e+21
1.6453944078828938e+21
1.3581145258150378e+21
1.5762688751500221e+21
1.4149699521701738e+21
2.0522035057147644e+21
1.213482131704632e+21
1.3363672070603174e+21
1.32015351091454e+21
1.589789632084972e+21
5.5102519102183847e+20
1.187139485384037e+21
9.495164484088247e+20
1.555935305310652e+21
1.348950145305431e+21
1.1999335442775026e+21
1.0899793245725188e+21
6.747550645714922e+20
1.7445546596323416e+21
1.1036619364808441e+21
1.5934050118698672e+21
1.2041513460149458e+21
2.2345182474944281e+21
2.2329784094769128e+21
1.5902253766265062e+21
1.329170959246558e+21
1.3438087546151088e+21
1.4635992582409028e+21
1.0939779311332742e+21
1.2141767987530144e+21
1.352556594632911e+21
1.2166494711501824e+21
1.3711526367074512e+21
1.464358191581038e+21
1.3652057266136608e+21
1.083608862441996e+21
1.2329472076934983e+21
1.2274547529174774e+21
1.502451482698521e+21
1.4906535222512512e+21
1.606081652002638e+21
1.708024064361049e+21
1.351790184695152e+21
2.161980866897565e+21
8.375526276011708e+20
1.8537829350110622e+21
1.4641122065592036e+21
1.1040478967444174e+21
1.4798988786141411e+21
8.377990210712138e+20
1.3635821890472116e+21
9.47294163600217e+20
1.5924396362626333e+21
9.48799938340277e+20
1.6155415086293008e+21
1.4644933440389961e+21
1.5067428369178669e+21
1.8760172128055696e+21
6.996136111912493e+20
1.477497290458162e+21
1.6192729737319838e+21
9.693715337553631e+20
1.600061695772411e+21
1.3526302812959547e+21
1.200721400189561e+21
1.0928854397650736e+21
1.2369139932475118e+21
9.605252481902378e+20
9.619719115562824e+20
2.705039657348859e+21
1.2056286875472023e+21
1.5979716082602871e+21
1.4699003130076371e+21
1.4815600632143896e+21
1.3835390180280073e+21
1.6298700539728534e+21
1.1008346305352843e+21
1.4808748793316287e+21
1.3512444886854203e+21
1.1077209313965639e+21
9.612011667735698e+20
1.3604272520113774e+21
1.074460122403849e+21
1.0802907685499348e+21
1.2090673126730406e+21
1.4789887910939344e+21
1.1174808141230119e+21
2.1257036573794283e+21
1.2432118770227114e+21
1.2186551843797368e+21
1.6153978753530992e+21
1.4873101356009311e+21
1.374958599342642e+21
1.3618554196371555e+21
2.0152153101966657e+21
1.464380925083454e+21
1.0860144050119058e+21
1.3567550297761558e+21
1.3484823956704023e+21
1.0888834925622118e+21
1.337033300000517e+21
1.4990749454468422e+21
1.2125481695518303e+21
1.505177389156963e+21
1.355028346209452e+21
1.4899653431359258e+21
1.4904242766016642e+21
1.075559179078147e+21
1.354802982202415e+21
9.518034310878607e+20
1.4635145066629541e+21
1.8807710275610652e+21
1.7546588910346927e+21
1.0830607932585837e+21
1.7102785238526392e+21
1.7118191652466503e+21
1.0867766052047005e+21
1.2004956391773813e+21
1.8727325423566413e+21
5.746121815200468e+20
1.6638161293524237e+21
9.641643984188206e+20
1.8539454985382367e+21
1.4902556693441306e+21
1.359443001943205e+21
1.6204653182260045e+21
1.6202605374431436e+21
1.347566405931055e+21
1.6491330218880126e+21
1.358593664883792e+21
1.4763948944448826e+21
1.186048848362558e+21
1.7332425416504393e+21
1.7651352806940441e+21
1.630520418358495e+21
1.9974904199401827e+21
1.4856241025265668e+21
1.3492038824950812e+21
1.3683225298171034e+21
1.2260953093293723e+21
1.874244687504182e+21
1.633645518232345e+21
1.220693458057964e+21
2.103465157378825e+21
1.4765627853095067e+21
1.506686206937982e+21
1.502113478245433e+21
1.0828019693820008e+21
1.2062660726460273e+21
1.352523848570386e+21
1.8693785136554438e+21
1.0904821261902918e+21
1.2091112430492889e+21
8.399674665826162e+20
1.3531522294834326e+21
1.4856658890180314e+21
1.4879170253782558e+21
9.610269283061504e+20
1.492507619180069e+21
1.9099039224574347e+21
1.345055755058416e+21
1.7353539212052354e+21
1.228729729171751e+21
1.4840415496225468e+21
1.4771258144277652e+21
1.2072274461123813e+21
8.120759467837302e+20
1.482082071508503e+21
1.2159228636962397e+21
1.0998642212009278e+21
1.20442418355409e+21
9.572885752517912e+20
1.3520373813788004e+21
1.343679778806249e+21
1.339041226099029e+21
1.3310524643940064e+21
7.109412468250903e+20
1.352718330757224e+21
1.336743929960202e+21
1.742108836698284e+21
1.3506756258435233e+21
1.4758245388326989e+21
1.227730218981697e+21
1.587015658174892e+21
1.230007223796324e+21
1.208503829334312e+21
1.3431612961165313e+21
1.2236877173512337e+21
1.9045764483423724e+21
1.3505943938022955e+21
6.685297339035706e+20
9.663655321665807e+20
1.6026078345230706e+21
1.4648037716205867e+21
1.485173345680855e+21
1.5109908755101324e+21
1.2117339407945905e+21
9.709237959284908e+20
9.530947684009369e+20
1.3458631532421975e+21
1.2158835419840635e+21
1.611380074332799e+21
1.2114653743287257e+21
1.2218971309831765e+21
1.4602917949159307e+21
1.3345891923453217e+21
1.3479359831048703e+21
1.462287205232861e+21
1.2118196574994123e+21
1.852288244651335e+21
1.725762296580295e+21
1.100521767026405e+21
1.3707754116972565e+21
1.1001312755532458e+21
1.4881792579241367e+21
1.2251085575871885e+21
1.241702967778614e+21
1.3739820736287135e+21
1.0831724148034985e+21
1.6112293469261298e+21
1.0684496043814348e+21
1.0886648045861655e+21
1.2159309748342403e+21
1.1981674549877895e+21
1.0639668217669904e+21
1.5857382192996307e+21
1.354794973400441e+21
1.3464289756901076e+21
1.2474947224880737e+21
8.196325970797792e+20
1.332499439614127e+21
1.2302110667364893e+21
1.4828596838408428e+21
1.0551727035491113e+21
1.6046926743105312e+21
2.128891726365646e+21
1.726538160770592e+21
1.3462131245355064e+21
1.4868818824189822e+21
1.0966773024667632e+21
1.4988663613310928e+21
1.0973853794032938e+21
8.357485567410653e+20
1.8916150667060128e+21
1.2198079750017371e+21
9.527768624502874e+20
2.5354090054226385e+21
1.0998970373878611e+21
1.4798420898973556e+21
