0.1812061022821098
0.04858067241492283
0.046392696419153015
0.04793277827845613
0.04825817196611208
0.05012297269511768
0.05038397740605029
0.050302492866041625
0.05343786841255433
0.05272127229540156
0.054856308893655045
0.054134552142452594
0.05484304891106474
0.053582321012039975
0.05646409676373088
0.05574208689261213
0.05568706803678001
0.05698762956880613
0.05497603689642721
0.05792658517686091
0.05629433468007988
0.05667408512733368
0.05601206990027274
0.056065212071386775
0.055820251777702716
0.05727454583802276
0.05735601651295544
0.058032992679362884
0.05838805033723047
0.05884194459158352
0.0568716694374294
0.05824961742454019
0.05556117610394536
0.05819160138398984
0.055991763659987225
0.0568776426829117
0.058405587870430195
0.05833228097917538
0.05638663279380897
0.056952087313893084
0.055663136237551904
0.06022402646224042
0.058110433479439165
0.05697819625374196
0.056421072534368746
0.05877637669891904
0.053879433073487616
0.05842955652960382
0.05651967384240508
0.058727587985515944
0.05486770471531807
0.05788760570247835
0.05790131261880304
0.05816868309595885
0.05809137240033787
0.058323316161739636
0.05561985571495237
0.05844749039958444
0.0574127453787307
0.05852963663991493
0.05766374116664155
0.057057935755526215
0.0585846265667626
0.0587434838955632
0.056725161121254204
0.057619729370567446
0.05800024432958
0.057837904401784844
0.057658944194208674
0.05776729399759422
0.058026687898357916
0.058697269854194094
0.05660524917023059
0.058391010247635995
0.05714015813801904
0.05798659924034738
0.05794165497836044
0.05844573523818918
0.05761044917778037
0.05847146974324628
0.05882457922876481
0.05659600811365797
0.05827069536905907
0.05803807594115806
0.05931482139375955
0.058643742598590856
0.05841736528709635
0.05823637009717258
0.05798266000336805
0.058229951318062
0.05750296616809036
0.0577963093910628
0.05897216698200006
0.05767236161239012
0.057866608673298674
0.05630792426462802
0.05653954850403309
0.05663611478154996
0.05800239258448178
0.055539076170131166
0.05667951833522173
0.05728021781076231
0.056678103441390355
0.055907357672924034
0.05634528191419411
0.055935054699447845
0.05611889123456317
0.05693799635814087
0.0563580313864572
0.05823874311512134
0.05618042966525164
0.05607405362893395
0.058278569275612015
0.056853004276430134
0.055438150302060944
0.056973071428851996
0.05689390296236009
0.057105807216105316
0.0572280344372796
0.05488861184733733
0.05489963028308761
0.05572091367144475
0.056710815213122295
0.056332338282583924
0.055425791746501404
0.05561041324143685
0.05725965167066894
0.05784373309541765
0.057141773081099134
0.054727013525285424
0.056134716122194714
0.056147928823512355
0.05587321831318425
0.055537413475062046
0.05684113163663976
0.05627351481732728
0.055016559399254046
0.05737972365930738
0.056403195323859075
0.05611565159940034
0.05630813282795517
0.05632157368248859
0.05576417749907612
0.05710800529884633
0.05499048726523169
0.056546397447867956
0.05647866553561536
0.056079989678754515
0.056190191146038654
0.054806687737997066
0.055823961416310554
0.05551445916206439
0.05731658343571246
0.05483694213096381
0.0561254118711332
0.05622897447710726
0.05671205721384611
0.05702830180745824
0.054740117359246304
0.05657433799041571
0.056677862762599604
0.055695986875516065
0.056493816578506204
0.05529867659312807
0.05626483598312465
0.05568499468881898
0.0551974534954802
0.05663024941961832
0.05532590989014526
0.055256982719035654
0.05519993901389531
0.05562009948596006
0.05627773052181378
0.05533147093841133
0.05601286881952398
0.05579740155115367
0.056072910008821183
0.05634123758629374
0.05656055347606811
0.05619260183542058
0.0563329277740908
0.056573069114404545
0.05579450353623236
0.05652407576323464
0.055767293063308784
0.056321728738479196
0.055870415690137336
0.05586786956884952
0.05521334813700187
0.05545786822658974
0.055750252132150575
0.05580354869287785
0.05647557954860573
0.055940615160582234
0.05423850269475536
0.055633288299983624
0.05598231806511376
0.05614491611749462
0.05605972830178204
0.05723111390324707
0.055246153414620525
0.05684972583868756
0.054408958931970924
0.05595678689822407
0.05580233814272706
0.05558002298688314
0.0550683987714079
0.055678837375250305
0.055692191574410896
0.05672332494193153
0.05615672906283836
0.056611674675708434
0.0550018120589779
0.055240529690010386
0.05618522085379072
0.05590448666962832
0.05325297988688937
0.05689963777781504
0.05386997686385618
0.055505920025355884
0.05657251482700993
0.054203737007797785
0.055656250531304664
0.05613482591239938
0.05630940748875221
0.05604139842032925
0.055399490283067086
0.05529685837313614
0.05707774111376017
0.056269414510606464
0.05633989699799829
0.055684417662077546
0.054939757306562885
0.056187007220439365
0.05577364205834747
0.05463902470191862
0.0566413391442163
0.05659706230807007
0.05650921189345153
0.054659043192966945
0.05626646291252254
0.05463409790335673
0.0555498642015234
0.056234241005908674
0.05693683882885033
0.05437106903512173
0.057368204497469356
0.05589647149999589
0.056482114003362234
0.0553980903278639
0.057331722860264986
0.05804481827576632
0.05572006392389617
0.05773376021905901
0.055404109301819854
0.05683999343928054
0.05580200434208635
0.05637326813020445
0.05677281214667087
0.05586511769024524
0.056219517679600754
0.05643305914119091
0.05652988849087032
0.056555616326206676
0.05663546072339965
0.05599104472936166
0.056222460452273325
0.05610471851392239
0.05691018643878795
0.05643501491978703
0.05515121220445111
0.05594726023635926
0.05582599762005263
0.05581024402840536
0.05565751684424592
0.05592053479352659
0.05559119664157573
0.055831666244848095
0.05573624545796911
0.05638014844343385
0.05530602934069713
0.057251606573229405
0.05594837489418357
0.05680253617298976
0.05498624525207189
0.05678763787564257
0.05608777185761647
0.055782143351006994
0.05551462859720572
0.05702257339068299
0.05582157777052011
0.05726081469675495
0.05563440333976319
0.05331974799535445
0.05782550501953549
0.055392482831519894
0.05585973073938317
0.05495787888294321
0.055647804851864976
0.054760538810854575
