-0.00013546570724052987
-0.00013499162093326473
-0.00013363152812785167
-0.0001326811419867424
-0.00013188512289690241
-0.00013039630808671853
-0.00012939729399819732
-0.0001273376497597342
-0.00012519273155822038
-0.00012357073302941555
-0.00012120987244384805
-0.00011869001922149766
-0.00011631339020474896
-0.00011337478340354821
-0.00011176563265476504
-0.00010849474075858126
-0.00010502840976449656
-0.00010243790632465886
-9.97990206845038e-05
-9.707004872762086e-05
-9.473537036423222e-05
-9.140115944226481e-05
-8.686882305678009e-05
-8.33481035268441e-05
-8.038887227574688e-05
-7.7793124989139e-05
-7.517162120285816e-05
-7.245931689445189e-05
-7.130798041955229e-05
-6.8422788272387e-05
-6.69237628590588e-05
-6.515623566254171e-05
-6.172605037605502e-05
-6.0124474888789976e-05
-5.7814039979002164e-05
-5.370299238362201e-05
-5.0945936870458804e-05
-4.771457049892478e-05
-4.525984636640104e-05
-4.430929998231464e-05
-4.322538513254308e-05
-4.1104835474417315e-05
-3.9577135423853715e-05
-3.851825820356738e-05
-3.718868903463378e-05
-3.649656516487923e-05
-3.557804035388455e-05
-3.37999982045402e-05
-3.282074912478416e-05
-3.1604710244328334e-05
-3.1231436980659285e-05
-2.9505652505873212e-05
-2.8508333271763484e-05
-2.888548035330126e-05
-2.777784430199763e-05
-2.722586453820925e-05
-2.6110897780730423e-05
-2.43856687597967e-05
-2.2247579367415048e-05
-2.109126143090131e-05
-2.0660732662478296e-05
-1.9652036509197383e-05
-1.8814752899022004e-05
-1.8734860584546608e-05
-1.7254691263734386e-05
-1.6282477238167036e-05
-1.6138269005760064e-05
-1.5282582056035938e-05
-1.5610599260595327e-05
-1.5523145359545788e-05
-1.480452198289364e-05
-1.4979459503283834e-05
-1.4636609728298968e-05
-1.475724602316769e-05
-1.421893264735632e-05
-1.4406304073085937e-05
-1.4293901925088583e-05
-1.3385991665302663e-05
-1.3444032889847257e-05
-1.3614286051387439e-05
-1.3786627087528514e-05
-1.3885285451059752e-05
-1.383125574978028e-05
-1.3320311430979137e-05
-1.2494571699041919e-05
-1.161826432419673e-05
-1.1788807099979531e-05
-1.142715686846493e-05
-1.1149302234367371e-05
-1.0466467478876193e-05
-1.013533802177853e-05
-9.546336601293152e-06
-9.104976882323035e-06
-8.62072630503511e-06
-9.19907238062856e-06
-9.152016274694659e-06
-8.856344317639646e-06
-8.481849793080535e-06
-7.642639242985194e-06
-7.89182880870732e-06
-7.656825529147158e-06
-7.228185595371516e-06
-7.555292905074695e-06
-7.570504260297087e-06
-7.174448479002226e-06
-7.1433064482685674e-06
-7.089165855424681e-06
-7.65985448625783e-06
-8.190586473948532e-06
-7.750395377265477e-06
-7.683150956668046e-06
-7.897638594073042e-06
-7.85595880112838e-06
-7.825144326131196e-06
-7.52672309320182e-06
-7.738287550169219e-06
-7.491092793812039e-06
-6.635158127583019e-06
-6.793003514042795e-06
-6.746856665854193e-06
-6.6392206783794264e-06
-6.370636393683289e-06
-6.8782397870755385e-06
-7.344370856854752e-06
-7.405248605460531e-06
-6.015225809809319e-06
-5.937336300237543e-06
-5.39662085367158e-06
-5.362242071261249e-06
-5.3229955553095674e-06
-5.2667469761840535e-06
-6.006364981595684e-06
-6.21915307482564e-06
-5.749243149226995e-06
-5.288683341987494e-06
-5.520849796644671e-06
-6.017943680820015e-06
-5.685995003629427e-06
-5.133423988718626e-06
-5.506371674192366e-06
-5.835462109796304e-06
-5.530389192699078e-06
-5.536621818181063e-06
-5.955184047128555e-06
-6.627921411819417e-06
-7.13170282215241e-06
-7.045592885953731e-06
-6.741025415019646e-06
-6.753582001088841e-06
-6.2403164543450465e-06
-5.774600872642869e-06
-5.5243875231168776e-06
-5.982449226602155e-06
-6.245549362205447e-06
-6.330880283087844e-06
-6.067389153621468e-06
-6.090043437140535e-06
-6.1755224389767025e-06
-6.30933076208609e-06
-6.111328979337813e-06
-6.138580614541976e-06
-6.048590722256499e-06
-5.870574349156131e-06
-5.648118742500933e-06
-5.843798305922486e-06
-4.904662006202005e-06
-4.907492232912583e-06
-4.466021016629026e-06
-4.472877785463594e-06
-4.2003204881563445e-06
-4.439055660853577e-06
-5.211994333479395e-06
-4.449273275992964e-06
-4.6570206182531744e-06
-4.403613249362877e-06
-4.662895162429386e-06
-4.412614207420951e-06
-4.849887076811724e-06
-4.574184777897242e-06
-4.298895975870405e-06
-4.326750953656083e-06
-4.256298471990544e-06
-4.359676059206529e-06
-4.593896899197047e-06
-5.010343893201753e-06
-4.562452847110095e-06
-4.862157733079159e-06
-4.525868535982535e-06
-4.168632564009058e-06
-4.653892249190014e-06
-3.923975330102875e-06
-4.149546340585139e-06
-4.410077908083519e-06
-4.3571699424903635e-06
-4.649421770854264e-06
-4.303181880213057e-06
-3.7377454691929413e-06
-2.958638515512185e-06
-3.8005997791920637e-06
-3.354109855279378e-06
-3.2865279006386592e-06
-3.896331066152112e-06
-3.38907720359581e-06
-3.6356664658879997e-06
-4.607536766924177e-06
-4.2884493167447445e-06
-3.943402302163423e-06
-4.142436163353708e-06
-4.6820270272710126e-06
-4.843351906697564e-06
-5.077076337394391e-06
-4.895156974063313e-06
-4.759821952588071e-06
-5.1006385852713364e-06
-4.601835978342239e-06
-4.961206196078949e-06
-4.801446216409216e-06
-5.374147061873415e-06
-5.516510401120336e-06
-5.130519934966222e-06
-5.4060791589228346e-06
-5.383557271929751e-06
-4.995729090422111e-06
-5.184421629803013e-06
-4.696691641437683e-06
-4.353099626723226e-06
-4.493284347493663e-06
-4.175815116633525e-06
-4.233649747946595e-06
-3.729252589954128e-06
-3.616952834740397e-06
-3.839549205737455e-06
-3.989104947273845e-06
-4.057675549951848e-06
-4.785688115775285e-06
-4.436851372382795e-06
-4.806501274497245e-06
-5.035665266449115e-06
-4.848783105891651e-06
-5.298489195016166e-06
-5.027339557389236e-06
-5.165488622260965e-06
-4.902755359745565e-06
-5.111729683826589e-06
-4.887300739663801e-06
-4.964916170742174e-06
-4.92607280893459e-06
-5.286967252094345e-06
-4.792317520517209e-06
-4.786107666668532e-06
-4.216338857018985e-06
-4.238118508347907e-06
-3.975290935994293e-06
-3.606146286354297e-06
-3.1700365372722622e-06
-2.8766293210469164e-06
-2.651543255346585e-06
-3.0033351415849855e-06
-3.2187948775341148e-06
-3.2517751515463842e-06
-3.3657619317347775e-06
-3.305432460045983e-06
-3.915938490440817e-06
-4.325092490648176e-06
-4.860588796931421e-06
-5.367488769059197e-06
-5.015728265614989e-06
-5.151830147933256e-06
-5.030847164254336e-06
-5.234673553763475e-06
-4.590338232858e-06
-5.211988648847122e-06
-4.5853763451263166e-06
-4.455912120662654e-06
-4.462542894583224e-06
-5.1472757341551156e-06
-4.618480075784656e-06
-4.544664574551737e-06
-4.447907383085458e-06
-4.559925018095447e-06
-5.165570152130525e-06
-5.556673059912903e-06
-5.498445837313263e-06
-5.4790052701654054e-06
-5.479869421968168e-06
-5.351453960470008e-06
-5.23343118980861e-06
-5.141894907958132e-06
-5.023898850654526e-06
-5.115441392685969e-06
-4.140759274366454e-06
-3.925452289388271e-06
-3.7663731759790306e-06
-3.912247994993618e-06
-3.7522324159508015e-06
-3.871589586378135e-06
-4.244675175002389e-06
-3.6923843878378035e-06
-3.480378516096224e-06
-3.650065224764001e-06
