-0.09417996798470404
-0.07925461918676283
-0.07440782621998199
-0.05340231797041121
-0.044245033563809925
-0.025459828898767106
-0.0184090210799089
-0.006881800747780492
0.007287893368510796
0.0058076662073666555
0.010045475293290636
0.009395858543077668
0.010914703154830722
0.013737938818850378
0.02125982138228491
0.022544700045715172
0.025472270479686587
0.02745881247197249
0.02566413093549479
0.030056379305956008
0.027560474028062856
0.028708550513684535
0.028508910501692776
0.02998592075385821
0.030232663600954047
0.034081578538898795
0.03582638016872212
0.037491434082400174
0.037511513389117415
0.039330228607892564
0.03497692841014449
0.03612806961462464
0.031354004388033097
0.03566415344842961
0.03151714762027963
0.034983463068997474
0.03678454882915799
0.03730033200062748
0.034080587061196994
0.03217613742871021
0.03262627437687866
0.04076653432927032
0.03659234794036009
0.03285539411289732
0.03137183801676468
0.03555263148720971
0.027703443292742415
0.034996231824555406
0.032595622895505084
0.03441653715502699
0.029383967085416598
0.03598844676305219
0.035153268137640074
0.03618429486197033
0.03616365335498045
0.03606965563382753
0.03112001702577139
0.03588494947397223
0.03433034808763662
0.03623823177648882
0.03267989326970197
0.0325119585680579
0.034842290645121066
0.035356490922143054
0.03133265802622692
0.03359742336113292
0.03393758667152259
0.03449768188024913
0.03515114167560198
0.03381490079749011
0.03502829603520478
0.03573907244706923
0.03234846326599842
0.03586710257390093
0.033559493211577994
0.035078017045724066
0.03537329706929994
0.03620257216361786
0.034702515224453376
0.03727825258917676
0.03754871759840849
0.03224752913503293
0.03683267085095091
0.037341315510228845
0.03983337358921411
0.039228483841785795
0.03889483538632575
0.037137216669550444
0.036120291774773744
0.03622332547773015
0.03504389089432842
0.03526222367831482
0.03727677246396005
0.03401141875282302
0.03495454955370114
0.031156667457429763
0.03176484012692759
0.033377728820600014
0.03480660080245359
0.0294462516950711
0.031826041599683656
0.03343253543631644
0.032122112091360545
0.029724082524930143
0.029990449016827167
0.030423001030425785
0.02934885239562018
0.03127671685589245
0.03106300016472725
0.03593103206955674
0.03197305229737099
0.032459418208993326
0.034385114469309946
0.03312512760228712
0.03034725363599285
0.033495560256797896
0.031715254695608194
0.03286360186742652
0.031940169475695106
0.027146063364683448
0.02697688410936509
0.028778957715971658
0.03113217598455408
0.03140578974319885
0.028721131602437715
0.02969816840039822
0.033383003588647514
0.03706486322394439
0.03417297833264388
0.02831136526143582
0.029245072825682304
0.029443799160960002
0.030598943637278875
0.031125258951908288
0.031044551243447696
0.03110241546543282
0.028813515313896025
0.03384050471377146
0.032611280176212065
0.030550348123219273
0.0328317639725488
0.03293937529061979
0.03236910478819185
0.03225233487727603
0.028845029338737258
0.031154863210937654
0.031146296222755474
0.030582311588803684
0.030394332306055885
0.02831314322029264
0.028345835232642367
0.029559175622599534
0.03331336438344223
0.027829763673630686
0.03079644077422864
0.032295857160679266
0.03316980516577145
0.032716532859954676
0.027874299545869126
0.03182242376528981
0.031837769058035835
0.030360846476429813
0.030566001692286508
0.0266484913018789
0.029497198167542177
0.027991521598728544
0.027973947183216465
0.031212510058972576
0.028341461373768875
0.027345843745062798
0.02628006753413599
0.027521102293517164
0.02940615579972221
0.027911120935749545
0.028878244716702486
0.02923688506624196
0.031113231762257044
0.03277022649436959
0.03337545106039435
0.032045888001030316
0.03165207932257756
0.03347805967068327
0.03023563767710863
0.031314712278370946
0.03036909219202268
0.03126242910105156
0.0304814913508931
0.030495011988118426
0.02690719581292532
0.02783907452984927
0.028977473751170647
0.028905705687409893
0.028879342742022224
0.02860685711482565
0.02594420260531785
0.0285686918175447
0.03073818888099863
0.0305789122830019
0.02987418344310077
0.03204014822954244
0.028717171757353832
0.03196500389100621
0.027649195335268613
0.02853589351749506
0.028515337151269075
0.028149884665985697
0.02773922029143923
0.027974189818219974
0.028348089270944926
0.031241146315447926
0.029503065698974262
0.030727966918820713
0.0270793782939256
0.02740170078851728
0.029411361821427794
0.028675761496632434
0.02481907404002864
0.027362849967942485
0.02396144086380485
0.029225389682447145
0.030234436317993035
0.02668602552127954
0.02815269442787141
0.030979285309631694
0.0313830755399433
0.029614943640651824
0.029350684576511434
0.030037069360762454
0.03294807302067948
0.03279156184286631
0.03216986947246969
0.029165995712090588
0.027531482196263706
0.030617837237406298
0.02951168070959048
0.02728640502334351
0.03132466484403313
0.03128506170144566
0.03058810382392311
0.026681618282683242
0.030408276109514628
0.02610877706990008
0.028358021397711555
0.030325394026380306
0.03195444651917878
0.02772073165092369
0.0323147408536809
0.029025870395574086
0.03031689129442858
0.028527568210364472
0.034197586429326784
0.0347869075271408
0.03120246666237072
0.033578250880560115
0.02877954721223625
0.0323851533593141
0.028713728766832626
0.029909774738311957
0.0321374674672643
0.02977134528755577
0.03122540479023762
0.03160274276002664
0.03185279892980478
0.032501586837824
0.0328160933376347
0.032550342375211344
0.03144984809967757
0.031605171538716906
0.03235095310715009
0.031835334731920385
0.0297654556106933
0.029768498857259705
0.029573751137361576
0.030405656710728864
0.030517819537087407
0.029027316812003975
0.029970879057710308
0.030511049263624298
0.029634142247332268
0.031606901746332745
0.030307079518677484
0.033256837491104474
0.032223467524144095
0.032555027888671276
0.029739584085805994
0.03298438144972641
0.031814763458086016
0.030366776685194306
0.03164265780575278
0.03439279617804149
0.0318375660733889
0.03245788732789502
0.028047947469986536
0.024689263282082072
0.03349078319117597
0.02928596376924996
0.02941396162342066
0.0274954799398059
0.029474934386206155
0.02703580363216262
