0.08689067022081602
-0.030808938445312555
-0.028148761479159352
-0.005602220913190407
0.003881253426151004
0.024532747664057684
0.03184555930507058
0.04329335455167777
0.06060056905498943
0.05840536779161313
0.06478057403583637
0.06341172070227039
0.06564143895395196
0.06720688513881262
0.0776121523996312
0.07817829202822384
0.08105431025753419
0.08434400437406807
0.08054036888206424
0.08788589463437792
0.08376007347958998
0.08529123454668787
0.08443411117753236
0.08596778465303329
0.0859725262432185
0.09127833119887276
0.09310722530722537
0.09545196758123474
0.0958282555150398
0.09810375042799507
0.09178167430288932
0.09431253060572727
0.08685345447872558
0.0937956305398617
0.08745109718168062
0.0918074029877007
0.0951391903367722
0.095584898501782
0.09042196016007333
0.0890839152536691
0.08824618554639224
0.10094945593955623
0.0946632045293884
0.0897950716154408
0.08775572162593218
0.09429251199135472
0.08154729838249015
0.0933919881855133
0.08908247587087863
0.09311252046138171
0.08422044053658356
0.09384654711835005
0.09302607222800052
0.09432409180810415
0.0942272481461422
0.09436574637770585
0.08671376197406708
0.09430805478086826
0.09172084602147967
0.0947467769593676
0.09032297345864947
0.08955024219530307
0.09340810264079531
0.09408124012849234
0.08804056456151667
0.09120086998941013
0.09192169240882084
0.0923203035210003
0.09279447516801412
0.09156667164178675
0.0930401799491295
0.09442136291899043
0.08893907591716908
0.09424335584320255
0.09068543274564199
0.09305020996473422
0.09330065825950809
0.09463492138323905
0.09229952036293097
0.09573610820420209
0.09635951055084756
0.08882965164954315
0.09508953491665519
0.09536607062019539
0.09913570016774492
0.09786060833098831
0.09730041155222587
0.09536215963249783
0.09409180246028805
0.09444281071609255
0.09253672175539067
0.09304898712824622
0.09623983437906104
0.09167515943962772
0.09281195905149899
0.08745543976700615
0.0882955322557539
0.09000536185365114
0.09280135046073984
0.08497743607854567
0.08849790315964527
0.09070552482988863
0.08879266044763981
0.085623869541692
0.0863285564615118
0.08635091214788448
0.08546065472592614
0.08820705313401038
0.08741284132059705
0.09416202466136812
0.08814579857675962
0.08852557408623991
0.09265582762698887
0.08997030700362536
0.08577787720135592
0.09046089347224967
0.08860166617393553
0.08996277416670144
0.08916141108043754
0.08202792827785506
0.08186987518295134
0.08449350081340211
0.08783611290138331
0.08773078331196743
0.08413951771434841
0.0853025662870733
0.09063671740661022
0.09490320008203636
0.09130938921427252
0.08303305533314127
0.08537452234627886
0.08558572114204438
0.08646594284520182
0.08665692322685425
0.08788039438895724
0.0873704090221994
0.08382405690980557
0.09121454254069937
0.08900934223312823
0.08666049381016648
0.08913406170990126
0.08925541879999212
0.08812774550499773
0.08935438509223406
0.08382888857340963
0.08769412878009439
0.0876179160658261
0.08665556014259533
0.08657776995228308
0.0831135904765437
0.08416402207239677
0.08506811046598944
0.09062396526646814
0.08266046054508581
0.08691552160697302
0.08851876411641119
0.08987577180873041
0.08973865916223112
0.08260810772118504
0.08839065102760309
0.0885094929559217
0.08605078458912062
0.08705394790398722
0.08194151980094744
0.08575618998697286
0.08367161170362719
0.08316649295339325
0.08783829353433364
0.08366289810547523
0.08259862611480963
0.08147556755622556
0.08313599026854018
0.08567943691247319
0.08323793494369178
0.08488671001327378
0.08502962363374564
0.08718172945850856
0.08910661407857957
0.0899314303630001
0.08823419055568298
0.08798068055553095
0.09004687217089774
0.08602578154024315
0.08783419415867522
0.08613137492032007
0.08757959525435971
0.0863470448745863
0.08635835597548208
0.08211637520961913
0.0832922889333753
0.08472380121588483
0.08470510479682339
0.08535051207561557
0.08454311524985726
0.08017805554088969
0.08419767700244689
0.08671676913097305
0.08672086982344508
0.0859301114204514
0.08926790818998157
0.0839600390238679
0.08881083317782368
0.08205476551141833
0.08448904472581865
0.08431306799886645
0.08372561927685179
0.08280367597025956
0.08364888538436897
0.08403559880720408
0.08795962759621377
0.0856547173614644
0.08733474632425273
0.08207643081929616
0.08263712984109524
0.08559198077279827
0.08457528682869554
0.07806725230934838
0.0842571132046498
0.07782590124908642
0.08472617907570924
0.08680154481268568
0.08088437882764235
0.08380394949328564
0.08710892711569335
0.08768778651655237
0.08565198905068112
0.08474568177841539
0.08532975192377576
0.0900215802524366
0.0890572467053682
0.08850614990752682
0.08484657395383971
0.08246725011530116
0.08680078707169332
0.08528053704279744
0.0819209925418571
0.08796119733957697
0.08787708862617465
0.08709246686589577
0.08133536326093614
0.0866697117339516
0.08073770956628115
0.08390298274124053
0.08655452337135795
0.08888639813547153
0.08208683594785281
0.08967801933322521
0.08491705485637371
0.08679421283325506
0.0839208721637156
0.09152509314232654
0.09282748772757364
0.08691855529520777
0.09130840515448384
0.08418048672453377
0.08922227009756435
0.08451308146701046
0.08628003957967861
0.08890706092851236
0.08563321123458051
0.08744155682919554
0.08803249657497382
0.08837877167723324
0.08905287799572614
0.08944669319124392
0.08853601961910913
0.08766729313867071
0.08770473854532132
0.08925610888103687
0.08826511496156728
0.08491207795934042
0.08571054725292214
0.0853951634559903
0.0862114445800271
0.08617087362679364
0.0849427042451228
0.0855574569586133
0.08633817077922615
0.08536593927869497
0.08798249038474547
0.08560794313475183
0.09050288717185576
0.08816634352825156
0.08935208458724087
0.08472034953527764
0.08976666795945933
0.08789730186507702
0.08614377814150591
0.0871522627538925
0.09141025402819804
0.08765500318415578
0.08971477662225356
0.08367858439088935
0.07800509920390218
0.09131253600236662
0.0846745750352514
0.08526944792737273
0.08244966664900891
0.08511925892933987
0.08179269295039049
