3146130.112042236
2235399.4912259616
2735163.5201315805
4123298.3581111026
1928647.78383518
2691927.265409499
2190949.3315204107
1832769.7841947116
2180664.1885178788
1320269.3662963868
1321835.1410945011
2474735.950713642
2616570.82968662
682906.2635469877
403661.42295673076
544940.4897478874
517121.4372342623
2724067.0388427735
2750336.110390179
2759739.9072782076
2749757.706182157
2271595.0718296273
4776247.797776442
4422002.0908203125
1900688.2227473333
2821411.2045297474
4073780.8732271637
4114148.571123798
3453055.6418424165
3319564.409007131
3012172.1704082782
2129432.564690605
773120.432827524
872521.8375
1176922.6319041327
1714699.4291128304
2126070.658979093
1408429.7837294396
4892762.707577749
2148713.4915712797
1963470.8379807693
2820764.963191106
2608338.828240967
1861532.706610577
1452742.4225360577
1154409.4532451923
2105653.6823317306
1201070.264783654
5094361.023340314
4986633.88452524
4196587.861688702
3753522.154567308
5152321.962019231
6157886.988942307
5735492.00576923
6468162.697596154
5432218.419711539
5655084.14375
6350307.329807692
3657265.9185945475
6162718.085903696
4182992.480181239
13936878.196401391
4692196.050704377
4608209.705244329
7774373.738784555
7588068.94639517
9277887.566432541
8966647.770262733
6788198.741722224
12349187.617653245
6403974.880856088
7108546.269677734
7512014.697716346
9144043.274338942
8495116.47953726
8546336.128008563
7471316.569711538
8633837.281610576
9684502.220432693
9964266.430288462
8792917.467548076
9797107.779987982
8097099.217908653
10905236.285096154
9609882.023031851
7748147.838568585
10955778.61932467
9800733.541101543
9139134.365721248
8674851.94791166
14947545.812873723
12316650.003470553
8002626.152672401
11018333.868412899
9757552.82986591
9612429.851189246
18969714.175495792
5504093.591932091
12087092.31668179
12250631.704522235
17030374.42634465
16971965.801887393
19491251.408657134
20685572.273737982
15016932.84747596
15923072.277922176
16110638.837545073
16500855.81658654
16066390.363236178
17825489.22943397
16174429.678314678
22057700.550069954
17096003.134584397
22424612.52079327
15075331.518159602
19919191.733834136
21138870.154266827
13724629.27348445
21263320.75254235
20014739.642551832
16735311.873940805
19869640.518689904
19727765.984009728
24822766.799601864
16605001.919343684
19464154.44190204
14900483.678733474
23789400.239122596
18885297.322179236
30233346.484164663
19681073.376141828
21465367.228677135
20370587.709375
22529501.823076922
29496228.456580527
29432840.579447117
17245941.126748424
13739176.350105168
27303882.104286775
23608412.72377836
24847460.05178739
19363312.112982646
13059067.272603666
22446877.598026216
21012344.59912067
27477243.772056933
18669324.120153807
31782870.56829928
22901403.917560283
22594425.145110615
38717201.321208306
26865195.60173105
26033398.998844087
30141210.016672928
29019560.52346755
18188769.42050737
39941333.728523135
37705807.21141827
25381364.03764179
31578008.95907452
20595118.909566555
39935295.00435697
43324876.96310096
49758905.027037635
24511000.60919471
30692042.481189903
43234899.07356521
25559978.72269287
38376247.967788935
27180970.08761632
19622602.73797232
37423065.02521668
25756424.773493372
37059901.83333274
30736775.327706207
51381631.51923077
29305700.850939002
50910749.50959472
47016764.376141824
28797761.92639662
49465407.39900278
43192697.56267184
39073450.87616436
25985895.07071815
51913041.482940204
50812873.47279334
37334547.395462744
28360113.25214656
51065326.38845763
40211482.647160456
64147520.71150654
38875715.35676275
34549138.57807993
32714764.125334285
45620831.71059946
25902162.169129357
34220157.96013184
53381671.36288311
39727613.51669546
37105838.21123798
55445309.88617788
62338413.46706731
59616483.57115385
35212243.140384614
65701245.65877592
66140289.45486779
39341806.98860814
66590101.427670285
28434781.473451
42523370.120787635
45624545.100717396
41604135.344977014
57345700.02296994
68720453.83120023
42968473.48964656
58107238.64565805
46709693.20631009
49039339.01544377
59332902.95546124
46873769.87380841
53526302.13110997
48856465.77127216
77010220.11640625
45557620.11600342
46984308.08625253
52927432.121995196
34906556.08089588
62880987.56360107
40248022.047122896
55978654.77389929
73653011.40402645
36798870.77685265
26647259.378170073
56393715.281850964
79149352.49314904
58099838.08806575
69164172.23990197
47862051.7034837
54139219.09607872
40273947.977243274
53621859.65733549
59943376.95434195
19345324.206191693
63406384.38903245
41736467.79122596
36162932.261470854
58608284.994422324
52158030.49085787
69258193.49940608
28280872.276111778
45955009.134687684
36074205.91021635
43743380.84912297
52527673.39723088
63178303.583458535
36045021.98516077
39006215.53402731
51865003.04615384
45818521.00456731
74955734.29577824
71497451.13205214
26624950.289932486
36825848.954725765
47485225.52446665
43847560.067548074
50688828.19749192
23423415.47344149
38644369.07671274
49364428.42248723
60203935.423497595
44474442.13984771
98458120.77115197
72705906.0563702
73871849.72536808
44618196.483672805
43343582.45722421
38628030.143952824
38653704.26695792
52538351.24759615
28717980.95677537
61754739.55514949
68819259.22271635
44219811.80898813
36348453.879507214
36379957.41246244
49587978.48894982
40685684.31411133
51752910.72943209
56952207.06552734
45229810.06167368
81142345.57680288
55761613.541526444
47594900.06053561
46679012.88929255
51470066.56382857
59298282.29891827
41673680.69122596
29328727.3526501
29512951.518972985
59902350.301066704
44693802.75997596
46825925.85048077
66030100.68971699
62087698.72638972
41900145.071826026
55903300.68995267
48922694.005406134
32050682.013712723
30526380.32135855
48925085.190812804
39529425.946388595
68116192.90996657
30864815.460229494
53421287.08109882
36585849.8140625
46246930.30647536
47098528.4937284
74233404.81849459
53047319.189783655
51170272.49442608
65717403.15301983
44409722.87105924
44913862.9258113
31615285.90959191
52452166.549676985
27825449.47879357
80773004.39848821
62847501.93593234
79724477.62163462
35412058.089207105
81473147.67803486
73964269.95345834
29784785.258676384
64692503.0616286
55622463.90551007
85519553.96923617
44554113.06503906
77704716.75513752
50483405.23239934
84519788.04981971
75846373.38787971
112543271.74292697
41668815.48449144
69241433.32204026
78643900.53088942
72548241.4766827
65074506.592069186
89961292.50539117
54065573.467998795
53193611.670268364
65525112.18488277
48974196.58455858
71224120.22208346
80105843.18798828
71590074.68649043
90414915.40703125
72137679.45258413
94410046.92632963
42928588.80714393
93199606.32614559
72625457.95211253
38487567.1107281
58848817.32986028
67074799.240940504
72024918.47332858
79101151.39399038
57129470.637894385
97121026.49912485
44737177.71106145
80842430.205234
55105733.94189007
76981865.40322734
93630723.0113469
33454880.54410556
114383417.5026292
66214827.93839487
113006584.00238131
112034330.56444374
52415604.630219914
122587316.627817
64824307.62702824
97931881.88996394
41831547.58072416
113383186.61736779
74095816.59679988
97451367.34445614
99314141.12765926
94566347.449642
86417506.65913461
109729603.875
104444534.00991586
121152017.63690373
108829534.72706768
129249176.17892879
38345262.59260441
67768611.51029147
100034151.311869
110031435.7858774
90104840.68395433
125400320.88004808
72940645.65540865
120076550.24254808
149266732.20216346
90377295.77603994
118160223.94017428
98648654.56634615
117905766.96212439
103513491.33212139
112897049.72102568
115132018.38401443
53790385.539340444
87697770.09165415
98581475.55718149
112249351.8798077
163568970.20926982
95645944.3673753
100151119.40603967
96500124.50259823
165817436.3289175
86353724.6548206
132117456.53129601
63804464.87334501
137644703.840625
169845014.2612981
108077121.1248798
154732970.25643817
133563337.1630972
138706546.96404055
66865202.629161656
137181247.17461866
148970143.13882962
103014306.94524865
98869709.95440955
129224093.95928486
140805034.1611929
99856398.96632409
146644339.50894117
93838037.0553373
70556650.29854654
138873691.1125743
104496044.40506123
153768049.75202826
136002964.38922778
90485336.57154882
61995563.43676429
111855917.12049279
114804221.60638522
124957877.67145433
81905683.23363882
134623254.56347656
108448698.24329928
162276984.8196815
100187016.9677246
110063507.30510442
78454314.24098557
78780321.76851055
120976165.46103892
79662920.19638014
131587629.04026443
100245595.25131273
142273326.71292162
109936475.28689905
89224475.2125
127718339.30970553
94690814.38030349
79125043.35323767
133411402.75727351
130495705.65229867
89337018.88103966
93256939.60396446
137205131.88962215
72963873.94181424
121379270.6280048
78017597.56828003
163223045.22163463
133800286.3569242
128322863.05165264
128955160.78086689
80151586.26978666
65257978.43841975
147863980.49544773
54444131.14708534
90655417.78044246
145525377.81406814
125402896.37672025
97772522.54147574
69258917.14375
92094007.38469145
102184361.39187951
95617564.90722656
105150993.58453463
140954994.5003831
94204494.49396797
106914702.33095327
86238101.99842623
126337422.37921424
137986180.2507681
57322099.30267803
129181985.70324683
96511959.29792668
88282600.21153471
124700128.71914062
96599902.98940805
60310510.35615986
129022902.03212139
94947121.7804292
91679953.07412802
72852584.0102633
80699829.85326022
86182783.34208985
139718306.60707915
103229711.05299729
119368614.62938702
79137573.27170599
147471112.41442308
103109210.27847055
108924542.19858445
74875324.98888268
82813391.93068895
103385563.68398437
90316801.63994469
108960269.0914363
81967308.29615901
57035100.61060697
103474154.58969352
92610137.577494
78274140.94863844
135464661.83921087
76453884.28869629
96545586.81079853
103746445.58141714
90817857.15030424
138754426.57025242
85528298.2733774
105223376.08894254
88733884.91106191
104307775.23167068
96846683.69726281
95118337.9348107
120871308.48073918
72278384.04610126
112393351.63529992
99270100.78384352
99659126.94204476
122246892.50072116
108118656.21933594
95398243.67823146
95752205.78920898
80723917.49351338
120930905.85763973
86827658.44025691
128956023.77984713
114394168.24105705
96282456.98533654
139855369.73884466
86808480.37527795
131327952.69547026
82913843.62119047
69330696.55666691
84474800.72331953
67075094.18263221
89680866.30877404
151502963.66896033
129886403.50356069
73628925.1827524
122291102.18296275
109496957.41746615
85772560.22986779
77769861.90564528
108292422.77663386
91585003.93823642
94255143.24694073
59959379.743357494
166023120.37692308
100728184.21009615
68364013.60591947
72892518.83853102
89935179.3449835
93420410.85841346
71400644.24390587
37216287.38232516
88142710.15871394
101301670.85358465
87386929.70613356
102887625.96932091
125040151.08777043
99532753.70642254
71217383.08174494
75844274.89778395
90947990.19939904
81627229.11796875
109825834.2728741
106953640.29139873
67549963.53900991
106362153.43960336
109346790.6381512
61561217.102133416
83316391.98319045
84700156.66556491
115762010.66442308
59825214.34738957
91610579.12518968
43340345.90007004
103155779.27728271
95013360.40136719
75410553.36905049
87684163.26051682
73411638.56170043
106435690.76679312
88742812.96095534
74364691.99254808
135698298.69344953
53217634.63596309
92572347.37457557
82428477.1927894
72709907.97383563
50481827.05432763
60541176.52046063
92192291.6180927
83945530.2434683
90897344.14030057
106189719.687962
79501157.96630654
127911595.50235409
85693724.06078844
93583771.10253906
136023646.9139423
61994711.70060284
73275874.95777941
48586635.27573242
120618738.6230619
64953401.633843526
94884631.1058406
62872198.175798625
86236544.1111341
80187858.82151443
64658299.42231821
70082882.54359224
102889020.30374098
71452939.75126578
75790353.31394231
95917614.56870493
85913070.81850961
61863280.49036865
73694537.49750201
83023910.75664063
97584033.02914287
60646642.372753434
104204584.31056659
63948763.641195916
92171069.27345628
116498118.02079327
64935953.17357272
73313195.18413462
105622126.97073506
102730649.51844952
68355460.0470628
68773043.07599159
75398147.58937612
59376941.740716465
142929503.13954327
55382404.09926347
93130782.49035738
114161424.46275388
60659879.13768029
64481251.81913875
78834638.18671875
61682200.71550481
107859365.19723558
61282708.50595515
43290039.47314641
122370982.49852483
89240923.53441396
40387407.174332164
83959104.890325
71030993.08819063
64398056.41778846
98471652.3155048
74209531.41637838
66645545.675994635
82890786.8219351
58018941.861485876
63029445.48234582
65599595.07496244
57554073.4117225
60369001.01224553
111743246.90545373
88944741.9631911
77023456.38396935
64549843.67764423
72569299.63679387
79754354.87536809
65274771.53389423
93177265.59786658
98950271.29471155
64976856.449789666
49515767.605701625
79490474.50550161
71125422.8094952
83266148.8858173
85298531.5818181
58175429.10766226
89602734.90556641
74766889.08263972
78260899.46307091
62318594.8206557
103433578.68876202
42277446.88565955
71325775.38984187
76283964.53612249
61219794.38879207
82181016.34208961
106421544.7
57935211.087214544
72220943.29236779
120182353.98311485
64494858.93545673
57945118.14176917
95177052.49486366
68032612.87250976
63413304.38862299
73925502.68034105
73741225.7162013
77453870.38193548
75059706.35374475
105059693.32385817
46576149.467848554
87694188.46195914
94592653.35841346
47466679.69379507
52390611.97001014
83334594.05998535
42167078.38583609
84044171.42911659
53133013.09346642
89756113.30906889
67882175.65841345
51586224.475768805
67400980.30247521
64870617.43516728
106628824.81286058
95898240.78828125
55170328.44014423
20127888.72568829
69823076.57464693
66613789.71897935
71620833.43984374
43064598.80905949
63181273.59996244
69671329.57791843
52477103.61662786
57847886.10244704
56142037.03198993
71213745.86717436
74399671.39307392
80496633.53458534
62167332.891060695
73919065.70911959
68016686.56202398
20115615.498373646
73194394.76068209
68712431.250939
86145168.14638971
72947172.00001127
42465924.35068359
60472898.644598626
65190977.06800255
94694636.3495643
44029780.59152644
80887975.94824688
89701160.07313702
96526167.67776066
52746695.613528326
76861918.69486178
101258005.19661207
46936150.12481502
68646697.46967398
23996599.62343938
90755860.5322566
34469761.92638268
59623057.80859856
60605766.39381127
76941736.51059195
42439444.5078125
73156840.25671574
55882339.0946214
50594719.33791692
75830872.99813701
77480419.57355769
46282571.332617186
97304986.88865685
73804632.59266827
76567882.49837552
64440228.40402644
91099328.92463942
54518130.09278846
73198809.36201923
77398717.53661077
86208545.57524602
64770607.936287045
58734190.271468766
69612631.42633714
87951789.03314678
62334463.86332632
61743593.22410419
56782027.16382986
73508424.11352794
45933600.46610882
45685037.381370194
100176259.17084996
53520647.01636118
80303337.97019231
67134341.01091497
45634798.017052285
91909461.43564454
51507326.07592539
64069700.92247972
46143283.08180965
48040756.485680215
67214888.18670624
87849005.93351112
58541272.09540264
67457300.76389013
46743594.69315655
47044232.92204778
50875447.71911433
30498894.638041805
75347028.84164664
64424270.7809683
56152593.45127704
65434055.74594351
55473869.021973595
64005501.311207935
48692137.944998875
32553940.127322152
72480559.52008526
83570536.87439904
52096646.73423227
48365343.86769832
91489078.22776583
53195577.207624696
49861851.36742507
77620280.85099722
51313759.72981896
81729041.59020057
63358332.60302359
73318499.82270132
42926259.80198129
62629250.153485574
65340799.739047475
62144437.25252404
64575346.88968975
55308897.548050635
66738232.37971755
61569437.51153846
46282463.15658053
43307983.41821289
59020016.34773137
72486384.62322716
44583087.02572635
41343461.15501254
55522160.01712365
49862812.94242788
70911405.18052885
41194144.542067304
51348410.06466346
42276815.57163461
90291122.7707482
68254356.80061598
46778107.715345174
70200627.92949407
41818536.34226661
68404494.33544171
52941656.62416335
45150014.48417969
63308697.013656855
43024076.45973746
30331680.849472046
52055817.15884916
52415765.60039063
52364380.44867788
50497281.67654372
31711249.12178157
60521030.16104314
50163576.3098506
84894999.67314453
48693515.973091945
34845296.71111028
47944398.38508724
54253750.369586654
58385261.832222804
33605531.78322566
49252163.32935697
82024603.87067308
59622538.67222243
66107745.61814904
48865469.58230168
71910148.37857573
58186361.803626895
48897719.6610314
31534269.750935245
77507913.53877704
79400136.82429598
39793776.27078576
65993724.28867938
52605898.90252404
33113921.78671875
61395262.73046875
61703819.321165115
50947022.91435547
45591025.5397799
50135749.967041954
59029239.601141825
44031613.420058146
76703466.48285908
44014561.648764625
47306730.77239521
41815771.779469654
39543029.8570397
31083552.086110275
50077210.34014423
47719549.825
49132432.54589671
45922443.740760215
62233111.604567304
45728847.40496169
48475962.46259014
55298260.81554988
33776690.326645136
47107802.550503306
48684489.435511194
42950852.89823092
50170314.239471905
42835737.2628756
47905403.36382212
58943371.7156851
56859044.211538464
52361843.06700252
55767092.82226187
62342248.854371995
45141019.15078031
52455288.98906532
51980574.08822467
71630344.35634014
40047128.39194242
41825254.06470853
53171000.75522179
55256809.14552283
44917969.94155649
76640765.56021635
27342842.743903995
54046220.09598107
55953387.15779748
52456503.09649189
45573632.367623195
38158233.64276029
43944857.93147066
39656447.280915715
57470374.057050966
35859056.06229342
57329007.0120643
45544846.64399038
38435363.728365384
53065467.6865009
51355320.776238136
49203874.00283532
52402617.39822716
43901885.4376216
56861752.14672288
54944204.852674276
45071417.72158954
57069797.84510991
56026034.611147836
46707616.70566218
44353621.87548077
54973686.636506535
25855800.828846153
63569737.947517276
44599012.75933181
53386593.03345196
34862593.52067401
42261171.11507381
36514859.472603664
51567393.3610706
56308210.03551307
62412040.44587214
49103833.78807552
54338524.67970382
46349537.10868859
51148855.49435096
55699587.46020508
29934266.263601333
55213495.38282189
53791641.40782001
26224715.36538837
55425507.09656982
38436141.46682692
55066038.98162091
40669701.07082332
57191678.85225736
35643078.86775701
40268605.40383113
61402088.15902757
43426997.58564077
49068625.58602577
65416642.53653846
44387521.568252325
44948399.584889576
44082171.47373798
66555476.6935622
33356329.71534025
38903454.122998044
41879431.885283954
51602109.654248044
31996388.44696702
63667280.46695369
41725965.13644832
29006911.231272537
43532844.38673189
31841312.27307692
48635424.900240384
72930542.27279522
42395924.30027231
41599407.591789365
61554310.98332332
29109599.571474984
45053170.01690768
41588542.07915978
36616272.75060548
53304984.71700721
48944445.914282225
24144765.166440994
29225636.353319608
32166177.56875751
21358580.592247598
33123854.543870192
53165182.252967246
54440422.6093149
56370983.36473952
45336512.568013825
47710317.63310735
41142416.46607572
48196072.033578254
45807520.57796537
60100803.07642728
41052993.47931941
43914419.93812573
40519970.63398437
52868953.63677885
23542231.253564455
39690619.08316838
45626545.165556334
50088501.333466046
49629366.54972957
29821432.329185132
40926264.30634108
72497119.16670673
21617488.711518507
39850862.805280946
43856250.04286546
55609266.04375
50988426.70267052
27861273.929665845
56893276.933022834
40879058.04684495
38076898.33679387
68816284.9296274
26008236.64695247
41597100.97585637
43854333.93926357
37252390.25637958
34502236.95769231
29617446.43233173
53317048.77025241
27863552.037807994
32875732.4958421
37870142.17331766
55767505.30789372
40575315.838487834
49595730.44495192
37057010.74620643
48463180.3871075
31289354.756832417
45038853.15235877
41560368.05289964
24725203.200594388
44915850.14912614
41744157.26350661
44813314.89507212
34626609.6005634
44928107.11580529
34838456.581941105
29825198.70289964
51028645.92734375
31260256.39394907
32589109.209975023
37215771.424533784
42056526.033360876
39996053.27405818
38802007.22709961
50134137.26373197
34853092.40571007
43186217.754146636
49226891.088235706
26346760.559790038
48474062.53285006
32240693.61662973
20830393.76748798
42357967.5359375
37417312.56685697
35910072.244580075
27749844.653226413
45225688.85555983
29892698.970189724
28104215.873471774
37138304.91595177
36635780.882046275
36818512.28169321
36432289.83762395
35263499.726724006
37801777.39128606
30011511.740204327
39645850.17295673
53021708.115471296
20525992.272596154
33582780.73533654
34977888.896326624
34602470.37637502
24282025.038611777
37286213.355048075
36586961.73173077
13250799.649214407
34299822.283375315
29700380.45968487
31381070.526711803
36281480.74411727
31121332.102858324
25486681.461685885
47302315.87244591
32485883.759911172
38115595.139181636
31067916.04298002
29553491.352103364
33660375.85361328
43139844.34867788
34593151.64471154
50635573.2725323
38388607.97776442
31502314.67606295
25356848.441761192
31823242.50367338
39038867.129522234
34939468.01251502
48078585.73987192
34990806.807451926
56196118.88984375
33016200.792765807
32459556.086930964
48303338.73742488
35365054.861026056
32720944.903936297
39375869.635096155
44676679.96089243
34666012.80551476
27987078.498407453
34631188.294016674
36397239.71538837
24247030.255190805
33507139.02488826
34869354.44678861
25657109.324349243
29744506.329465896
40440466.5952524
36936337.30573918
30022309.609074518
35700672.64771634
15770253.476682693
32473959.43233173
38313923.85721154
22386537.429387018
25712831.462424878
31100963.96053185
39587723.20234375
31549018.17314453
32040075.92483192
27669897.997333437
36864163.07653245
42806733.76483624
29012329.32913161
45440080.935066104
34924280.40165264
37741183.03566707
30340810.626141828
32034522.92355769
54691091.43542668
27384444.89846755
33194232.731054686
25224343.425088033
28722381.23851201
33194671.88333083
21290906.18201247
30024060.63054387
37844640.85240385
37005040.5785344
30142092.745541617
34451717.82053035
24611085.93252798
37290023.27068435
34321301.80591947
31996907.785096154
32033226.201923076
33316456.81723445
33516763.02358774
22467236.331152342
21354552.127616413
33091597.493800707
27297599.0746244
30348801.0503756
31810977.558728967
30800494.51084548
38388015.434985355
32243216.453100584
26334810.186598558
20030568.879276216
31250309.78608774
30553041.72477558
27336333.085960034
36097004.406009614
22040423.16735652
30002475.04133876
44001812.37292668
35267443.238572344
30587491.31319862
36547845.32748695
38230916.41885517
32907489.698913693
17567236.08019227
38469097.21371695
36732639.267628126
21286332.06246995
31800394.71171687
38713500.801201925
33333221.981199294
15185136.06483436
25093997.553160682
29352252.187515024
31435771.08489286
30299047.911305588
29240089.58737981
25924670.83754507
27601880.227793064
20961623.2577956
31611584.06599309
19232685.29002216
41264613.08849253
33476123.40584435
32221345.263025843
26197992.457451925
28223215.46298077
35540067.85215971
24675865.070810173
27479933.322551083
31055260.843366887
19030298.263991136
20531085.042604417
30027683.71343149
30084289.3834208
30593895.278740987
25372551.654759802
34532605.80365835
19652978.882857572
20599692.805769466
30317013.613296274
28782319.90674579
30317847.30114183
37043083.953410454
26352761.90491286
25417349.607865084
22203498.826153096
26831976.036789175
28815816.92389573
50560814.861508414
23566044.992255107
27311903.315279447
23354528.237780936
33390747.157842547
27920975.98500601
19308086.40546875
15629347.059567496
25065383.278809533
22043296.390673827
18349681.68951322
33644028.71658654
35114464.18122013
24197094.410802282
28161694.999160532
19483432.391940072
34762383.07063669
23056620.98005459
21178434.65742563
33125256.504296876
21888885.920252405
27017342.181952372
23129282.554644305
34194417.266671985
22841457.109836813
24133697.837815505
19005126.030008875
26586630.99402231
32228956.768299278
20605817.835018218
23596097.18811223
25339462.63611591
28691389.759038836
38022501.48501317
20570038.976974253
27738492.134083908
25495573.741053186
23436071.55528846
24965541.32146935
28945983.786884014
26367202.365594953
29162559.042307694
25823590.706942867
17463167.47473846
21719490.32998798
27211560.39251052
29660287.311006047
12763178.463161057
38840962.0714055
22958422.041407276
28366129.918164063
22290087.816954628
25598820.25247826
36839168.943633564
18194331.900078878
25901370.011207934
25132094.2
30395919.884089544
34402224.53122371
19859502.115816556
26044622.263185855
25127436.13651405
27503671.76904954
26576714.0394982
23993464.000999097
20919634.32731558
38104338.49165415
17076195.811012622
33722793.64883564
23669091.53454355
26895243.04014611
17467094.914340444
15935059.735586958
31292991.14110577
41708679.58197115
27715304.678290527
13724584.708824744
22523777.001802884
30407888.065534856
33416061.75626878
23211934.27263747
20115239.163491454
25510351.509379577
33754312.4984375
28090920.69717454
22621626.628652953
15703308.888286885
29780086.70802096
23887835.36198918
25203935.70625
27582274.530716646
39839112.52652963
30439508.110634204
15705984.679891234
19545494.275201738
23414776.03121244
16832172.274769943
21070449.673801832
18454763.42962271
28790612.495541617
22990986.55831956
33446861.883682016
15994458.614310397
20354294.29971642
21014503.737337083
22425432.783082932
31083425.98039363
15880042.966225961
34262094.26065955
27612450.83282377
25724110.528844275
15083690.512455398
17942367.24873798
25024740.63180401
20974674.66634052
13489265.70474384
28212441.758112982
28927958.308984376
24863845.900942758
23246358.33587975
19440445.34597919
23742801.461241737
16163895.933836248
27479822.96780724
17983863.737259615
20902643.532096982
16229045.027403846
21824672.35363347
28106987.24500451
27663238.159845322
13434442.38076923
26770900.686018255
18364706.604116585
41097551.49377066
18401162.365394004
19744380.648527645
17838037.255603965
26390091.028109506
17712716.36089994
24050873.341053184
17705454.183002178
16890134.062259614
23800516.431588043
25829157.76819411
24318726.46875
22980031.248185553
23325493.2541795
11541682.05524339
26625859.627848934
16686112.634885818
18388938.337201398
18077539.874776516
24757460.531828426
23176085.78913762
19421092.553170074
23904164.591421273
24445544.499260068
16419180.334840745
20034961.983469803
27798106.80747164
21426576.038634315
18914215.798076924
20633628.516263522
19446958.985186297
21333431.53644468
18475896.893895075
23831548.208712768
20733169.123365197
22874923.7691472
22771098.41068209
14999270.507410606
23765379.47101863
25218922.489070013
12015040.262398148
10427068.191811195
23143355.452094268
28440319.510666363
21703133.660624344
13283521.026262019
17086940.079552285
21520646.10360577
13311780.245432692
20189771.955198318
13600962.530829327
28703098.77998798
18430637.46551537
21187869.932211537
30656310.488401443
10998349.064401157
29720067.2632512
19093604.945958532
24963732.967908654
19225188.152223557
16398847.980074368
18646815.24891827
23776758.260576922
19178538.581649426
22558698.326414138
26573629.70480769
23743862.31971154
22639083.71222215
17610292.018389422
28488896.79702313
21770732.769230768
15039188.341346154
23329244.96975661
21358083.250841346
18714191.0724492
19004975.731253754
25156620.622217502
17418507.246369816
22591471.245192308
14585374.73562716
25272363.218765024
13268657.018954702
19742657.784709286
23001704.8400015
12862283.535066105
15352754.470797025
24124509.655247144
21375269.415609974
12400618.488839017
12327064.358473558
17252092.036979795
15433191.554807693
19277333.4125
20394199.75952524
19450362.92018104
22901458.241760254
19906394.56726262
26189904.890564904
15149503.042592563
17013808.568254206
18256084.525015023
14779546.358802678
10101624.313797818
20826229.46506911
15011783.24818303
24574516.109089542
21974014.944245443
10316289.05866887
15570416.697596153
14006465.172115386
17608798.604927886
10934005.826173283
25645662.6467041
19051181.910380553
17066605.866353665
18611290.272596154
15874709.93015888
16305504.767202524
10583975.067067308
15024655.600991586
17354637.088461537
12020961.818149038
15094420.371668419
22174165.303846154
19243680.724158652
32073603.845941633
17500977.0694289
13526870.543127676
18411118.53288011
17464640.054995492
12879275.016696401
15704988.875576314
11545704.58720282
19988951.127028245
16743750.556689452
20228451.762169473
18333405.74092548
14996617.518667368
14780032.105945822
12659388.97357929
18178321.730419952
17744484.04920358
15955151.314393029
16069435.303260216
11586256.624496695
12006626.30625
19103238.910847355
28363979.99074519
25619402.653309043
15268117.513019502
21464310.132466946
12631627.78727464
6748061.83614408
28390786.271183893
13665863.777208533
15825328.280844351
14981352.39063439
18491455.678958833
14667315.915692609
17649394.2853187
12969150.694551233
18835342.787590146
11572787.036740348
15728837.554837741
14883216.548031852
29174718.800240386
21837791.34968825
20273916.511147838
17835055.111959133
15519683.582768368
27844793.700540867
7946339.552478966
15730486.793840144
16111517.25650541
14059510.840519832
18065910.855830647
13713223.27369216
17683970.303102463
15948277.298388671
13505765.151677059
15678273.36859976
15818478.944668345
11697939.821165819
26937363.41521982
15406150.562454928
12556500.417559579
14105002.24639423
15234985.239182692
13574354.7625
21495922.713221155
24201568.267197244
12222839.171777343
15675178.300623497
16599201.380721811
12583044.008797513
12826659.72738131
14156713.927366287
10959231.579041466
20140993.056988057
9669149.559984412
23203021.928213265
10981335.791511418
13531523.966195913
16150369.998309795
13108201.07832219
16526770.326652644
7523883.010073618
8996399.429731164
14312065.962672776
15177749.180190805
11899365.563401442
17728140.74903846
20464280.756490383
16672834.58233173
11992610.564723557
14586841.441014657
13362877.088108592
16769549.589782715
14595577.702321215
19037307.144411057
11808360.679054612
14328407.35195782
15619067.81491887
8793901.732384315
14867511.766083233
12513179.039541392
13196636.716281392
15422205.113822116
13841556.291038161
15758598.355063101
19236972.352922175
17442589.47799712
12948447.728797326
16446552.109293893
10911925.460995719
11578831.054468712
15334310.53222844
8199354.008134577
15742708.5226809
16883307.858521447
15905798.454259316
8504737.028270544
19138174.62905649
11876637.492138673
8471310.56975532
18326865.23717135
15252648.93033729
10722641.600740727
10412997.992087027
13468535.656301469
14278816.982211538
9510048.671875
15217809.662740385
17681987.844749097
18404437.906544026
13630073.74073768
18282771.41073843
11917126.600049298
13399502.424815662
24386871.398377404
13821765.511865234
13172410.153188618
19011466.78286884
14909693.790448468
14099329.263288528
13398121.080295974
8015053.355316397
17684825.479627404
12536317.54750648
12869729.164369553
18775772.389963944
17523987.470673077
17638569.70133808
14190500.409615384
26000035.788730092
12679012.737496244
15074082.423016828
15078062.853360338
21699325.3047551
7943103.901324353
32421345.2456881
18862575.724539418
8808749.27518874
19214955.088070914
14466334.761301832
8331369.743911274
16448164.830248084
7151527.6579777645
12742753.15494291
14659816.07388071
21264960.50797025
15264745.024699518
16742491.067758413
13981341.26983173
12803144.395192308
11444063.7375
17688144.78858173
10611362.126224695
12973502.2359375
25306546.233281005
13899237.229730694
12939914.671848709
14316900.006280048
11971043.261921575
15878858.200511169
9098857.553603891
15211775.269282883
15422150.846636757
7215319.301502404
10223927.388777044
12710212.682466947
11666459.577172851
15124367.57485915
8562026.900234751
15705375.466000602
11838291.17179178
9339937.057752404
8909515.111057693
16433023.165938627
13747434.23810096
11677949.585045448
14773584.197836539
16911705.465424992
9270945.095043477
16267847.898855122
10990771.824196214
11048182.066278545
21541591.42419997
15638244.85640024
12896379.470427586
17009210.828938175
11460296.22663762
9364487.118682392
11979076.420141602
8627331.20520172
11735918.333605018
11567973.06322491
10479678.376885517
12129395.531610576
10000239.346153846
13207063.456009615
10068860.953481821
11288839.002403846
14362487.385276442
19851927.449489184
15110906.279326923
11397355.519110577
11428182.415198224
22142398.574827224
11401145.401189951
14079042.787672777
13245566.219726562
8424263.714693509
8337819.352758789
13403524.556234976
13638909.068782866
15289647.162560096
10376340.248110374
9297986.315339543
16665718.84683744
18834666.401484564
17633397.628004808
10400548.040320763
16112424.904371995
9414014.740727352
7450222.142623197
12190867.740234375
12136397.124189172
12225306.191635367
12393612.378147537
11427294.533263221
12412453.834855769
10779309.361899039
12891117.317007212
28064529.196191408
14197376.855273437
13567759.105448678
13529448.738236178
11983681.959314903
8881207.367757006
12325322.077839544
11897141.252944712
11276917.751375638
11323217.104544772
16422142.363983624
9984216.746446814
12917554.550202824
9919153.156780066
11662641.614531532
16246096.174692007
13087443.502922175
16503837.528215144
7482407.1949368995
8465089.774569709
13533844.092621788
12084921.97727309
8501655.73860591
12185978.127944712
10522239.596721003
12256263.406244365
8149347.272701322
14848455.08763146
15508276.480528846
15058087.815324519
11834812.024158655
8682163.50641902
17057754.338701922
16034618.360167518
6483676.333672626
11323147.353237681
13802738.931324886
11647640.819014799
13184908.522508122
15498554.837582633
15366976.444996996
11346279.877095854
14297049.441689154
11185686.170238612
14982398.946347985
10509580.49546274
11525218.143276744
11233644.353046123
13973828.487203276
5129459.695259916
15262237.956953313
8047334.6189115085
13121380.171589544
6210196.782356614
11705605.623593375
14867546.278280875
10082095.240587499
12403429.516391225
11836893.143321814
8970757.928057391
12327598.332620004
11393990.247626202
13149563.753816105
15934806.56577524
10209568.489604656
9220693.754627405
8836653.045913462
9428759.747596154
9774688.506129807
9495530.860096155
15789499.171713727
13164125.792871093
6338078.763228666
9047201.478140024
8662437.375345105
12720263.421619592
5865804.298754648
10489558.66045673
12923381.826847957
11775557.990839092
13921322.708713943
13464382.85368089
7020405.3910527155
7659187.196209717
14089753.239884978
15477399.707656391
15239886.358954327
15108127.295117188
7713556.433064622
8828737.515429687
6654473.590692609
11907181.382684795
8656871.871803166
10131670.184494078
11545530.356620671
8612017.825393794
13911081.446183894
12023896.514968637
10966532.06228215
11528849.886774562
10121602.93857422
7901783.888964844
10912690.755378606
7044079.324669471
8671367.51496477
10584693.890384614
13824395.632432204
16328002.477163462
9662360.457396287
5311311.13992826
9555289.549083533
12741839.577764424
9838147.42548077
9055989.179807693
6583202.830491286
9184131.541646635
7574429.385637019
10764023.136370849
6595965.1425884245
6279530.512607046
9585495.681991812
9999676.020793268
15982540.799519232
13288112.037194824
10936572.724969951
12688499.436647385
10921401.262636596
6965335.288649339
14315111.342270132
8072242.143242469
15931897.778384164
7623110.175055167
9490066.977786958
9998157.830573918
4891164.463461539
8246959.679326923
4328420.121153846
18842810.842728365
11409208.159339787
16310572.786688702
9238528.795624249
10977543.666065862
7424174.3482168345
9001227.54743089
13237928.951710863
11286869.760802284
13199483.163157301
7582871.871645649
10009712.253853666
8811927.063581731
9489652.670137845
4669200.58711806
13190987.475861065
5981702.587650416
8213730.601059195
12025626.96781851
9821442.728485577
7658555.297596154
10927302.466105768
8770597.365625
8980583.446634615
14287615.936245494
9505783.741555551
7719125.24015409
7295514.063150494
6571644.316705543
7433831.031910119
7766268.163426795
6934291.02454834
11327406.418019457
13798937.805123197
13683432.844279597
10611085.285359075
10268906.886043489
8242744.14988732
6038279.93422875
12116375.109419134
6595316.103914231
5089065.947783544
6069500.091000601
7433754.224550217
15730497.460111178
13322687.021634616
12679838.080908203
11026486.71289978
11176382.722472206
8822792.137440844
9958514.247386755
11088297.468827702
9128788.271344464
13942229.871519433
11549343.222314453
11290230.596844953
8361877.571068866
8419774.572235577
7374774.8565955525
8770676.282465069
12656821.257489484
7750160.08969351
4539347.143024621
9647797.466614943
6465290.0713033825
7532564.371976177
8940209.259975962
12751022.581561748
9023892.240504807
7256866.991413762
6438466.736093374
6277770.282271635
5272862.1998948315
6608703.83132512
