2.407143767225139e+16
2.576069365124301e+16
4.011202978408038e+16
2.063172271656141e+16
1.5927108400316416e+16
1.0997101598081024e+16
5.030557730104934e+16
2.703570863181005e+16
5.345865439694029e+16
6.12372197628969e+16
5.618580006843187e+16
2.148654430080205e+16
1.8653018058653696e+16
3.5334369243561984e+16
5.624287721842278e+16
9.244600725353267e+16
1.0230317507097395e+17
5.444518494706074e+16
9.801747529937715e+16
1.211320602376274e+17
1.7890628858177126e+17
2.7714533339221197e+17
3.65055175750058e+17
9.708941009475338e+17
1.7801722732153405e+18
7.030948663769023e+20
1.463756115791401e+21
7.436024197630248e+20
2.3077041903417426e+20
8.680706824375988e+20
9.785661131011236e+21
4.573899159490215e+21
1.0993624004086108e+21
2.996362745778138e+20
1.2066080009710563e+21
3.0374614284336114e+21
4.924725247182656e+21
6.699355037607722e+21
8.240561007546362e+21
9.489924837577442e+21
1.0301419297700495e+22
1.1078633967145028e+22
1.1590335085461375e+22
1.2078816506116116e+22
1.2281557284749081e+22
1.2371392873500426e+22
1.2637954320782533e+22
1.2684636365127856e+22
1.2698177070726243e+22
1.2715521963411433e+22
1.2823540360669263e+22
1.2771597425863916e+22
1.2804705867222949e+22
1.2718941585311305e+22
1.273517486294472e+22
1.274065516314909e+22
1.2710034186527993e+22
1.262395359711127e+22
1.2609981619072005e+22
1.2578005621913023e+22
1.2661499649807822e+22
1.2389075676895157e+22
1.2489661410733594e+22
1.232589017412315e+22
1.2331874121021785e+22
1.2241329989385315e+22
1.225248679544501e+22
1.2290850744055137e+22
1.2248264811531838e+22
1.2149181573526897e+22
1.2089855391752755e+22
1.2098672349107611e+22
1.1985271358646701e+22
1.2002847799684608e+22
1.200788285925238e+22
1.1959610375735526e+22
1.193284931824662e+22
1.1872582024887846e+22
1.1818138659903448e+22
1.1783797199816748e+22
1.1710212903097327e+22
1.1650777790507198e+22
1.1645889889575687e+22
1.1636975418733587e+22
1.1531076528050388e+22
1.1516643247708665e+22
1.142075519049404e+22
1.1453173912607016e+22
1.1452611191352014e+22
1.1425602435883603e+22
1.1375635666520997e+22
1.1381229647431587e+22
1.137713972805905e+22
1.127930724170531e+22
1.125214740454315e+22
1.1232237113735847e+22
1.106321337813812e+22
1.115517232615284e+22
1.1101295763810607e+22
1.1014277159033997e+22
1.1017508403805705e+22
1.084945820219149e+22
1.095098024494777e+22
1.0914556837603643e+22
1.0701949798087016e+22
1.0794270335893693e+22
1.0699782440766344e+22
1.0665499844134149e+22
1.0768972807546195e+22
1.0616220295927182e+22
1.063245506889641e+22
1.0536420486364222e+22
1.047345168413991e+22
1.0526264095148316e+22
1.0447501573651094e+22
1.0476195467028513e+22
1.0319814883697188e+22
1.0358591949612197e+22
1.0239785197039186e+22
1.025545465390597e+22
1.021887945238456e+22
1.015179307587125e+22
1.0103270871273495e+22
1.0111604078696502e+22
1.0116792287039884e+22
9.989607405396802e+21
1.004954276938929e+22
9.948158983623135e+21
9.967106480476506e+21
9.822672170145804e+21
9.891444177149333e+21
9.763264387016695e+21
9.805397391118095e+21
9.778031690194843e+21
9.672196579982148e+21
9.769811952371822e+21
9.66533071920492e+21
9.610428479639738e+21
9.545400485650647e+21
9.522464769852263e+21
9.582655598774396e+21
9.472877200059845e+21
9.4709670932757e+21
9.452000104280192e+21
9.313464330784881e+21
9.373349935279143e+21
9.278027370088823e+21
9.292316209787028e+21
9.178963852924438e+21
9.170038052714524e+21
9.221126007278113e+21
9.133198704519657e+21
9.090738564922668e+21
9.055405952278133e+21
9.009688223610835e+21
8.992006326213686e+21
8.99851788036398e+21
8.903145687616829e+21
8.839059535288091e+21
8.905522488708453e+21
8.659283596317506e+21
8.734829967138647e+21
8.77698990487688e+21
8.654451963993059e+21
8.666927524299107e+21
8.598549934106695e+21
8.589975968821576e+21
8.585155991320383e+21
8.465558874604956e+21
8.479346653660243e+21
8.419360430657901e+21
8.447117909564362e+21
8.358968391107885e+21
8.259566664166796e+21
8.326638210467272e+21
8.145539866871728e+21
8.237760727352277e+21
8.190145443925577e+21
8.123109636151051e+21
8.206898421123024e+21
8.037988366231517e+21
8.053274207889417e+21
7.992384247901693e+21
7.978696357278766e+21
7.957353675499355e+21
7.93706545175926e+21
7.936319710196744e+21
7.879451710966867e+21
7.860607084421391e+21
7.729856565734269e+21
7.707284348480027e+21
7.81123293423397e+21
7.650005378191967e+21
7.64088308206003e+21
7.637538983414847e+21
7.667522911794903e+21
7.594778677143476e+21
7.493014565907226e+21
7.62956426076296e+21
7.402690072713521e+21
7.4547941959235e+21
7.450614635566975e+21
7.326248066108673e+21
7.385065692968643e+21
7.240918935714931e+21
7.301341770386617e+21
7.247900772978657e+21
7.18040492953907e+21
7.167895548255351e+21
7.2091591905029e+21
7.199446131171406e+21
7.107537998186075e+21
7.006630432896142e+21
6.990392009548309e+21
7.051381488532486e+21
7.012213541835756e+21
6.902452876044738e+21
6.874717906340321e+21
6.96263494405822e+21
6.863729853325258e+21
6.808837729267053e+21
6.754839719268462e+21
6.682037157724204e+21
6.783148422936345e+21
6.614898831485504e+21
6.627528903961581e+21
6.603025926696779e+21
6.61120107712427e+21
6.486624676866924e+21
6.489376543365015e+21
6.533471516015018e+21
6.335947330717617e+21
6.467061198415301e+21
6.318816235869425e+21
6.399179927771666e+21
6.25281845503245e+21
6.376089858132928e+21
6.257284539323081e+21
6.202058357244078e+21
6.247186800455446e+21
6.250413400890039e+21
6.000733749587688e+21
6.074629076156374e+21
6.180130999161481e+21
6.014409958999082e+21
6.089305718003742e+21
6.053852739622291e+21
5.953741590186774e+21
6.048714730581787e+21
5.940675908795959e+21
5.894996319988005e+21
5.900187035217898e+21
5.868802416984986e+21
5.716198840813025e+21
5.780948165779079e+21
5.812308744289762e+21
5.677014419034065e+21
5.731273303559508e+21
5.676996052791834e+21
5.666293723266411e+21
5.589668485247818e+21
5.516819990505799e+21
5.568127847394942e+21
5.498224812362339e+21
5.399944121088651e+21
5.463867448939455e+21
5.451754802237363e+21
5.384206723199363e+21
5.39839223079479e+21
5.364793671132559e+21
5.441794383575945e+21
5.391567377403231e+21
5.242879333661594e+21
5.201250970212971e+21
5.306002357784865e+21
5.1139038709444e+21
5.218920201236169e+21
5.120800091436694e+21
5.164964381697759e+21
5.188636400850846e+21
5.004146349756637e+21
4.888494755750693e+21
5.127880836368409e+21
4.945402179069495e+21
5.041391404548014e+21
4.920792412837357e+21
4.904932617313665e+21
4.926526282413325e+21
4.878505925708813e+21
4.794904026927237e+21
4.74969939195811e+21
4.773146050809922e+21
4.744965589780255e+21
4.579286326661666e+21
4.6565243049182327e+21
4.793640252660318e+21
4.590685843316122e+21
4.6848138814818395e+21
4.5916915402137697e+21
4.531626297509762e+21
4.4909586037586065e+21
4.4462186268014244e+21
4.4909133918404723e+21
4.511787114318451e+21
4.4764752560554015e+21
4.438365593698453e+21
4.3455704934790883e+21
4.4306456542790004e+21
4.398951558707241e+21
4.387616398667382e+21
4.1540721596674815e+21
4.2028828233398066e+21
4.360491033393776e+21
4.2540757768658013e+21
4.0301888827441923e+21
4.3819072461128063e+21
4.2633146828029333e+21
4.0314446789547404e+21
3.997600000211702e+21
4.1715878636830694e+21
3.921998315159592e+21
4.0765865801884327e+21
4.069677460225721e+21
4.0742079275192277e+21
3.8930452712895524e+21
3.918626662753017e+21
3.9427143764662404e+21
3.9459031624969303e+21
3.973805442686723e+21
3.8254169235046783e+21
3.789344779339301e+21
3.8273424630340303e+21
3.75975245741864e+21
3.714084030852731e+21
3.810779463853678e+21
3.659839519143286e+21
3.791481486673837e+21
3.5976467434297643e+21
3.6633258110302196e+21
3.6580908778407036e+21
3.582672142727362e+21
3.5596684419260094e+21
3.668266774392887e+21
3.527770769577344e+21
3.449612328564515e+21
3.581932294547171e+21
3.338994949701413e+21
3.358048065641748e+21
3.392344920740732e+21
3.538256108284002e+21
3.3748535115340715e+21
3.3869535446387697e+21
3.463854117961144e+21
3.2441892781214505e+21
3.249402634494783e+21
3.3410498973513076e+21
3.22606994662026e+21
3.2004612300938223e+21
3.14959107119151e+21
3.2593258896631823e+21
3.0734592324188116e+21
3.205889866445827e+21
3.1205931408587783e+21
2.965281810595233e+21
3.1656344917541105e+21
3.111880443594514e+21
2.9957445499009064e+21
2.9331398509521315e+21
2.968627716837532e+21
2.991490790101692e+21
3.0133394891224383e+21
2.859279101825116e+21
2.9096672810092997e+21
2.9106589503376e+21
2.8002955696556307e+21
2.8944393748180904e+21
2.910148579030219e+21
2.787065282578044e+21
2.8769282821542694e+21
2.929603427932041e+21
2.616241494713044e+21
2.7167637405510696e+21
2.664334854591594e+21
2.6673145442970066e+21
2.777295972231673e+21
2.5679509748074477e+21
2.494642657705622e+21
2.566064067718649e+21
2.7396891209401526e+21
2.651932040173862e+21
2.6493443395578914e+21
2.507410932196241e+21
2.698439917479299e+21
2.504901569584726e+21
2.5382959301464687e+21
2.469007073513048e+21
2.477651251411693e+21
2.56038932108193e+21
2.345222746039189e+21
2.4593710327720564e+21
2.378365808820357e+21
2.2634715518265553e+21
2.401954159536617e+21
2.2472462016719765e+21
2.3219352151072189e+21
2.229530074278831e+21
2.5570211761174474e+21
2.3739422272512097e+21
2.305472720085738e+21
2.2512425130225702e+21
2.1386008496898488e+21
2.143792011321463e+21
2.239288721561436e+21
2.2221183741481326e+21
2.0381201609933067e+21
2.2111317395030692e+21
1.990333503286255e+21
2.0866813058948708e+21
2.0888237724713133e+21
2.1932823183152885e+21
1.9480872956666829e+21
1.899676603538217e+21
2.0184672724551362e+21
1.9679420083602247e+21
2.0349241621663386e+21
1.9121418064447322e+21
1.9413977899574797e+21
2.0877269480499556e+21
1.8188744637822146e+21
1.9065248237508897e+21
1.9216307325299275e+21
1.829676754307765e+21
1.7809172091300385e+21
1.8057866624164713e+21
1.857534809940865e+21
1.8099848331068084e+21
1.755936100437805e+21
1.8278684886886315e+21
1.7117530283191147e+21
1.7044875566378406e+21
1.8748814134661475e+21
1.6564796244147223e+21
1.6539698110034398e+21
1.6109136866261735e+21
1.6417529481912207e+21
1.5272720635889975e+21
1.8347199568586526e+21
1.6098579124714388e+21
1.6314653764420276e+21
1.6655066137792516e+21
1.5276414192315814e+21
1.5587213386031814e+21
1.5295757724461417e+21
1.5879330348870738e+21
1.5398162224255032e+21
1.4506223768298492e+21
1.4538121227341901e+21
1.54496509464089e+21
1.3955142097319022e+21
1.5078650137561698e+21
1.5376922518336632e+21
1.3796849564422064e+21
1.4378338713252796e+21
1.4343513650568804e+21
1.4610667796190934e+21
1.3590402413455726e+21
1.442841580541311e+21
1.2901644008619634e+21
1.3617096664618128e+21
1.4109856786393848e+21
1.2966850556700005e+21
1.3730750047973194e+21
1.286265221468079e+21
1.3070036402441667e+21
1.3427969086783215e+21
1.1799009262045401e+21
1.303106984229468e+21
1.2299160465909775e+21
1.2534004461794125e+21
1.1856631323941793e+21
1.2298193324486867e+21
1.3223184507349238e+21
1.2977367583331776e+21
1.1563390418326724e+21
1.2542259507134537e+21
1.0302965769601055e+21
1.3346128544056685e+21
1.0910165788384538e+21
1.0998965360105588e+21
1.254212252997595e+21
1.2099564833690993e+21
9.99759272624127e+20
1.2549395799393687e+21
9.523510684686232e+20
1.0865376555505455e+21
1.0384657636365278e+21
1.1014856359769276e+21
9.887164386412331e+20
1.0710089818018488e+21
1.2211049446852946e+21
1.0241284173335961e+21
9.820478055110159e+20
9.337160781086337e+20
9.548243330138867e+20
8.678380538791325e+20
1.0026717959129777e+21
9.934418163609958e+20
1.0002400599218953e+21
8.708403116104609e+20
8.224539566221201e+20
8.857209189120952e+20
1.072759948571524e+21
8.804423417080263e+20
7.63526819503535e+20
8.508846621002218e+20
9.800821975789244e+20
8.473301850992033e+20
7.599288722108008e+20
8.665939652683969e+20
1.2383944566190606e+21
6.897720446057395e+20
6.094864669573382e+20
8.799381111730864e+20
8.144028910296257e+20
9.214127848863784e+20
7.763777921119693e+20
7.986713145046509e+20
6.32897678653782e+20
8.312080878825657e+20
7.813503279510281e+20
7.003546716746358e+20
8.312723658820813e+20
7.185399840439754e+20
7.868191058232953e+20
6.210049617650359e+20
8.113723709016611e+20
5.233582865541969e+20
6.429502240201019e+20
8.622411713573573e+20
7.421016694042384e+20
7.083768093910814e+20
6.894060158104633e+20
5.3880942054387954e+20
7.739121884139723e+20
8.338783112442476e+20
6.842081889393616e+20
5.8376388170819305e+20
5.327415405009919e+20
5.828434585343492e+20
4.809421059818426e+20
7.237748847978983e+20
5.912533937270334e+20
5.916106819546246e+20
7.913277104275954e+20
5.776198670821517e+20
6.081913600450012e+20
6.088956757202342e+20
4.8422558800123055e+20
5.092443997718142e+20
6.343583647329975e+20
7.966836041898179e+20
5.4873284434987477e+20
4.600287254938397e+20
4.520166819813319e+20
5.6855819486027475e+20
5.5642603622483624e+20
6.148047097305739e+20
4.777055823173706e+20
6.225767752095928e+20
5.97921346534431e+20
5.445145427011447e+20
4.161862901863327e+20
6.98315270706841e+20
4.0710205571097585e+20
5.299464475966083e+20
5.2554770021556106e+20
5.5754624753339466e+20
5.2008078230465125e+20
3.9447640354652055e+20
5.961101770363691e+20
4.2651380643704865e+20
5.944155528846335e+20
4.573859921218754e+20
4.5895298757519894e+20
5.0177520397907604e+20
5.763673990245814e+20
4.967856230984466e+20
5.3263406990516604e+20
3.675629706509969e+20
3.972902582424426e+20
5.7152338530585176e+20
3.989029674722389e+20
3.523814604488657e+20
6.059696411171053e+20
4.775660724681074e+20
3.0186911520326366e+20
4.3315749549672235e+20
6.452560812542473e+20
5.0850369895471566e+20
4.676697539430192e+20
3.810966639078193e+20
3.726550157933129e+20
6.741790771035872e+20
4.116030356659938e+20
3.7182359513080005e+20
3.2395147671424834e+20
3.224255882554759e+20
5.449149835818503e+20
5.0063681520068985e+20
3.711848824696734e+20
5.003994152986298e+20
2.853296762893516e+20
6.313358298425894e+20
3.2805237620503636e+20
5.0154252437492335e+20
5.0222973700075736e+20
5.476954992813319e+20
5.911193447740683e+20
2.398533932630472e+20
4.5663873197918283e+20
5.395917975245952e+20
4.11995144859901e+20
4.168703758784067e+20
4.9839757914559794e+20
4.94399640792673e+20
3.2931772715444994e+20
5.4030178743574174e+20
4.083237646043416e+20
3.715777794636618e+20
4.9692025183763694e+20
5.4358314210628836e+20
4.100029410472037e+20
1.0523292648893894e+20
6.268187894414836e+20
6.776975085915739e+20
3.681951308412973e+20
3.717061990029921e+20
3.7262347202448274e+20
4.992366092360289e+20
4.985108229677436e+20
4.094966846449097e+20
4.481583120094845e+20
6.284343863495916e+20
3.68622166520277e+20
7.151145843393487e+20
4.119754898869636e+20
3.233378432605162e+20
3.292316838755859e+20
6.241726826475862e+20
5.416380244151941e+20
5.3993416426270595e+20
2.8937640057449637e+20
4.549800907713953e+20
4.961436870300045e+20
3.6261146321233746e+20
4.9861666362348064e+20
3.246627858589596e+20
4.9662956260988813e+20
4.53641032582545e+20
6.321463183635099e+20
3.230023183881281e+20
4.989834422942769e+20
3.7150577596903195e+20
4.553788996847875e+20
3.7448446501578395e+20
5.402157316671128e+20
5.018834997669685e+20
5.024068731515353e+20
4.99743780981753e+20
4.537757144934305e+20
4.614430339836171e+20
5.451794042055012e+20
4.615075351324535e+20
6.26478758882114e+20
4.6039093649268644e+20
5.3816778046740365e+20
3.21291915574519e+20
3.7116952212043465e+20
5.923889475693062e+20
5.484292540711609e+20
2.349267121097482e+20
4.572849650077857e+20
2.392886147187097e+20
6.676399085641427e+20
3.2524997627279206e+20
5.480185777679929e+20
4.584198322394067e+20
5.437135321680241e+20
2.8207594774180607e+20
5.869841079646416e+20
3.272700978367698e+20
7.102368719550273e+20
2.7990145680687288e+20
4.131827489641574e+20
6.228559121607264e+20
3.2802544847807735e+20
5.005519672284042e+20
6.30392685467116e+20
4.549716061150417e+20
2.3497016357232732e+20
4.9969918208859596e+20
5.409749272318632e+20
4.502805444624195e+20
6.270340704853075e+20
3.260023638848816e+20
4.4517856488894916e+20
3.723821015797764e+20
4.074763658989834e+20
4.5402008907878184e+20
6.30122523691961e+20
4.122887509545593e+20
4.5602801733368545e+20
5.844785361943412e+20
5.447574298104724e+20
2.3654061944644148e+20
7.194876430141924e+20
3.259227642595524e+20
5.345563318934349e+20
3.645370046142952e+20
5.831285076282248e+20
4.076753002027895e+20
5.000267339597894e+20
5.912893568282326e+20
4.151820507085275e+20
3.2942931875421644e+20
1.0742009548747835e+26
1.9946670797497538e+26
1.460320886920348e+26
9.543030952341439e+25
5.885263251684095e+25
3.4066093605624377e+25
1.9001832705750912e+25
1.1305450239818053e+25
5.900959802389197e+24
3.789489570278427e+24
2.1208527377145576e+24
2.1286742064599314e+24
1.4579881950264158e+24
1.2161092193499595e+24
1.2924367366413487e+24
1.7861341017966486e+24
1.0606928639468352e+24
1.4614401699064013e+24
1.0979583704637296e+24
1.0060067939268059e+24
1.5112921754822622e+24
1.2872667861019623e+24
1.1654215672392497e+24
1.5256212846091164e+24
7.749017135626572e+23
1.3855486302971548e+24
1.2838337397456576e+24
1.9291761664886108e+24
1.5322674398117986e+24
1.1419149016167624e+24
1.4052450863942377e+24
1.4025200474872834e+24
1.672290006918292e+24
1.2804650884604685e+24
7.757237750244146e+23
1.158657821361447e+24
1.555297649082033e+24
1.0497977424989766e+24
1.6538147784213642e+24
1.4040211229980464e+24
8.914729025023263e+23
2.3116042600068934e+24
1.2795377476168596e+24
1.403809095920127e+24
1.285328634628882e+24
1.4257882766421615e+24
1.3140908136245448e+24
1.794386431712776e+24
1.0446120568750734e+24
1.0452844883502736e+24
1.932573174266641e+24
1.160932098500135e+24
1.4128518807895362e+24
1.1746518614494692e+24
1.412244445545633e+24
1.2932544357335482e+24
1.2996831305468356e+24
1.2786602889241983e+24
1.2901214776608453e+24
1.5349171104160388e+24
1.4233650755968956e+24
1.5439555657780937e+24
1.4270023418300593e+24
1.4198950463137696e+24
1.292207511794196e+24
1.783657038227605e+24
1.286017661868709e+24
7.976849393776147e+23
1.8979976504260952e+24
1.5256581675419522e+24
1.2926434709341746e+24
1.5369522291038024e+24
1.2884149165506218e+24
2.292382942466591e+24
9.105316548031481e+23
1.7889359715151115e+24
1.5235466530270722e+24
1.657593357899948e+24
7.920353146640417e+23
1.422014731625011e+24
1.78653217591769e+24
1.658593431596064e+24
1.4151457117133813e+24
1.0344743274501229e+24
1.5417215950116458e+24
1.539198598702237e+24
1.54774904344572e+24
1.0397229550305745e+24
1.041391535737028e+24
1.8035251600020092e+24
1.1592930721032861e+24
1.546995106809626e+24
1.406472946389269e+24
1.5121136100992464e+24
1.1566711629537864e+24
1.7979866126325956e+24
1.300041699971555e+24
1.652376249183701e+24
1.2619211638844122e+24
1.6816252203631304e+24
1.293464178782769e+24
1.1635061304449461e+24
1.164173997803399e+24
7.809527411555305e+23
2.174141865017358e+24
1.0512159408694406e+24
1.4201209796629133e+24
1.6778135467456347e+24
2.0595765824479445e+24
6.624052699610047e+23
1.5544815192831974e+24
1.0164753591173892e+24
1.5615523865894762e+24
1.153234677043635e+24
1.5250174512597528e+24
1.54553999503666e+24
1.2977212782473975e+24
1.1600342432862363e+24
2.0414702373225702e+24
1.165199929620463e+24
1.5452718363596225e+24
1.2784670214497893e+24
1.6575547087116334e+24
1.039498922341211e+24
1.4160175518840324e+24
2.1745008223145952e+24
1.8039890414596774e+24
4.177522769020591e+23
1.4201196630637097e+24
1.530365014339031e+24
1.3921052446505706e+24
1.276886564788307e+24
1.1627592478532434e+24
1.0105440918087569e+24
1.8020986733897497e+24
1.0397733011930213e+24
1.1687852913049714e+24
2.3132529971497013e+24
6.665650595855347e+23
1.2756611498256607e+24
1.436443390992041e+24
1.2914867034962235e+24
1.9215162336990964e+24
1.0346520639797419e+24
1.29379157640193e+24
1.7898426309848067e+24
1.1726041301494742e+24
1.1511795262039914e+24
1.5183836150909014e+24
1.2936768860449695e+24
1.429269086276158e+24
1.2779920358042898e+24
1.5114512084218913e+24
1.0162560573186968e+24
2.0419960983034727e+24
9.12097426492883e+23
1.6913418378901738e+24
1.047454222727124e+24
1.4202897726066223e+24
1.4241238817500867e+24
1.6706992181548394e+24
1.288969587762028e+24
1.555877129075674e+24
1.4136411100248476e+24
1.4226077478910197e+24
1.6663278888263123e+24
1.0427799399108384e+24
1.9117048556508185e+24
9.142392664180664e+23
1.1496024692676464e+24
1.1441736299369994e+24
2.1722842385389337e+24
7.700869126677606e+23
1.6487505628310792e+24
1.41542578930757e+24
1.4179812942879391e+24
8.967697095915915e+23
1.917923698765544e+24
1.4272958818094342e+24
1.530808050322874e+24
9.320550179033845e+23
1.2859711467214327e+24
1.293331166234412e+24
1.922340439296489e+24
1.0325980414325425e+24
1.0431576684927975e+24
1.8182981054868027e+24
1.5443752372278074e+24
1.5412404338051572e+24
1.0351794318369323e+24
1.4199895841882975e+24
1.6802136257474637e+24
1.529339485453396e+24
1.0508609647542739e+24
7.850553668714652e+23
1.9288619489352342e+24
1.2827807511464572e+24
1.5233951121068982e+24
1.2927162640223267e+24
1.6616228930086804e+24
1.4217326903206472e+24
1.0386693950371714e+24
1.562816114096365e+24
1.2841886525289545e+24
1.428648532468753e+24
1.4045214865681836e+24
1.0292559603999925e+24
1.5583153158487e+24
1.5281236438769203e+24
1.647150906902173e+24
1.295838320991394e+24
1.4155475489085706e+24
1.5304260937052897e+24
7.788843348148087e+23
1.3023479561860344e+24
1.6490248264188866e+24
1.796641502969378e+24
1.4147852780798912e+24
1.0154408525873721e+24
1.1553847598227738e+24
1.4101749779035117e+24
1.2785189060137214e+24
1.4137935481465098e+24
1.918206518488956e+24
1.5530098114641295e+24
1.2858294933135032e+24
1.5518227879994568e+24
1.2851709019629078e+24
1.5640802573417942e+24
1.2877337604770434e+24
1.310553750583134e+24
9.09347041327226e+23
1.4324998311483075e+24
1.1611630376002645e+24
1.7818831008744187e+24
1.1438937260128712e+24
1.2928105969830716e+24
1.6845956743467914e+24
1.4004519044664024e+24
1.0504426205998129e+24
1.2857061253644857e+24
2.1848497673251072e+24
1.1822305383241817e+24
1.6789659241591115e+24
1.2922923238638537e+24
1.281494452724136e+24
1.7870261121474715e+24
1.0278173648749724e+24
1.5390479915752982e+24
1.0206738573214539e+24
9.136693947134928e+23
1.155046295592691e+24
1.301616704884951e+24
1.423616373922828e+24
1.772077514595999e+24
1.1617335970889437e+24
1.26993448048515e+24
1.8180124459623507e+24
1.8015176610463354e+24
1.0305695312142821e+24
1.6726763786116234e+24
1.4201851857939508e+24
1.6736170166146071e+24
1.5449899283336601e+24
1.4235426473229157e+24
1.1618065327441715e+24
1.2867665121112364e+24
1.280114654225526e+24
1.140329434841432e+24
1.152783736116546e+24
1.911632412858275e+24
1.032080566717096e+24
1.1594571976289313e+24
1.4181254847705713e+24
1.674309417613505e+24
1.0391673293375221e+24
1.690946092517168e+24
1.0271849470380364e+24
1.287458145246398e+24
1.2646104658838984e+24
2.1452862221853096e+24
1.0243465661799976e+24
7.717177374467381e+23
1.3999424253291444e+24
1.6718449123672067e+24
1.4001309191286858e+24
1.4150588655648045e+24
1.7842021612448512e+24
7.872632389965975e+23
2.1709193839690498e+24
1.4125973179168238e+24
1.3935208583066922e+24
1.2834844392919213e+24
1.386806798532516e+24
1.5362085819262195e+24
1.1542067735344408e+24
1.5396703300747932e+24
6.579325783971394e+23
1.3981782623352619e+24
1.53924936813268e+24
1.289223353638344e+24
1.8014625016617868e+24
1.537432748265869e+24
1.277487297409327e+24
1.2884093170281726e+24
1.1601978019212784e+24
1.2820250773171757e+24
1.545938867596657e+24
1.9436596339594183e+24
1.1480968809389506e+24
1.694665456275314e+24
1.1657024951693431e+24
1.1607252146737276e+24
1.2916220448278003e+24
1.9242507590164533e+24
1.0313129180275115e+24
2.1879915150169078e+24
1.419075748232596e+24
1.1767494951666102e+24
1.425904779697972e+24
1.167364756621832e+24
1.5295979798982144e+24
1.695473500001756e+24
1.2886745594837139e+24
1.2828719868972959e+24
2.0465446701730347e+24
5.28415499876093e+23
1.1604775110647227e+24
1.6589564020931506e+24
1.1653879239426583e+24
1.39990558433608e+24
1.5380359861549194e+24
1.1540494871470423e+24
1.0321957692177766e+24
2.1567146181020074e+24
1.1592544459959196e+24
2.0294619618585018e+24
9.110091056064936e+23
1.1392445986152543e+24
1.7744535205911824e+24
1.167618736700605e+24
1.4164519118239308e+24
1.1580784635279458e+24
1.1561968593221554e+24
1.532024541543596e+24
1.543755308717063e+24
1.1675466982468655e+24
1.0455260978852953e+24
1.8983563878913757e+24
1.1572810170529018e+24
1.5295337573712595e+24
1.6517289327355103e+24
9.127454191847054e+23
1.7934172287847306e+24
1.415914685868631e+24
1.0209923293691034e+24
1.1398703878572262e+24
1.921400006770238e+24
1.0315474455113817e+24
1.4031323515445962e+24
2.0670237737760486e+24
1.673638096557088e+24
1.6539827023110826e+24
1.035703785378597e+24
1.2918913890774397e+24
1.2916120566882517e+24
1.5435458848604658e+24
7.812179385750754e+23
1.6548276839987185e+24
1.2920712175290856e+24
1.5329638395849532e+24
1.1609627673099099e+24
1.277806549705612e+24
1.6424222249652508e+24
1.1790132611852429e+24
1.5520642656634518e+24
1.2908286665105947e+24
1.2991066840090185e+24
1.2880114615780038e+24
1.4183757616238133e+24
1.394430282282871e+24
1.5358177964237782e+24
1.6728654141097575e+24
1.5388255259978676e+24
1.0384686918383027e+24
1.1487512738087934e+24
1.0262932499336782e+24
2.6862349040247275e+24
1.786874976269789e+24
5.383121430280036e+23
1.534333147792656e+24
1.4164951438470788e+24
1.9104004723205062e+24
1.681573775744587e+24
1.1573406915775518e+24
1.304101391464867e+24
1.409796730140958e+24
1.669686839639379e+24
1.4103515074684305e+24
1.422993946336503e+24
1.6712915218669444e+24
1.4156840133253045e+24
1.9069008847871258e+24
1.6734210953941177e+24
9.20400852315242e+23
1.0461959649827202e+24
1.9211385301684103e+24
1.2924710485113784e+24
7.687700920841274e+23
1.663893432300415e+24
1.153239999876182e+24
1.1736588337757077e+24
1.668053892257602e+24
1.5423471676586231e+24
1.2976797364814847e+24
1.0630895781264239e+24
1.4115412505443282e+24
1.420583588009262e+24
1.5594977049686188e+24
1.4213655947374084e+24
1.5386956108001543e+24
1.1559104975176366e+24
1.5382383186716908e+24
1.794998811064645e+24
1.0367741901012439e+24
1.8980926379568984e+24
7.920541995239167e+23
1.4320935631147723e+24
1.2813826335526755e+24
1.407357029665876e+24
1.2993562844778915e+24
1.422087150914394e+24
1.5436648916361942e+24
1.6670002568289053e+24
1.5378243487791054e+24
7.715551846625253e+23
1.5470485354045427e+24
1.7938125834704688e+24
1.2712357884198667e+24
1.2803455436453222e+24
1.2864451390417394e+24
1.2756664281851615e+24
1.2786823188447255e+24
1.7854309810695532e+24
1.1642002059384805e+24
1.4241912695335235e+24
1.29936346194906e+24
1.559916930984182e+24
1.175127557256335e+24
1.67116606368475e+24
1.1692654976076014e+24
1.6667284876723416e+24
1.4046658027293929e+24
1.4190211422278517e+24
1.6690914940272006e+24
6.515848229800425e+23
2.0226984574862292e+24
1.0281794120637665e+24
1.1619686336203092e+24
1.665165267131058e+24
1.2751046069463968e+24
1.0553893844228783e+24
1.4194408266254144e+24
1.5434066435523492e+24
1.6701502021979276e+24
1.163690188621067e+24
1.40682330955178e+24
1.2724475051212963e+24
1.5462025437846904e+24
1.2919922941974158e+24
1.676393581767848e+24
1.0252126063476473e+24
1.2966903633380833e+24
1.293817114626567e+24
1.165680909979279e+24
