21.676306183521564
4.128091740608215
3.811982909991191
3.4843980417801785
3.293969993866407
4.102144486170548
3.892494341501823
3.8359893441200255
3.2033960938453676
2.3266614251411877
3.0487841367721558
2.6779272918517774
3.2745699304800766
3.600414412296735
3.114712512951631
2.642327805895072
2.6626421731251937
2.8991135929639524
3.2645861152272957
2.658860039137877
2.670905850483821
3.0058942700807867
2.5684213208464475
2.335324326616067
2.651176016605817
2.5216356623631255
1.941762985403721
2.0702419519424438
2.6654182176177317
2.5834848356934694
2.4092648347982992
2.370627419077433
2.2773784233973577
2.274221503161467
2.4394293285333193
2.3629595838487147
2.6691855859297973
2.394403876364231
2.817986616205711
2.363636784828626
2.2928952240026916
2.42256979231651
2.249844669378721
2.1774349925609737
2.3222938565680615
1.9176815391733095
2.2550401128828526
2.1351161564198824
2.149080349333011
2.01212734236167
2.7114188445875276
2.720645467822368
2.5595898355428988
2.2819363557948518
1.9101705629665118
2.02483390890635
1.7172211506618904
2.1066623996083553
2.484826584561513
1.9516474245259394
2.1819333552167968
2.0063308867697534
1.9706629099754187
2.0294351071119308
2.2358168355547465
1.9161955510767608
1.97859185289305
2.3833523808190455
2.258507144737702
1.5229697920668583
1.9538952036545827
2.0875428550805037
1.5307826319279578
2.34125297877651
2.0323992287883392
2.169949801122913
2.163485575180787
1.506765063966696
1.6026501459571032
1.9851572687809285
1.52045142060289
2.0739765914586874
2.154377948435453
1.7668706260621547
1.5756445922244053
2.0446199268102645
1.8234976321458816
1.9113234000996902
1.7684206713564121
1.6923195199897656
1.85881532568198
1.7552011501617157
1.8624750988128094
1.8017630141514998
2.098841660211866
1.796176833114945
1.8089339546859264
1.8809005035230746
1.9018125822910896
2.3366560417442366
1.639677114927998
1.9103597641850893
1.9056069454894615
2.065929522078771
2.2440887722831504
2.0916003140979087
1.6434248110422722
1.765846115637284
1.8356362748747834
1.6645773860697564
1.983527885004878
2.041039918477719
1.3658948097664576
2.145262595008199
1.5559103681490971
1.7274007184287676
1.7873821613880305
1.7765713299409702
2.602720282971859
2.060531548410654
1.904720278772024
1.44322311975635
1.918031832518486
1.8070570252835751
1.7604666269169404
1.4208605616711654
1.6895004514891367
1.8730732802015084
1.6464171439122695
1.628263003551043
1.8084937872508398
1.5266260088349763
1.789957666081878
1.364455320786398
1.7406582534313202
1.4626250626805883
1.673097174657652
2.0185375226518283
1.4884789272283132
1.5829296269382422
1.4606758357240603
1.9658057371011146
1.4426279376260935
1.798627131890792
1.764292733084697
1.6644517158659604
1.5434925130640085
1.561846181191504
1.763258159877016
1.4743121130821797
1.6676675188283507
1.6616764382960705
1.3539407149530374
1.64048040165351
1.791539217861226
1.5622846768452572
1.3702874844750532
1.4927539923443245
1.5913667353873069
1.548284462796381
1.5203146785211104
1.7714106435099473
1.628446282675633
1.5006066446407482
1.4163066922472074
1.577924826483314
1.5700766384601592
1.6474571083314145
1.4139603909964744
1.306125435175804
1.339728309500676
1.2988211874491893
1.2817923621632732
1.521862324871696
1.4211636840580748
1.8380166831497962
1.7445831281921038
1.4449882561197647
1.38656621674219
1.2870111560735564
1.3006286882437192
1.4357877278843751
1.3314299940489807
1.8998502429431448
1.7162506847714003
1.6379918550069517
1.2444618406920478
1.5653159223640194
1.5270563288663441
1.4339657733360163
1.3957483845118146
1.4090095026848408
1.4280507029535678
1.4939476798933287
1.478766207396984
1.5910372267548853
1.381213490722271
1.2999955542242299
1.4343071614320462
1.6705023260500569
1.4910048577504662
1.1987003493194397
2.1901333737831847
1.5035527397520267
1.5100641027379496
1.7159237921667787
1.3862116046679707
1.4720037480959525
1.728420444119435
1.497215189326268
1.7035724728439863
1.273441350631989
1.783123889608452
1.7147047574130387
1.2252426890942913
1.3386331680875558
1.802223005804878
1.1794499528809235
1.0857509165930634
1.5189513710614007
1.2046001633199361
1.4327801944902883
1.4055806333199143
1.562596185462406
1.4968504963299403
1.4688056190283252
1.2828606790648056
1.559507509922752
1.0812047315188325
1.344475890753361
1.4545122624303286
1.3177139723673463
1.5518711096678788
1.4568677669391037
1.6827130350642479
1.253526325008044
1.2659612864685745
1.4390982060764845
1.5499515225107854
1.6413739292380902
1.4160463301035073
1.591323228409657
1.6208672256137315
1.1624837789684535
0.9881849124024694
1.3086459723301231
1.439422829194854
1.3688434733221164
1.2031752210182065
1.5410651266288298
1.474661091213616
1.4717943384670293
1.310835036291526
1.319190930145291
1.5044357933104038
1.5834388980785241
1.3168007939337538
1.2911148004090556
1.4561367616057397
1.4132430899601716
1.2024959333240985
1.1894790057809308
1.341103883789709
1.2946587275570403
1.421915766869027
1.3892945321420065
1.258038323945724
0.9746603534198724
1.1581687994122218
1.5206172464988552
0.8282854221188105
1.3581880133527402
1.184304368080428
1.4526502183137031
1.4022434279895746
1.0582083048155675
1.3211883894096201
1.298820481950847
1.4421754479694826
1.2359811106553444
1.1850910431777055
1.5123344460645547
1.2465847584777154
1.5819619400856586
1.3103596054017543
1.2732181721008742
1.2363882086884517
1.2493064208815878
1.2420372595580724
1.1862932889793927
1.361449255937567
1.2597481327704512
1.0550650458567992
1.5213212763460784
1.2739910677505226
1.4557976774011667
1.4175744902772398
1.2028436097674644
1.590411241295246
1.2917605490925221
1.3743284948170185
1.118572285785698
1.396503597447792
1.3656308699255952
1.3668900590103406
1.3315807390814791
1.5287157465059025
1.0516085256607486
1.115288254704613
1.005371408035549
1.627956474192727
1.3837285768813812
1.749805587902665
1.2775048852110138
1.3792178366763088
1.011741463216738
1.3396964655472683
1.2407658555759833
1.2571673036696247
1.2342524856758805
1.1817166911438108
1.2366901354147837
1.0385089682271846
1.1081198511860118
1.1483462934919562
1.1393360676960302
1.300920083366621
1.0930382114261963
1.1936092366536075
1.1586686117861134
0.8435829657631425
1.190174786431285
1.1416465012285
1.4365991995598262
1.1059728127259474
1.6430286485558518
1.183619497745083
1.2397650120564951
1.0635814542523943
0.8181154347956181
0.988635825100713
0.9182637287590366
1.2256168292405514
1.3411258013202594
1.4182039754608502
1.1361257624167662
1.092178463620635
1.2427355303787269
1.135469638957427
1.403209297831815
1.114218129661794
1.117563600752216
1.1739190556395513
1.119197709342608
1.1891269978565666
0.9644408325019938
1.118517068386651
1.098922025369337
1.2242905061692
1.0615972505452542
1.0707317714364484
1.1701211966789113
0.8761159538506316
1.1967302314937114
1.065829890808807
1.2217836886071243
1.2765275068294544
1.3929807292440763
1.0817200505962739
1.3225508770690515
1.1051379763234692
0.9417952818007996
1.1172426817293923
0.9930335596132164
1.1009934791578697
1.0008950709580229
1.2020907921859851
0.9700778354389163
1.2120792586714602
1.269865985135906
0.9724630535508577
1.0976228735266396
1.0717591577137893
1.2500588359597784
1.2726183591267237
1.066815877476564
1.3205519638239192
1.1504430673013513
1.2130669169414503
1.0506989487088643
1.036122304917528
1.2550269168729966
1.1808667245535895
0.9351530886398485
1.1877372451771337
0.9443704766006424
1.515968438803863
1.055720705503168
1.1061133838079584
1.0159076950154626
0.9991094698771261
1.1824552501766727
0.8750403466132971
1.1127983489145452
1.4049821608341657
1.1010839612294847
0.9118334965637097
1.1308310923811336
1.0333424113977414
1.1695600484354565
1.2133281608756918
1.1337862694707628
1.1103792974725366
0.9824664917774498
1.0409632887476339
1.003480479780298
1.0493469056243507
0.915337925311178
1.112046882452873
1.092375697209858
1.0099757227616815
1.0500085087349782
1.1388616095511959
0.8311150369735865
1.4102838713389176
1.2734509188610201
0.8452976701208033
1.1536458866670727
0.8981265633581923
1.1158043533706894
0.8896177861123131
0.899508134719844
0.9525497371474138
1.0764455329196958
1.0830394155560779
1.236343382556851
1.1072638961558159
0.9356388790461306
0.9981938200214735
1.1994996500846284
1.078189779431201
0.8345448581215281
1.1171836706738059
1.1088447849194591
1.0452490077568934
0.9694615252817479
1.0005640086861185
1.1617948323918077
0.9889510867329171
0.8640730447207506
1.025870529934764
1.0215329369816644
0.9793974462466745
1.1338730983507748
0.9272477781829925
1.0512877651561912
1.3491514194756746
1.0437085290654347
0.7983050180455813
1.029561769374861
0.8413677493755061
0.8448468900572222
0.9702638767552204
1.0271586122421117
0.8639351374899539
0.7989541838375421
0.9079970379861502
0.8379921657033265
0.7732264787030335
0.9564429856120393
1.0192628033029345
0.6798392775683448
0.806018089194997
0.990711062731078
1.2121534856501968
1.0538195448282819
1.0363846893350666
0.9385783045051189
0.9904257742079118
0.9926270249801187
0.947844823062993
1.1899675319329477
0.9158586080902471
1.1251408277795865
0.8269682647230533
1.0234918193748364
0.9686375582375779
0.8526261653966055
0.9171589141926513
0.9539923334852434
1.048827994041718
1.0308134647802665
0.9661742519802199
0.9162811854710946
1.0505600214291078
1.0299282150987823
1.0637194271844166
0.9112126630874208
1.0281508619538866
1.4251259336821163
0.7459421274467156
1.112392414547503
1.0773300289248045
0.8743190329235334
0.9499534227670385
0.8821348640279701
0.8575410363980784
1.0841918785268299
0.9038449053867506
1.173174910340458
0.9248001712446029
0.9573537233643807
0.9581617684031908
0.9784232559184042
0.9837460070203703
0.9027961359502604
0.9099887867959646
0.9156743906868192
0.8679373438613346
0.8930719370380618
0.9335607902719998
0.9542671820793588
0.8944293657747598
0.7279963052186829
0.8130461069468695
1.063304027563964
0.7296607633407872
0.9943387752112288
1.0309277098625897
0.7515757388793505
0.9865917087962421
1.1887232333063507
0.7733443228599544
1.078695612289728
0.750758034019516
0.9250030687651956
0.9004204849784191
0.8502185839944734
0.819564250527093
0.8741285030085307
0.9689831425220921
0.9582637779271374
0.8656305513058145
0.8567438340101104
0.8775158831491493
0.9022010869131638
0.9095266954543498
1.1990975891454863
0.7885339320422365
0.7927781270458721
0.8305244594418372
1.0732952315217028
0.7942224520186966
1.0576678996762403
0.9740838333462867
0.8779262505328426
0.7982539128798705
1.0039803044010813
1.1699055260333877
0.9390225260876692
0.8405015853376916
0.8379699642375972
0.8423456388454025
1.0083869684774143
0.7241014412675912
0.9869254718391368
0.5889730747216023
0.8517895532628664
0.7943349246258059
0.83071216787928
0.9110136602217188
0.8794998885920414
0.7743887252783259
0.8968399592818549
0.8216749114629168
1.1115132994519976
0.9367116609588265
0.905608588980081
0.7315926602181907
1.034454900943316
0.8865615717708492
0.8825880742990053
0.821603772817896
1.0346945313127855
0.800175859965384
1.083082285971166
0.9681823165227588
0.7421967859666508
0.8891202483469477
0.6575337467285303
1.0487454192068142
0.9719829577021301
0.7380173901239266
1.0018792886860095
0.7567021218415063
0.9610763361749167
0.6789775101467967
0.6601356058094937
0.7806779583128026
1.08336926952291
