21.486096184070295
3.8740789097089032
4.006309922841879
3.9331668409017415
4.1628708706452295
3.7620370044158054
3.7801581625755016
4.197971522349578
3.21872122494074
2.793978940294339
2.7989010301920083
3.462609097820062
1.9822633424630531
1.9436324435930985
3.5506666677502485
2.7790592240599485
2.997494400006074
2.5679718116155037
3.0984233632683753
3.761435831739352
2.7203966294343656
3.0854883464483116
2.6473928223435697
2.495283506008295
3.011987309501721
3.0026054692382997
2.4070619692022985
2.811393218430189
2.8382533246508013
2.8022688964238536
2.566140071474589
2.509828829536071
2.4693263233281098
2.6133290763084704
2.4360707060648843
2.2538069217250896
2.7926388065402326
1.971353608599076
2.4084615628306683
2.361045237687918
3.0873940392755546
3.0394531172055466
2.137022429188857
2.483634436990206
2.589653090903392
2.472198089097555
2.3470005360933452
2.375047749854051
2.902384410569301
2.7535052327009346
2.762548773506513
2.2915500178933144
2.4390043278726248
2.4826421966346413
1.9722315031748552
3.1262331524147435
2.2630592143306365
2.4707856683203806
2.4942012560482207
2.2054560136336545
1.9496375341254932
2.0278603789898066
2.1251265934453563
2.1987405149695967
2.1967488404649953
2.549389578573979
2.226512621916257
2.488179176214796
2.1377000395208596
1.873540187584093
2.1753771775043926
3.059760998819883
2.0252748374182445
1.7078006026263421
2.0513902014837817
1.9263510251561036
1.8853841661260677
1.4805287544257366
2.127394453636729
1.9749047063291072
2.6302913225040987
2.2229723999706597
2.267220492603687
1.5988566266802642
2.235897235228465
2.197841294969504
1.9323666708973737
2.1928698178380728
1.9750954521390107
1.7215168905086242
1.8735440155347953
2.054012012682282
2.2541879421816424
2.1589529115993242
2.170384213729547
1.963311066163274
1.9017735063599852
1.7762565691310626
2.1486743474809025
2.093596681723228
1.9861282417407402
1.747409229610975
1.8064888583926053
1.770363558169741
1.7190574388377942
2.1240307489839885
2.0914263567672324
1.587131632778507
2.4269451399262136
2.2551662547084
2.173060442564579
2.399509094139704
1.9387702600887189
2.1302021333231376
1.5453343502604044
2.7672103850887373
1.865837857958216
1.915154780447483
1.9066125446787248
2.344054998658024
2.2368475650365536
1.8088585973932192
2.0915893575319875
1.8086009450829945
1.836779189009506
1.8384805258650045
1.8746615290928346
2.3698452678007573
1.8891688807939107
1.8113352136686445
1.650236919350349
1.9283652188972784
1.786819068586024
2.1211067840743523
1.6456767297851351
1.9906690107228664
1.827181057073176
1.2589378780900287
1.458156318976902
2.041532587890442
1.9472169112557403
1.6751880573825195
1.5692072820491516
2.129709198153936
2.1278976248147394
1.3173794818755526
1.379580584863344
1.7590280979012067
1.8580202008096072
1.5945391964024076
1.9863489917980937
1.7517738587008074
2.000048615382268
2.379362403372159
1.9739760194833462
1.9770186146864523
2.4058153092288053
1.8361338859280714
1.7382433938865478
1.7383520897477864
1.788710279834385
1.9629569825071556
1.92032313930014
1.9713815822624243
1.8694029869081883
1.7504884282986706
1.5393275605801207
1.8684942328156187
1.5656794239981817
1.7334005705439128
1.1943769479958484
1.914243441189711
1.710503167945605
1.8959079408588317
1.6199193773647913
1.8009775096120744
1.716512644262268
1.375996291408172
1.9097519279385988
2.6347148947990857
1.3677355865876262
1.6684825273660513
2.1144845048108927
1.6070359645124812
1.7338831424999697
1.3324885525955603
1.6256451672802752
2.6209492095961022
1.719317322324675
1.6440871126233385
1.6144402670602387
1.655272789657689
1.7993421218859462
1.608105032532834
1.7172724496286649
1.941059967273703
1.4793017261016828
1.764167518985386
1.4590725692992026
1.6587175529378537
1.169220789636557
1.9310164106006806
1.2743308769395718
1.9058634356523936
2.2049748577034243
1.6067348261936927
1.8276094281329558
1.5043009308954844
1.3299967348718873
1.611863052759033
1.415600808408971
1.412096904984747
1.7423415692379842
1.3972949946155915
1.4187066579667422
1.458521167976925
1.9789035998786297
1.857531984265034
1.2617271919304935
2.2621959579678683
1.5170073960262995
1.5330181981938389
1.7763314873409959
1.7295290998971233
1.5418435969461615
1.3791453252045007
1.4453813294808453
1.4275433465838432
1.3910504492143025
1.3750019309898982
1.5362160807618728
1.7436636200891091
1.6682500179283895
1.3994050637532311
1.4477913517791492
1.4878443410476814
1.5371279627192191
1.730534555333165
1.9019909370690584
1.2559190013374273
1.7942102329232372
1.676599734577422
1.327563968859613
1.3470828580741698
1.7889768685858982
1.464293496998457
1.6201088062272622
1.7709123395956479
1.7217739215550514
2.145834177417251
1.1494836752159665
1.5998561911858045
1.501302540431229
1.6115323001662125
2.1054835002009686
1.5744047047427068
1.642763875123973
1.6634690226700444
2.0328430416922156
1.718543302296446
1.6326820517818514
1.3798087935321606
1.4164104163646698
1.158488930733158
1.1842636117389282
1.5064571495812673
1.1631965731485532
1.7071459139482332
1.2826620469586207
1.2504871494924792
1.1617818728089333
1.4556583339205156
1.718451342645746
1.4585138261461488
1.4276940904557704
2.0086573388284217
1.2887734505132986
1.6145043548339835
1.2729216642391223
1.1193084159579414
1.5301597935219224
1.2838054554393659
1.259521737537132
1.38604502220853
1.4017751809317045
1.5173511036098577
1.3862850431066294
1.3653087825012895
1.3980748694533338
1.3639617335266219
1.1912950455067823
1.466301556963187
1.8958791804141724
1.4176960802851961
1.4751320265806638
1.389345902734651
0.9832951977275886
1.2121790893375874
1.922428630464352
1.4925079281800069
1.4878599295535913
1.653195149422838
1.354175026815098
1.5326330615279193
1.07354129557856
1.3263946995783884
1.3193426846025083
1.3549581641044754
1.1377563326977767
1.6962205931186103
1.324104428749818
1.3363752603459245
1.4223896032055983
1.2580626512806004
1.4438188772362013
1.4364596193083203
1.5433092400718194
1.3547992469313053
1.3542174891998562
1.3942928089473683
1.2796276873407455
1.3125244775357154
1.2977509669816265
1.2890788736108405
1.5528911505825818
1.60138939066002
1.4495791484816716
1.241338838149722
1.4152336345054208
1.4242397313794264
1.6591514616201704
1.5574414144055202
1.4178981409551432
1.055648016442473
1.1234958808152722
1.1663001109917577
1.61518695107303
1.4496924253323904
1.1504223832000906
1.2856962534813927
1.1300555205259186
1.2840276098165375
1.2545398463566715
1.7583434090949595
1.3793768721417738
1.257294236911604
1.2901140777680737
0.899022564986864
1.176828647383417
1.2349565578552966
1.143551934381517
1.2368068972459205
1.263646283853226
1.225421843978648
1.2532393421977759
1.4716297059821395
1.3547963377231589
1.1253074048087002
1.378139233768273
1.2263044034345791
1.2604618969588326
1.4576703450427606
1.3895471021676293
1.0947853470077882
1.288484799184908
1.3616445534504378
1.224546714256016
0.8878538484112002
1.224782037620361
1.3284126839099022
1.3359181676919645
1.2358374532455436
1.280135331589442
0.9826667031237426
1.5009560317159272
1.4270285848098305
1.2820082544707334
1.449819232709706
1.409242638422606
1.2979503008393714
1.2129116096462196
1.3298187770379277
1.6356425228313758
1.1710304339631246
1.2557153292143575
1.1692685602662656
1.199429928461233
1.3048098886958681
1.3002826992816363
1.418479064751703
1.199883200428807
1.010392365183753
1.1723806546714444
1.2657921706899427
1.0451461220446687
1.4018749167784474
1.4875455695562638
1.2941830328379114
1.0585537486208172
1.2732560694790804
1.2901546488945874
1.142017806436007
1.6176031057507947
1.0531421198509634
1.181046965632301
1.198854195412535
1.0237695407552214
1.2836980709662804
1.398364767876382
1.4914669568220584
1.1464985573664308
0.932604306950592
1.1356858818218685
1.261303157173097
1.179781081670752
1.1566119184430974
1.1462941999762104
1.1430042028283844
1.28319926385123
1.0554444382325388
1.0250700525437983
1.1010488722831584
1.1555437240749598
1.1742192640757332
1.1121577214019802
1.359084434255671
1.4311612909229903
0.812207834676911
1.039364114561333
0.9293025571852922
1.1045530095194969
0.9422355968218583
1.0039746244939474
1.5020481440310294
1.3452310342198381
0.9835771685036329
1.001126498112885
1.3246698554461964
1.0911544181334858
0.9806912622271249
1.083874668725408
1.0954142985149071
1.201530495321808
1.2028538889036728
1.334220126722581
1.1953136302674046
1.4780109010063684
1.071730351784768
1.05546216291662
1.0582870280370116
1.2341890512177578
1.077799585690865
1.1463450111627864
1.0644846449964322
0.8498186067713854
1.143187397904694
1.1717823610426141
1.061788619725177
1.2665853909503382
1.274322819423217
0.8626331688119815
0.9727709295693785
1.2376289000304845
1.0487328929969897
1.444219966354565
1.246191688053883
1.10790546529998
1.2160454674265706
0.9387185712559865
1.0357638378126117
0.9750510445151191
1.2461156972182486
1.0356392347038939
1.0511254475953486
1.0058505689367079
1.033262240471175
1.0911735704705978
0.9982982211531355
0.9919551668366274
1.0168138389260724
1.0322571659532305
1.0096560670242
1.090138519863383
1.0862953377171205
1.0007764572922426
1.2739601388430366
0.9425291300070687
1.2063281069223124
0.9486855223130148
1.0131689472553822
1.2218881698898398
0.9165143404514171
1.2089504530151876
1.178436426123461
0.7969769216858997
1.1047558127974089
1.2265602093763077
1.2394443514971778
0.8176520766117252
1.1833386316035803
1.1405752964676
1.0866716888518289
1.0773442758533818
1.0027341454648055
1.0839885882889995
0.9697033546148585
1.2731261163949967
0.9530122496617528
0.9527802375503458
0.9812843786409268
0.9648904955516068
0.9805793482380417
0.9708229794596823
1.0178130130928296
1.0819547984605797
1.056320184139678
0.9839440181063345
0.8775193048354525
0.8753601523259511
0.9648044480010867
0.7913834213637388
1.041300587499371
1.0295292319515004
0.9661883235264282
0.8573827719100966
1.102983128136167
0.9662634568790404
1.2274561662226915
1.0434304367750884
0.9976130951983997
1.08034320922855
0.6840555906582337
0.9322385006261846
0.935907697190459
0.6846513641066849
0.9227683873417286
0.9499680954389847
1.0047154476293005
0.8411266457074537
0.9606607012092494
1.0322375172462601
0.9472705619911161
0.9223687950664988
0.9515832564005485
0.9223663237304068
0.9329235315609437
0.923266227135005
0.9316724462148088
0.8112174059336003
0.9331167342141271
1.1371032087562176
0.9304279914555641
1.1375115115052232
1.0767771929215926
0.9885062391941364
0.8344592935584773
1.192169041150751
0.6138789722391476
0.8646304882024056
1.2562574636764252
0.9113160343124316
0.9029481005639984
1.0204627308994532
0.9301851557281154
0.749444177861397
1.004926766655766
1.1060578255985791
0.9909491824416014
1.0179157622230168
0.8524499618806518
0.9158297213439185
0.8901274155323895
1.0688481673992312
1.1292401660950138
0.9615309848772505
0.8997880691948992
0.9805061686139267
0.8713209136926497
0.8658300361237847
0.9900050680654553
0.7917862350550982
0.9869497650911888
0.9762766120274766
0.8020339401725393
0.7351088776038244
0.8882593160638442
1.0376213571200004
1.0688885935510581
1.0569204706698656
0.6342362431809306
0.6915205673816113
0.6113367934353077
0.9712893876605309
0.7103016533387395
0.8053815533621953
0.850970394587001
1.2572366292516772
1.0225451375357806
0.9261149306495029
0.8771503437238817
