4.840036100023643e+24
1.5276615885537833e+24
9.947036899925533e+22
1.0551419378238394e+23
2.8363934447005883e+23
3.9965447827997396e+23
4.616233593080322e+23
4.799061825229415e+23
4.885639689783034e+23
4.881632339311954e+23
4.870854521405383e+23
4.847317502898562e+23
4.795295449941144e+23
4.792942656767668e+23
4.7846453574355395e+23
4.69479699541019e+23
4.7053999830266374e+23
4.614764002763831e+23
4.59849818787075e+23
4.534813255240679e+23
4.519052493350423e+23
4.449829793155776e+23
4.390695719767127e+23
4.370133660920121e+23
4.3356639227831046e+23
4.343542684642722e+23
4.253603892547211e+23
4.263951862591433e+23
4.190331246503886e+23
4.216631678162772e+23
4.098961821610133e+23
4.0576856203959425e+23
4.0462491474520406e+23
4.00449430035392e+23
3.987152588219405e+23
3.9138322224220084e+23
3.876898057099648e+23
3.836195677473121e+23
3.81073169964932e+23
3.755047657659338e+23
3.7412260297249565e+23
3.6920445932215845e+23
3.66420101061033e+23
3.693210600031612e+23
3.588044342973107e+23
3.5674224763230485e+23
3.511010953241651e+23
3.486247549849995e+23
3.5183785239408164e+23
3.4141831081302783e+23
3.3911532380434345e+23
3.379967227128773e+23
3.311572389116818e+23
3.268056878808694e+23
3.2363412250177425e+23
3.18460167982571e+23
3.1512745485686816e+23
3.1681071340149165e+23
3.1154713150277906e+23
3.073106847421975e+23
3.0457809245769686e+23
3.023892815909079e+23
2.9877605433009338e+23
2.9711541358116414e+23
2.952344481180769e+23
2.8696832850475246e+23
2.8540632542908517e+23
2.876909175265357e+23
2.823102505473807e+23
2.7741524821547233e+23
2.771644880092559e+23
2.7006819757397614e+23
2.64677103905171e+23
2.6565828641254217e+23
2.6005740391079808e+23
2.577609815478626e+23
2.5501975041987554e+23
2.5255627158762124e+23
2.4836200438071292e+23
2.4707862724384725e+23
2.4350987598570375e+23
2.3915845403966102e+23
2.3705874294048885e+23
2.3598304164708293e+23
2.3216434503033165e+23
2.288279083395087e+23
2.2584091240906366e+23
2.243680016963218e+23
2.248794901496084e+23
2.1859651444134145e+23
2.1463549656115608e+23
2.13633830466984e+23
2.0957541171803795e+23
2.0751376338514958e+23
2.0390005912958684e+23
2.063750326953391e+23
1.987406088536105e+23
1.9785641211020975e+23
1.949632620230232e+23
1.942255893132806e+23
1.923282216850916e+23
1.8990348386675087e+23
1.832053116385307e+23
1.8209934074025753e+23
1.7988927409892295e+23
1.7734265229699823e+23
1.7441707413739785e+23
1.722073470619493e+23
1.704151327381347e+23
1.6779042177894598e+23
1.6490163620475782e+23
1.647115536317982e+23
1.606138584655424e+23
1.565756324205943e+23
1.5625130422906862e+23
1.516401700259281e+23
1.5237215151195508e+23
1.486530143420288e+23
1.504594231277266e+23
1.4532945932761239e+23
1.4276154489346172e+23
1.3888312048853332e+23
1.3711462267294537e+23
1.3554515307116706e+23
1.3254090111523446e+23
1.3238908471653692e+23
1.3247182926960226e+23
1.2829651647020047e+23
1.2650166408692317e+23
1.2285239443540252e+23
1.2475623669260675e+23
1.1938456878964949e+23
1.2153356225458453e+23
1.1622971579907093e+23
1.153779129228304e+23
1.1343166095867137e+23
1.1394918340657529e+23
1.1055655057856643e+23
1.090091513779068e+23
1.0770728406347899e+23
1.09122984969936e+23
1.077163319885365e+23
1.0138935169119883e+23
1.0061982543573353e+23
1.003787202840115e+23
1.028058363345088e+23
9.549686849064446e+22
9.344074878218453e+22
9.202019537146153e+22
9.02818923678317e+22
9.043737107716856e+22
8.586506956244198e+22
8.570141038212063e+22
8.619375886854426e+22
8.475622370983984e+22
8.06755935667144e+22
7.977498811003329e+22
7.87756936445803e+22
7.80360157278257e+22
7.831498092858942e+22
8.284183916138519e+22
7.5256163331942155e+22
7.448960644062135e+22
7.240656904874196e+22
7.101166722972475e+22
6.9823087577111214e+22
6.6461126196625934e+22
6.924262152223122e+22
6.469601481166332e+22
6.134284263410725e+22
6.2126822377507965e+22
6.09621111398128e+22
5.99761142568105e+22
5.897795197696323e+22
5.742305225215977e+22
5.461565751253668e+22
5.725223106366168e+22
5.275774418002799e+22
5.329032666508584e+22
5.236460691271214e+22
5.487889633680773e+22
5.974150366874864e+22
5.514998294590921e+22
5.561683869612434e+22
4.7007419408770274e+22
4.81082635252713e+22
4.767800111072168e+22
4.4088880997049995e+22
4.360708545302805e+22
4.450863507693779e+22
4.154935743454167e+22
4.110762175457325e+22
4.396685459748884e+22
3.781721376528112e+22
4.232742566465727e+22
3.734244148817499e+22
3.8984414229523075e+22
3.824269039376843e+22
3.5542057151121053e+22
3.2672050786125094e+22
3.440674463816889e+22
3.3722564178995413e+22
3.2632263859549598e+22
3.238379953592726e+22
3.3433626302538437e+22
3.312254656140183e+22
3.245289695606502e+22
2.579588210254988e+22
2.730883839146824e+22
2.4879196830054736e+22
2.8515452511929774e+22
3.0021325236121037e+22
2.9557743834231617e+22
2.9398562205877825e+22
2.67315326029332e+22
2.6033032871036683e+22
3.035158021828841e+22
2.716521044348443e+22
2.2927974508229657e+22
2.4755411156630245e+22
2.6578259699017355e+22
2.629609137691177e+22
2.3923922894135715e+22
2.3838174370181883e+22
2.325435232282795e+22
2.3089831507022135e+22
2.2998230116735086e+22
2.2592192744172485e+22
2.25546338824218e+22
3.2871974679860793e+22
2.004634105821578e+22
2.0007081486449467e+22
2.4282269001055136e+22
2.8367205359156736e+22
2.192516103981173e+22
2.1961267531263337e+22
1.968143677720548e+22
2.3993152801755086e+22
2.396134245480543e+22
2.3879607524987016e+22
2.6070910852789225e+22
2.3990303899322052e+22
2.8165644700978042e+22
2.176083863580334e+22
2.399075621476959e+22
3.4798685840600876e+22
2.1797888047124733e+22
2.1818472531035106e+22
2.400046218906401e+22
2.18236041053828e+22
2.3709519130013634e+22
1.969316542134681e+22
1.9657140319536846e+22
2.3951221105038593e+22
2.38802045297161e+22
2.1684789126842416e+22
2.187475844411439e+22
2.1767993791014156e+22
2.381600560877663e+22
2.17410952799476e+22
2.174839432630245e+22
2.1900244531259053e+22
2.403724064457809e+22
2.170768325325597e+22
1.9451913571407323e+22
1.964913800269122e+22
2.1878499405936846e+22
2.1749799421608343e+22
2.1753209645476423e+22
2.175233371748753e+22
2.1827396130198126e+22
2.1757172512071197e+22
2.179665617449291e+22
2.4011393035770723e+22
2.3860548586464807e+22
2.399847061536212e+22
2.1863218873233738e+22
2.1810836899158794e+22
2.1593948085892097e+22
2.174965305646871e+22
2.612553439296326e+22
1.9725695105674097e+22
2.1827543156407317e+22
2.1818685619599414e+22
2.387569600214507e+22
2.1748544800121413e+22
2.1790429527846228e+22
3.277291767063153e+22
2.1585551114079786e+22
2.811128683930627e+22
3.02980014487817e+22
2.4013465902667524e+22
2.6087712710954874e+22
2.1961808520826164e+22
2.1699266927145205e+22
2.3946556643797637e+22
2.1770496078706802e+22
2.175184561701077e+22
2.8307419271851145e+22
2.1835188239833984e+22
2.189181235572865e+22
2.3877150547102765e+22
2.3877434256475977e+22
1.9617420002873253e+22
2.1696057257928277e+22
2.187945183558388e+22
1.9598369136891218e+22
1.9545332352423576e+22
2.1771817087720978e+22
2.175581138441402e+22
2.1658441438831047e+22
2.811561140506405e+22
2.160497931496147e+22
2.383239780491002e+22
2.1749174538148097e+22
2.1943009899466107e+22
1.9642579825740265e+22
2.1930577333869148e+22
2.1671573311523385e+22
2.828164923727214e+22
2.1653545034586897e+22
2.3951780070496785e+22
2.185467386724338e+22
2.180385540849081e+22
2.170517338837675e+22
1.9509904887973354e+22
2.1692423556257737e+22
2.387438122200592e+22
2.1771896995072547e+22
2.1655091608478967e+22
2.160226001236873e+22
2.1870538582811793e+22
2.1947462210720956e+22
2.3824795659719368e+22
1.9614786403839162e+22
2.394797859168925e+22
1.7364683030448856e+22
2.6248830767389357e+22
2.1832484715125176e+22
2.168023376995141e+22
2.8358842258940106e+22
2.177721573962191e+22
2.1774734112143985e+22
2.1644615488833287e+22
2.1645982310840947e+22
1.959717273635951e+22
2.3899071440839464e+22
3.0550583146919194e+22
2.602909021239984e+22
1.7415139699858229e+22
2.4079623082268456e+22
2.174817653750806e+22
2.176689715901408e+22
2.1747576250783987e+22
1.7470228863226546e+22
2.172160669693627e+22
1.7501764074565318e+22
2.1750789362328984e+22
1.9612989011809918e+22
3.0278899408229974e+22
2.1701345402151655e+22
2.185203376137368e+22
2.3985315411815517e+22
2.1736444866121165e+22
2.176679049860191e+22
2.1673140165725297e+22
2.404678919684159e+22
2.181408015416583e+22
2.171008780030092e+22
2.390885931560998e+22
1.955580375776812e+22
1.9557827644956533e+22
2.1876774119097674e+22
2.603070783260507e+22
2.383127476342312e+22
2.3861781378868464e+22
1.9549664067786073e+22
2.3921602558079244e+22
2.6072810033530706e+22
1.9537509322658993e+22
2.38871627296114e+22
2.3900375919040336e+22
2.1757241593901095e+22
2.1769975103763247e+22
2.17982219544922e+22
2.406316794505737e+22
2.1793083204043587e+22
2.3855512969559316e+22
2.3856424584417345e+22
2.392122530314714e+22
2.1696999274593108e+22
2.396004356498371e+22
1.9676371636375647e+22
2.3828949217502808e+22
2.1840397380315477e+22
2.1750702237209724e+22
1.957047395259196e+22
2.3901438936420165e+22
2.1680334149656357e+22
1.9599047251790372e+22
3.269811137780875e+22
2.387983331945373e+22
2.1767638315586124e+22
2.3843506488705014e+22
2.170532828611785e+22
2.181460151997565e+22
2.165041631878881e+22
1.953702903318029e+22
2.1791300090501685e+22
2.8200270461610955e+22
1.9599292619452794e+22
2.175006729480327e+22
2.616518401097523e+22
2.6006348855450624e+22
2.39355295164058e+22
2.1797919130547795e+22
2.1792706739275857e+22
1.9628317922458027e+22
2.3892359856464593e+22
2.179272815163748e+22
1.9642139869450984e+22
2.394422091287852e+22
1.7389336912649108e+22
1.9626503858243913e+22
2.3948644561025455e+22
2.165576251088539e+22
2.1806712239495445e+22
2.16971312022007e+22
1.9531574633611462e+22
2.3901549827847514e+22
2.1750763530389308e+22
1.953798191196771e+22
2.1858197299101883e+22
2.3868706270387856e+22
2.391215273292099e+22
2.1785309539922723e+22
2.3915077210346468e+22
2.171147486621987e+22
2.165782670952932e+22
2.8309808211112684e+22
2.1623082508519026e+22
1.950702725547687e+22
2.3833289974115694e+22
2.5958422067873673e+22
2.6114371310432507e+22
2.188263105902029e+22
2.1676884418082508e+22
2.1614859240332805e+22
2.178931700272261e+22
2.5900674479024857e+22
2.3910487635075164e+22
3.0450120376444248e+22
2.3953519408069246e+22
2.3930457751740173e+22
2.1900829581881868e+22
1.9371196427475247e+22
2.1743631440679455e+22
1.950803015710567e+22
2.179867572849925e+22
2.4070827991043e+22
2.178054511905771e+22
2.397357136060224e+22
2.401309986894637e+22
1.9500653235229285e+22
2.3896909657705472e+22
2.1767381132504298e+22
1.9525564204091615e+22
2.178355513634277e+22
2.6101472215036594e+22
2.186387691097637e+22
2.1660145665422133e+22
2.374714378497518e+22
2.3948051547078376e+22
1.7518469141953386e+22
2.1814749526787325e+22
2.1787451862591304e+22
2.6230064977136216e+22
2.192074369564388e+22
2.1718991468852752e+22
2.1717326821186112e+22
2.8256170600418266e+22
2.1844808899149305e+22
2.392624363262693e+22
2.6074542501341027e+22
1.7379890523754748e+22
1.9649215758831423e+22
3.0322264202722423e+22
1.9528667592888945e+22
2.170179547165445e+22
2.1690735990330253e+22
2.1729811589881806e+22
2.1784038396013855e+22
2.1633464481287628e+22
2.1668654219451896e+22
2.400211193281681e+22
2.182742730330896e+22
2.1754895559289876e+22
2.606323633724407e+22
2.166061200316406e+22
2.3996499405910705e+22
2.1824743495690223e+22
2.2015362840270203e+22
2.1750263018908606e+22
2.393267981454012e+22
1.9604367766094766e+22
1.964967667634528e+22
2.3917068473082187e+22
1.7405766673226262e+22
2.174378286909037e+22
2.164522762184404e+22
2.3757040453615146e+22
2.3912985763403012e+22
2.1675040941649043e+22
2.626082214262677e+22
2.1658871930254415e+22
2.6115406173650138e+22
2.1691361567602574e+22
1.961255085533348e+22
2.4176542300989085e+22
2.161531594411338e+22
2.3888963979267073e+22
2.389195152899662e+22
2.18518501566926e+22
2.1723509280659495e+22
2.177650120592289e+22
2.8306845231994097e+22
2.1775407351909765e+22
2.3960628809592753e+22
2.1741311133169815e+22
2.1844679763950484e+22
2.168848379533995e+22
2.163045717404915e+22
2.3913654226944245e+22
2.3973749229205355e+22
2.1837365777984762e+22
2.175868675203797e+22
2.8489877534544964e+22
1.9555601858481705e+22
2.4072653855148445e+22
2.1920075184735957e+22
2.3986800526380327e+22
1.9633985396149108e+22
2.1787625498223057e+22
2.1707468381000493e+22
2.1747749377186705e+22
1.97190285839536e+22
2.3907872516767427e+22
2.177441934311875e+22
3.051770081795437e+22
2.3882693458409925e+22
2.398264791506729e+22
2.379583146346916e+22
2.177397152371591e+22
1.9780825899156394e+22
2.3995318420012618e+22
2.1756615941200928e+22
2.3806910839970586e+22
2.1653799712643963e+22
2.392217660174073e+22
2.385418889657049e+22
2.59776055903046e+22
2.4007529414036497e+22
1.7369424816376258e+22
2.16845874358831e+22
2.3964212072954917e+22
2.1810717119792103e+22
2.3874716135311855e+22
2.189517172528172e+22
2.171338007255489e+22
2.386552179538711e+22
2.1813422044981924e+22
2.3978141562869897e+22
2.1896852891727745e+22
2.182098387144544e+22
2.1552201456058748e+22
2.191157273410199e+22
2.1874206784081273e+22
1.9564197868934485e+22
2.3924168061511635e+22
1.9685592969337834e+22
2.3924590934088407e+22
2.632947059744123e+22
1.9671382995706468e+22
2.179340258536496e+22
2.1803260588511566e+22
2.8261854466579806e+22
2.1737961390967536e+22
2.173392581681221e+22
2.163576953175807e+22
3.0520810751544074e+22
2.18126968435108e+22
1.9647722496359305e+22
2.3973415434271383e+22
3.253388453852129e+22
2.183657726628335e+22
2.1773446578064864e+22
2.1649423779038535e+22
3.047005840654035e+22
2.382121197630329e+22
2.176954817284184e+22
