1.6845422313194867
0.8273981403010761
0.696867319271546
0.6957569147727286
0.6004391878612282
0.5238835343787837
0.48087318437968113
0.42923306067322575
0.4128625517667726
0.36207654587058136
0.34698921476685723
0.32508606648491334
0.2877255672401236
0.26777994147566864
0.2433684858702874
0.24704291639748469
0.2261983010369216
0.21728072358771813
0.1937656799663407
0.1972005494487609
0.18458117702398305
0.14294562015890924
0.17700267927662483
0.1490016176217315
0.16781854564314996
0.1407746725937698
0.153391019482305
0.14854744798955039
0.15268352608972088
0.13440714419678182
0.13972097177690396
0.1363962006616648
0.12517701811879123
0.1211680068454864
0.11486422709169501
0.12670684224300316
0.10322616138942665
0.11849065561139913
0.11741194646451766
0.09520456250287708
0.10975959268488827
0.09534931197571171
0.10054631647473389
0.09385928802906045
0.08887772449398731
0.08055911921036914
0.1000899885719743
0.09125019053390697
0.09340527842395267
0.07428097514645016
0.09277955570182395
0.08529120972632727
0.09362858689801637
0.10120594475956186
0.09392538419923549
0.08786190168249833
0.0867389584259787
0.1017500256105189
0.08226771413189785
0.11214420241876794
0.0837213726810815
0.0778916346752121
0.099861627556528
0.0976954846130323
0.09891500197758883
0.10382883335949218
0.08795211136850073
0.09201323415640951
0.09527133417120853
0.10293345779989117
0.10788292043694374
0.09529758746511946
0.09274582587391889
0.09025499579413657
0.09666153473568387
0.08221859857236945
0.09144290253319669
0.10340058126240019
0.09279740904834356
0.09349033236548723
0.09819453438295433
0.09665197651299048
0.10481001882969092
0.0902220343060019
0.09562227050724165
0.09967393815890135
0.08246862664259248
0.10864844674861796
0.10253332544329338
0.09404191439303519
0.09568580875151553
0.0981571166356484
0.09028686226576624
0.10216843674154302
0.09322662244536445
0.10072507491753105
0.09107517833413571
0.10342996892548173
0.08065545902219276
0.11632078610119613
0.07466788275813496
0.11368675235759958
0.09407880588205866
0.1022728015519787
0.09413906940179624
0.0988401632324852
0.08933092916723659
0.0950961045689823
0.1031659517925442
0.08862068392586797
0.09762112814490864
0.0960790053382922
0.09966103022813422
0.09393841183343686
0.09324176636048008
0.09966070296842056
0.09952522193482362
0.0918441911213562
0.10960895081534404
0.09038336334383212
0.08887708565328982
0.09744900670656104
0.08986488491581433
0.09709180191532861
0.09221955135067818
0.09402719861782668
0.08807037961976097
0.08559353585991095
0.08773515901488592
0.08954943826443754
0.09043836591732797
0.09043498588396533
0.09608679698498616
0.09279788526897716
0.09636501946834876
0.09376713491447429
0.09999619118414473
0.09851529905680827
0.09689412675635499
0.0983671336625423
0.09907568293053282
0.09688325400659165
0.09331839382982372
0.09454211707555422
0.09474243977749648
0.10195015125944958
0.09207990462260046
0.09043575962554201
0.09541032357365181
0.0993182005580919
0.0932925496784638
0.09954096855732879
0.08997702633157957
0.10132634968229735
0.10286311760126043
0.09503924973933306
0.09783169957597075
0.10130133276603134
0.1055317121547062
0.08447207739173304
0.0982269758192548
0.08808389022475281
0.09510965381530188
0.08808371352614806
0.0898724304595168
0.10824420532327174
0.08754031230829107
0.0842586950188712
0.0864985190208301
0.09706037529462645
0.10011879405793697
0.0844227093499327
0.09135518404573939
0.08861837259407133
0.08057855653879774
0.10921886357634018
0.09290675139108803
0.09238947778642394
0.10782268597264305
0.09240057210748394
0.08169716984473978
0.10239653646223547
0.09101435791767859
0.0966690095951925
0.09516430721670577
0.0908952642714085
0.09463524101541175
0.09002426196178043
0.10916022419687649
0.11410970662475939
0.08076607359279048
0.09674580233165266
0.09232401055854189
0.09510198602338489
0.08977093475951106
0.09644214224698412
0.09258053904888175
0.07888870600921412
0.10060828190830233
0.08214501400461038
0.08934884840557568
0.08254611294837524
0.08973901090460339
0.09007720954719815
0.08590425762222437
0.09293687770504355
0.08568748823892056
0.09672969041523964
0.0804039902672399
0.09076294707731784
0.0915793189963925
0.09552540265243904
0.09170833091290358
0.08866241683483181
0.08361014285065728
0.09639517687326081
0.09593714044164044
0.0777556605347953
0.10255614174313324
0.0965691346834439
0.0951596313709386
0.08580691394404699
0.09859719692076044
0.07800243903121139
0.10365151098158658
0.086050007181863
0.1048905552059916
0.09367078292551775
0.07734335165528596
0.09740319597570256
0.0890288284795662
0.09306012305914778
0.10112295163048128
0.08912280275009919
0.09118875456754391
0.09866087087785962
0.09648976993432103
0.09149504166237231
0.1040229974183716
0.08942919020142132
0.10130182102136676
0.10567888847015625
0.08935749693254781
0.09837500361162563
0.09518807930461232
0.09053976052613746
0.09606437186431681
0.08742169791727883
0.08807335781789016
0.083160407104811
0.08546603869357103
0.08773369534264225
0.09003052040537488
0.09207289521230472
0.08531928958340598
0.10236457072274197
0.09289868919778066
0.09277148659759771
0.0935020308876514
0.0929933804034999
0.09974933279382224
0.09227700795357426
0.0902272565538504
0.08846516680701585
0.091289556103347
0.09593101520842129
0.09138675281857393
0.09222656447447605
0.0871571396827669
0.09346996199397385
0.09397833466226625
0.09008649601366428
0.09793082444162411
0.08172931463652572
0.0977013366718329
0.08609861868763949
0.0989698153638909
0.09421197594731844
0.08920716797723616
0.09863450675207829
0.09590985856466573
0.09933666891486984
0.1024292366788542
0.10530844221715978
0.10250982907379602
0.08968890090870071
0.09773964414105916
0.09896245308025459
0.12048624802422313
0.09854025218289258
0.10009421705802571
0.10330280348164023
0.09783348161442355
0.10599864429799667
0.09454307015843115
0.09855367045756158
0.09642587957160129
0.11177597589515124
0.09947683737530236
0.09105182424378978
0.1003393452961592
0.09054169700573046
0.10140955917658591
0.09203595922183239
0.10226876954114887
0.08686555804053724
0.10116007049002165
0.09733032073027836
0.0782880531226884
0.0971391887626026
0.08833841961477305
0.08826963031482198
0.08860694564781477
0.08032851506332783
0.09481044321198219
0.09312380958518172
0.09134795975983287
0.07409093279008891
0.09721435780516038
0.07296334617354279
0.09586866191645196
0.10055922323300019
0.09195204797632227
0.08166251233381819
0.09575195815648826
0.09222450186051753
0.0972835562014122
0.08094322146728722
0.08650630268004547
0.0892979199779238
0.08555133567961445
0.0699847337912566
0.09341836229775304
0.09036559519616755
0.10006836443451818
0.08224979761533092
0.08051668715259354
0.10602512492359117
0.08034358197523556
0.09244776659017039
0.08781308384771033
0.09305194665902554
0.07340784898513293
0.0881183040556191
0.0852464025212062
0.08103019627037435
0.09851261539412473
0.08603801152329574
0.09354674806881537
0.09269192711829863
0.08328831611452046
0.10250990862674765
0.10616857482232298
0.0909784747472886
0.08259281464590684
0.10904532936473861
0.08465176728322142
0.09404221099039699
0.09759681258989542
0.09169734266831164
0.08864036822770975
0.08434497129827262
0.08692431089905084
0.08694490910583995
0.09614735173801268
0.09111217417889149
0.0811726768418078
0.09161153051265797
0.0861703436984139
0.09424724975553911
0.08444561042404164
0.09358699600006519
0.08516747645321736
0.09565575312021686
0.09384888127110465
0.08741402163376938
0.08921713100420492
0.09312668254476243
0.0999759275072738
0.09319653501136269
0.09703601575650585
0.09340855663243182
0.09880252461880445
0.09033882934369991
0.0940892776986945
0.09544114155294157
0.09511101622921378
0.1006768354627145
0.09398241071373427
0.0966277191173574
0.09624327670321656
0.09736764720955127
0.0982556846651588
0.0935135331104578
0.09567216445886811
0.10078382049642085
0.094475491446183
0.09274012839842169
0.09296345515104458
0.10986169176212288
0.101625093097408
0.09298484143913839
0.0905169090727622
0.10161133785990133
0.1004093194293768
0.0864941589398916
0.10195331820990718
0.10123208928275709
0.09070867357158297
0.0932437404171228
0.09817124300273343
0.0929848685257801
0.08930788520956412
0.09908846792299751
0.08771701096922571
0.09781578267236825
0.09493235427864363
0.08684990573954199
0.08519516970065256
0.08961003416582451
0.09446901529860437
0.09197709629923112
0.0905221085715678
0.08505897539308613
0.09558515418356991
0.08136958838857858
0.0859224767425971
0.08213345464607773
0.08925261442565771
0.07727270167573765
0.09715645753619687
0.0727236082950199
0.09483520150800098
0.07475071421882153
0.09258472781130672
0.08486818672562119
0.08775347034273626
0.08736319829474741
0.08946938645938418
0.08138181044640698
0.08529384856386645
0.09145451939931905
0.0861921580440668
0.08020307382324154
0.09464376154057898
0.0915630489602223
0.08527658664388582
0.09035228115917984
0.09109856718686381
0.08617049447486859
0.09515485696335749
0.09932108134998716
0.09056744398169185
0.0816414133842327
0.08291978373367324
0.10822008734920005
0.08186798935887844
0.11070254110765478
0.08541616896896573
0.10013550125936031
0.07809423252984397
0.10003770750048462
0.0781945740285622
0.08447124362689021
0.09680021874689634
0.10058262225605057
0.08329175179107917
0.08517985558814131
0.08898241010218383
0.08468060390238628
0.08429030170226506
0.11446265804548857
0.07354004761585857
0.08710433244335199
0.09619942649949861
0.09444907268819709
0.07703362759870527
0.09078345295446094
0.08054640858394434
0.08481005980978835
0.08147464311603175
0.09200003696599923
0.09036427476739352
0.07698115726613418
0.10592247421587926
0.08028653092175188
0.099784145848248
0.08351385960979893
0.09298764273628968
0.08715591057882348
0.10078356982761084
0.09678028972978278
0.08881096595306268
0.10371634411382355
0.08959022708699223
0.0943333335015959
0.10164908193549964
0.0864179321743418
0.09830114444787252
0.10094956709649558
0.08898302721032916
0.0917178741924721
0.10133987205110259
0.0957548147466308
0.09584173867227411
0.09624098148930171
0.09095616165593459
0.10311333180672323
0.082251437808285
0.08927406788471537
0.09125295107418946
0.09194130607444771
0.09507543046041861
0.09642223973962472
0.09815548411741953
0.09059109270587101
0.09309937239646218
0.08575348523632685
0.08812871216577496
0.08693218645738987
0.08549667855888486
0.08390895593748969
0.08717037718841227
0.0847875150985467
0.09156752211698728
0.08751440473314187
0.09121807354778527
0.09195017670087206
0.08400355512547025
0.095744338450374
0.09375056875940699
0.07744180072006922
0.10291506357801457
0.09556609718986361
0.09561004821759786
0.09783517912593345
0.08305805513378983
0.1111808856010668
0.08935394550898372
0.09782816860743604
0.09131938906247969
0.08203622914195932
0.08502392272659859
0.09412937186921896
0.1014890484565999
0.07965172020142695
0.10194177998459082
0.08998462051160402
0.09612651473559193
0.08268474594666442
0.09346912596016028
0.09084346521000085
0.1002472409208724
0.08409979634705296
0.09802988734635049
0.08948845710470467
0.090198147118763
0.08450792499505662
0.0998378879211973
0.10230994386266368
0.08903043016443
0.08509618427618876
0.09751900576340222
0.09174008119956034
0.076187839164839
0.10091743196248582
0.08264285387866589
0.08615132455649523
0.08468694976813435
0.08437711675583688
0.08018705865021708
0.09683374128649155
0.08048471583634643
0.09579445921537076
0.09043037029485897
0.08138291002521941
0.09132609044990408
0.08006653117525614
0.08707524248741318
0.10080770026782325
0.08219221322095588
0.09302280557544021
0.0965635990123842
0.08779942218300908
0.08102572642902071
0.10385389758324497
0.09739556018943996
0.07730572184461147
0.08953741338269157
0.0900782858750958
0.0789393964453687
0.08797082758252328
0.1076246501098192
0.080389044144689
0.09275900214448456
0.07945550591810656
0.10824242941204949
0.08905118502213533
0.08611121885803376
0.07694412120597621
