1.0739595175381431
0.25602773568311404
0.16690322526418352
0.17234172892229732
0.14644741265792688
0.12626947061873453
0.1198750291265143
0.1066504090468493
0.10654166418979623
0.09665873844912926
0.09573729162631456
0.09289648605315665
0.08499752938415306
0.08415007339104606
0.07752401997017595
0.0816634813857864
0.07863392890611476
0.07777395448105973
0.07128769613427016
0.07608306408108956
0.07607073979019079
0.06000851965040084
0.07514402017813147
0.06327226407854825
0.07155812862545771
0.062147371046779344
0.06734343897912276
0.0670793631417287
0.0707983812985061
0.06366910321038766
0.06682008061225908
0.06712536492327213
0.06281982146044687
0.06306317519006688
0.0606016383322259
0.06707688155511841
0.05689282567319713
0.06471526731607007
0.06538795811203561
0.05644846985174357
0.0637474795749281
0.05762971151627369
0.061641934950467804
0.06126363327286329
0.05791572968533277
0.05452632308710193
0.06229783410870636
0.058945153944569735
0.06099559684543936
0.05326857491641832
0.06040657087330266
0.05724602953400896
0.05883096566048357
0.062265852110662545
0.0598368114654639
0.0580207628392896
0.05610387234825843
0.0633369454709712
0.0536820570227163
0.06678277519964722
0.05431786008800069
0.05239785285738781
0.0612745384429401
0.06035580521254519
0.0592943826823878
0.06239462927770765
0.0555551846804054
0.057750397794988265
0.058402753729272144
0.061961019254657766
0.06389456065804806
0.058349672943180386
0.05903154103511352
0.05818654605288549
0.05921166005919781
0.05481148000748814
0.05670870072930301
0.062074363690100665
0.058196237211498296
0.05748076780966317
0.05962492423240355
0.058924605755871814
0.06308580622936115
0.05525416355262431
0.05807140201164135
0.0593407486615948
0.05191176718952813
0.06469116730673254
0.060945898906306126
0.05836880447292455
0.05740831817262048
0.060046272034677425
0.05617693875909083
0.061200754942603464
0.05688979383558035
0.05975223686040718
0.05667656671450755
0.06302051044921138
0.05286948246585364
0.06710436079261262
0.04890890234121114
0.06620795206282316
0.05692301966906922
0.060229625648551784
0.0587137903072402
0.05940709759159981
0.05554835849022854
0.05922940649929666
0.06159143985155248
0.055861346107770424
0.05953926875530345
0.058674610413018934
0.060508566011508655
0.0576160537429125
0.057280210592213644
0.05975421874913885
0.060707386418844954
0.0567553066955374
0.0647498616053499
0.056565138690043676
0.056761958500976824
0.05916575179615802
0.05736286143858939
0.06043954200089671
0.05851945902090953
0.059567831806809635
0.0579141957934426
0.05622716159776373
0.0574056010299846
0.05753151112409352
0.057540922396809094
0.057114424346404714
0.05948929154213027
0.05823595571519388
0.05818595660691576
0.05758911036785201
0.06083596985274565
0.05917027060397316
0.05856970031637439
0.0594174319141826
0.05942188066524244
0.05836646584613436
0.05735254891815978
0.057825386979032396
0.05759444867636171
0.06051519259904302
0.05673131182818681
0.0561207502416169
0.058046037529761244
0.06063190156723871
0.05677703055083867
0.05996043940233572
0.05479811158666546
0.058915563184017125
0.06103256294258343
0.056874860265804815
0.05821585357586254
0.059237725016581574
0.06369353880990268
0.05208863586894879
0.060448241145747116
0.0553444252501047
0.057682767842513645
0.05544326411264176
0.05613470390121373
0.0638549127489646
0.054688297417881185
0.05427325746881985
0.055794913321733475
0.05885867946672925
0.061893995100444604
0.0543255896502456
0.05709531556367296
0.055554350894016696
0.05256474553607404
0.06495662625922366
0.056692664977163076
0.05518617035185759
0.06316832571774143
0.056625735816047636
0.05261020912868224
0.06056604161317092
0.055332416094579666
0.06009449712325667
0.05965988227895411
0.05583696553209262
0.05842994895308863
0.05538277038510225
0.06727342776116706
0.07536216382327121
0.05188880870912888
0.05890940913078628
0.056495423360128506
0.05766092662432397
0.05699991727204517
0.06042899258882385
0.058555618249775135
0.053915169342717
0.06255561041161996
0.053559266640840805
0.05663132444096282
0.054254105011391086
0.05839827269416793
0.0587627390695577
0.056222033499227476
0.05900155376758455
0.05607446581991606
0.0664764417934614
0.05360266418275676
0.05722669044567286
0.05829014528954272
0.05835864576511085
0.057391106465095
0.0559744279716135
0.05570265128775392
0.06036560327471631
0.06124354373346003
0.05106697686904565
0.06306308279059424
0.05936087315266793
0.05905395534337145
0.05475689095170634
0.06049540020929751
0.051311173656767656
0.061259897949188485
0.05561180477023356
0.06191647816954773
0.05840188093743352
0.05336434188724835
0.060581379068307864
0.05632280019588422
0.057775972226937845
0.06105059751331113
0.05509862682760455
0.056800409851870105
0.05814494423084539
0.058338656245420374
0.05490028020716453
0.06142772895522242
0.05475535591551673
0.061913545001586974
0.0613380867081817
0.05555649313808585
0.06084224353219534
0.05913956897232191
0.05632389807178415
0.059301365022511446
0.056413363827782316
0.05711599588466361
0.05534736573869406
0.05551480473372941
0.0563321817962294
0.058021112327110165
0.0580889135021572
0.054786683114375484
0.06379793685420539
0.05795139757114961
0.05878961130853944
0.05840362991430154
0.056784554168062155
0.05653251176555605
0.05756081284976802
0.05675017605210806
0.05649844519505205
0.0570876937496743
0.05836666420159876
0.05636424358118354
0.05697949479023615
0.054510209496429034
0.0587891757726496
0.05805354475137568
0.0573067803498964
0.06001812226658817
0.054166077080276584
0.059757851912502866
0.055084275702635445
0.06031176276042942
0.05725515389078578
0.05477633680281944
0.05872845006095924
0.05605224119463228
0.05741769680933839
0.059270083987291236
0.06089126869906173
0.059717896293357824
0.05369937042669617
0.05736692396512385
0.05652942122212907
0.07067582559006563
0.056669555250699666
0.05763352422996662
0.0594354141106497
0.05715509828598809
0.06019599689170718
0.05551794801961429
0.057481309963938916
0.05635487283904885
0.06298175920342464
0.05791877444053805
0.053913201541141716
0.05918977413210989
0.05461477632489951
0.060067304893750555
0.05615395066768739
0.06088153778055553
0.053800953201978474
0.0614388959388458
0.05968675142255171
0.051687903658941735
0.060152709693467435
0.056280847905968975
0.05649715382966769
0.05718403124041105
0.05368251748050946
0.05927500521670305
0.05933654018814943
0.05802916467204228
0.050512985770352355
0.061326045629590056
0.05090688510487477
0.060012407391512576
0.060987722911951384
0.056913757465722026
0.05325459207718571
0.059772992290036624
0.05912193159984295
0.061371855755416
0.053934750601995825
0.05572898929231158
0.05826367075778833
0.05781098689826191
0.05051316080484972
0.059288460515843806
0.057631706833377365
0.061162339628118186
0.05412676860758847
0.05292763840768111
0.06377461726430717
0.052307189575779116
0.059348878923572546
0.058004399931217115
0.060899140345755706
0.05178533298822567
0.05791399760041819
0.0572828728229154
0.05542227734140186
0.06123186572808628
0.055596024747360355
0.05732781021465916
0.05712337215077276
0.05294809397219774
0.061002507616310965
0.062304582387252255
0.055189432879520016
0.05259932166817345
0.06338742580409198
0.05616088545079841
0.05848874171560471
0.06062544190844651
0.058147887211986056
0.05825387002438191
0.05440234802952108
0.056875374262011794
0.056658115728881006
0.0601181943807029
0.057328688357992805
0.05321285165052197
0.05820578994778122
0.0556045558426327
0.059183580291912306
0.05559507700390825
0.059307965305597746
0.05392112678581083
0.057597589032912205
0.057625279776289944
0.05498418939848568
0.05656622310869338
0.05808762280458166
0.06005135993473232
0.05652371734965506
0.05858709673982027
0.05689251425047947
0.06003920338297075
0.055328947210381195
0.05658090396517122
0.057451355895532887
0.058089127848935565
0.05861653703041086
0.056665247966816955
0.05732486488716316
0.05759354780406453
0.05703792008102056
0.058446445794732765
0.056605278279690086
0.05691701299402603
0.05964885294155846
0.056728999208038054
0.056097739538567705
0.05700707371353872
0.06504636210057335
0.06074035607184493
0.057741431429144716
0.05531230073624341
0.05978384169446694
0.05933134707210715
0.054001445694313956
0.059654583903607124
0.058927646534907265
0.055848493000723476
0.05866450314633837
0.0593466429769011
0.0569228288002832
0.05603970592307259
0.060420926194638014
0.05521492478112842
0.059362467371158356
0.05983943380993004
0.05584766027741423
0.0543058103838459
0.0557510032455704
0.058416850182639306
0.05737247605367687
0.057556834194607054
0.05565263571708586
0.06017281006400784
0.05639960223000295
0.05628313413323011
0.05539261820805512
0.05708768367478552
0.053267945972264044
0.06088446068050441
0.051025972633023366
0.060364269395178374
0.051087273364208007
0.05960388803248142
0.056717155389343354
0.056641991856659565
0.05550192407686119
0.056750755134406826
0.05260991145921654
0.054874109129544144
0.057497129753925076
0.057496939013286154
0.05303623128047054
0.05871547725008324
0.05698166396685465
0.05396110132018956
0.05565082766982012
0.057069568100652494
0.05485094509036966
0.060820838929218954
0.059195779711585635
0.05571835166269321
0.05151850115435645
0.052254046535465955
0.062290179541392265
0.05113473113142532
0.062181360328338986
0.05429978630245598
0.05921916329020331
0.05167558188044805
0.061225643240695085
0.051559529823157216
0.05384435096770063
0.059067535737543836
0.06045874282031847
0.053285895157316625
0.054169366930344305
0.05729070748382992
0.054604552772849105
0.053480947837811106
0.06649923224413637
0.049423680211193574
0.05521652680395763
0.05824949894670772
0.05913207596240118
0.053478122479462806
0.05845041011366271
0.054940406113949625
0.055769860134423935
0.05467091376221804
0.05882489226772919
0.05830885212175375
0.051913883486517175
0.06317231654687676
0.051617643211123554
0.059850836297237246
0.053088357368874
0.05658082303937611
0.05383208872526595
0.05843957756689295
0.05651153728380337
0.05537219909777821
0.061230380593459734
0.0539294482685279
0.05697775725816745
0.0590920586377209
0.05285414778483064
0.057453428849924444
0.059726833491297364
0.05424248297200646
0.05469108737153254
0.0590912022126131
0.056438646347861186
0.057011676159896704
0.057698258816069645
0.055642855965510704
0.060894523862778216
0.052951964019083
0.05580905185608092
0.0561035393535109
0.05530556469664786
0.05682006330489246
0.05646385904130807
0.05835265225131613
0.056892063504792464
0.05774594837250982
0.05492565083469069
0.05665485313985237
0.056290384493912604
0.056452442740285116
0.05553931289518527
0.056862452933781366
0.05536342882948329
0.05851268071262527
0.05510396656197633
0.05695372163282
0.05721242476052554
0.053341995625099704
0.05859829382176778
0.05637238761987681
0.051144589464245147
0.061974151709745094
0.060497677188308896
0.05753086655501767
0.05746268773769108
0.05182620597996049
0.06468387178412473
0.05695578841449216
0.06042429060104859
0.05750275868922472
0.05315739127930052
0.05493742122509798
0.05820338221180231
0.06120772893692172
0.05091597197952774
0.06133747221938111
0.055672273615577306
0.058926465195538694
0.052883322776634566
0.05672979187545215
0.056134996850895444
0.06081122912957456
0.05335815063887095
0.0593546150187247
0.05496460456372231
0.055645455369841335
0.05362418141981312
0.05944815821685763
0.06187069884234274
0.055590795865643396
0.05601217389077872
0.059505582314215655
0.05657219885696852
0.05246611008810442
0.06114606873327216
0.055536929373593294
0.055136920454688085
0.05546579963722548
0.05530290931910854
0.054117580597801494
0.060697410006595905
0.05364592064735155
0.05852062660883101
0.05690706757713081
0.05207352788194783
0.05808154701493507
0.052502435061705204
0.054783655150049876
0.060592174519199966
0.053020495953861366
0.05726045876373212
0.05738378492501644
0.05411273107842304
0.05027255566805139
0.06392683354820046
0.059740973755630644
0.05201354189126124
0.057424112132844304
0.0559027092278639
0.05324312658662828
0.05766854562269625
0.06377953167484943
0.051020170330943526
0.05656845804101737
0.051978839070413466
0.06425396420870179
0.06452511319919496
0.05652048631549575
0.05286153111346932
