0.6107156103433564
0.5715005113634952
0.5300931651000829
0.5235420666461768
0.4541190275850222
0.3977403319621271
0.361123350586078
0.32270689747592274
0.30644356418949686
0.265539680687032
0.25137227149896846
0.23230971834918326
0.20284704448178756
0.18374714359294536
0.16595916759020599
0.165493429920008
0.14767752980539042
0.13961910251383633
0.12258943077898765
0.12122726419492978
0.10861959808249777
0.08304517211511193
0.10196522057783797
0.0858347684644928
0.09636411765756585
0.07872991040127908
0.08614855117973143
0.08156738145675785
0.08198235958161251
0.07083322920138467
0.07299534780877577
0.0693644369345938
0.0624487026695653
0.058194710667310065
0.05434960282728971
0.05971558617613849
0.04641694143751109
0.053857048719403035
0.052103429463738936
0.038833696240897185
0.04608740002844598
0.03779289733199764
0.038975655758670395
0.03266414568954429
0.031028363871741897
0.02609704507856861
0.03785501388573925
0.032366035250737515
0.03246892254407944
0.021068776389601994
0.03242760363157637
0.028096716843776463
0.034847940835838254
0.038989153853301754
0.034136211123252505
0.029887619752765365
0.030679260534884106
0.03845561182964774
0.028627813173739542
0.045401722597510574
0.029442613894269214
0.02553090003008644
0.03862280292457237
0.037373381663454955
0.03965332744419286
0.04146597315609191
0.03242716188461325
0.03429111816772339
0.03689579560074869
0.040997626360094304
0.04401377730955715
0.036972836376239576
0.03373845204257031
0.03209118927691796
0.03747125417154279
0.027427787663299563
0.03475346647035114
0.04134489495041888
0.03461902176121127
0.036026373077156885
0.03858573987997451
0.03774367924463798
0.04173968574102127
0.034982717822733614
0.03756484548451177
0.04034696250973795
0.030570452949826337
0.04396992473359501
0.04159991736744906
0.0356858985576609
0.03828962410952672
0.038122797737713876
0.03412129229806407
0.040978240636592486
0.036347375004083034
0.040983148549986616
0.03440858488099274
0.04041889351305314
0.02779518857656061
0.049225518314570345
0.02576783184102437
0.04748732522545137
0.03716403097394843
0.042050865748193285
0.03543293907337772
0.03944064934319246
0.03378966910802478
0.03587380377756244
0.04158184407757191
0.032765768951187706
0.03808813481979693
0.037410429225943065
0.03915860640903025
0.036328257220145675
0.03596746143479985
0.039911997242823474
0.038823047136191224
0.03509364411859347
0.04486394187664729
0.03382236867065337
0.03211926105486359
0.03828707444770334
0.03250561750948776
0.036655717035268195
0.033703249826839615
0.03446219709919325
0.030159093720239203
0.029369418501182524
0.030332680672493784
0.03202090245877327
0.032900005689995404
0.033322763797112326
0.03659992975628639
0.03456444231826675
0.03818173711776982
0.036180299612000415
0.03916227435767596
0.03934700260130154
0.038326350910549166
0.038951747777308664
0.03965657649294639
0.03851905385801179
0.03596792804156683
0.03671909820887643
0.03715022136172994
0.04143736402453609
0.03535095078021454
0.03431737742160245
0.03736648057998508
0.038688361561719994
0.036517477121547966
0.03958266294406106
0.03518060705617301
0.04241267895849887
0.04183266466055264
0.03816661270165657
0.039618003877220934
0.04206554823606492
0.041840158126320574
0.03238513012364319
0.0377805852879456
0.032741916690350245
0.03742943706925843
0.032642737949671326
0.033739988984045566
0.04439166477270417
0.03285438500855988
0.029987971472568348
0.030705773171900173
0.038203989831126536
0.03822692204763131
0.030099334042743137
0.03426171119176862
0.03306564376527054
0.028015170071739703
0.044263882414517244
0.036215606637392914
0.03720507839125628
0.044656189869233774
0.0357768543984185
0.029088873641796468
0.041832235387288204
0.035683587779626685
0.03657590562740319
0.03550594183768451
0.035059839115494346
0.03620707043924896
0.034643403721915544
0.041888691585550676
0.03874918334763641
0.028878840805543947
0.03783813872423496
0.03583065958877722
0.03744293517765206
0.032773153455711385
0.03601507666451286
0.03402668294179174
0.02497532118963305
0.03805468035338432
0.02858755214407394
0.032719423721658154
0.028293771484718736
0.03134251096862993
0.03131632729528346
0.029684230616986714
0.03393745492370402
0.029614727905330557
0.03025508453895098
0.026802992934402612
0.03353804504578255
0.03329072020509796
0.037168325080677085
0.03431881302839069
0.032689553986000285
0.027908991770945173
0.03603093373323448
0.034695126874329046
0.026690117686999557
0.039494559352463036
0.037209722238941145
0.036107373684229574
0.031051779391926302
0.03810387375257375
0.02669329811296072
0.04239362754201148
0.030440269510454386
0.04297590821118693
0.035270683551315477
0.023980666342725644
0.03682370478710191
0.03270793207036692
0.0352859164650422
0.04007403527263754
0.03402571121452723
0.03438959123008134
0.04051727691395461
0.03815252259382689
0.03659615852908852
0.04259669782851946
0.03467508364340666
0.03938946048724609
0.04434212695196038
0.033802432412382705
0.03753394215790078
0.03604966509095014
0.03421693656759611
0.03676401554379439
0.03100940741484898
0.030958482284164743
0.027814694150538697
0.029952742179220383
0.0314028721217918
0.032010892845145175
0.033985621910772375
0.030534362266572957
0.03856833500694213
0.034949024324305356
0.03398339015313482
0.03510001385737889
0.036210229052248764
0.043218388657361745
0.034717896662863665
0.033478713935388205
0.03196859959546621
0.034203751448112316
0.037566031580213315
0.03502404757756979
0.035248538596977935
0.03264841374253282
0.03468229212209784
0.035926126981020524
0.032781190769530316
0.03791407855631885
0.027564270082543526
0.037944380531462936
0.03101530121350589
0.038658938092692184
0.036957809910026576
0.034431861273135786
0.039906970461714986
0.039858344009880683
0.04191983767871767
0.04316012450230358
0.04441815523677524
0.04279272591046783
0.03599045735124188
0.040373908015610575
0.04243411896944357
0.04981113682986533
0.04187164068277997
0.042461739228645795
0.043868107760917076
0.04067917310667397
0.045803559814081636
0.03902616614645957
0.041073286962738736
0.040071853617920955
0.048795090398531006
0.04155879873825714
0.03713960315519583
0.04115046435414792
0.03592776499558673
0.041343164939547046
0.035882883141171044
0.04138814261212021
0.03306554015664936
0.03972207913861083
0.03764432857883372
0.02660101391113356
0.03698710541058352
0.03205818039861006
0.03177318089396166
0.03142373266182262
0.026646784707757665
0.03553613338009418
0.03378835688940748
0.03331992211489931
0.023579002600057748
0.03588950232584156
0.022057486238800054
0.03585716237561315
0.03957250659027346
0.03503929480211809
0.028408987418064385
0.03597981374710347
0.03310330201286909
0.035912341743260044
0.027009125643494617
0.03077809126414142
0.031034980081568048
0.02774122190100408
0.019472483322525203
0.03413091190163833
0.032734981415858275
0.038907178387933866
0.028124122034808866
0.027590315565854933
0.04225196555467113
0.02803778002316551
0.03309991524524106
0.029809661446474924
0.03215394731179645
0.02162370112033781
0.03020561784605113
0.027964670921977276
0.025608854947472712
0.03728164552926183
0.030442730673226028
0.03621961441251554
0.03556910885972613
0.03034092844829375
0.041508214920262854
0.043865171804741684
0.035790081252795175
0.02999464772928636
0.045659016686051275
0.028492186009640673
0.03555471666494802
0.03697250295040566
0.033550655641665234
0.030387969186273223
0.029944146167797798
0.03005010247015748
0.03028789003625108
0.036030355779555184
0.0337846298510743
0.027960801994799847
0.03340680368403478
0.030566844811099766
0.03506470222816651
0.0288514750702812
0.034279977763568004
0.031247436864908006
0.038058958172402436
0.036224345666448436
0.032430569029886044
0.03265150107692407
0.03503962010307627
0.039925146906622216
0.036673648119437366
0.03844939751050601
0.036516323445595855
0.03876360736055437
0.035010201343905555
0.0375089461486266
0.03799041319104244
0.03702233815403266
0.04206071332252274
0.03731762985059271
0.03930337783974611
0.03865022763533517
0.040330231424194105
0.039809804634451
0.03690875745504777
0.03875552930904357
0.04113519318670742
0.03774685930924773
0.03664324245478348
0.03595725940576531
0.04481606547722535
0.040885391654157936
0.035244411785271046
0.03520540204151829
0.041828533534372096
0.04107887159907548
0.032493535703131134
0.04229937384853522
0.042305099707937895
0.03486091183987965
0.034579863294628775
0.03882531545399291
0.03606284292218052
0.033268970171803636
0.0386684678624431
0.032503113428662286
0.038454030466408405
0.03509374154558362
0.031003055642151396
0.030890215239704175
0.03385958908028294
0.03605272914272825
0.03460519961347666
0.032965941543807276
0.02940729278200234
0.03541303270265402
0.02497077658375393
0.029640242358346565
0.02674208385752543
0.03216607454675069
0.024006050056597405
0.03627302342585411
0.021698677122038827
0.03447230068367523
0.02366464026317419
0.03298174142271241
0.028151949795410615
0.03111252382166626
0.03186234695879316
0.032719829874749425
0.028772989148544797
0.03042107926096854
0.03395860989850155
0.028696312977889077
0.02716799863084407
0.035929332378089374
0.03458237054803968
0.0313163197111129
0.0347026234371732
0.034029940841268286
0.03132038968574624
0.03433490876093066
0.04012605711969352
0.034849900979045126
0.030123680378779653
0.030666441363354696
0.04593083089083982
0.03073402127528982
0.04852168294222116
0.03111679684470025
0.04091686619623463
0.026419155867075432
0.03881264815504966
0.02663568447207736
0.03062759802357272
0.03773335122427535
0.04012462330549818
0.030006573366744862
0.031011273153577462
0.03169261935517163
0.030076922893717294
0.03081019087098972
0.0479642676835692
0.024117054801268228
0.031888474602528166
0.037950778407109684
0.03531800691884863
0.023556395017731685
0.03233383576676264
0.0256068174709043
0.029040993461583908
0.026804482575159435
0.03317568057232271
0.03205594055033325
0.0250679158227511
0.04275089900718655
0.028669625680438827
0.039934224850685845
0.030426569530955162
0.0364079581506035
0.033324929612125596
0.042345302536372496
0.040270123129538864
0.03344041043567623
0.04248747751775537
0.03566244789336036
0.037357252114181685
0.042558394845569676
0.033564860803338425
0.04084887240008025
0.041223886136907285
0.034741590601570775
0.037027872760208004
0.04224962973794285
0.03931704357323054
0.038830815429994184
0.03854363080952948
0.03531408299377924
0.042219719261245965
0.029300685173086462
0.03346608574781928
0.035150555200024705
0.03663672383738386
0.038256353154271304
0.03995947584432239
0.039803859589137715
0.03369981129861314
0.03535416524301377
0.030828955463249264
0.0314750858878558
0.030643005352945594
0.02904558746151395
0.028370600413822555
0.030308553127322866
0.029424725887329542
0.03305545470870439
0.03241100710852328
0.034264930294485504
0.03473833144386118
0.03066218736542699
0.037146589271597884
0.0373786872364725
0.026297714406003554
0.0409414133629148
0.035068842918565137
0.03807972277408148
0.040373007073028495
0.031232314513164414
0.04649737908749917
0.03239853381808277
0.037404315781692954
0.03381696791575803
0.02887929427548485
0.030086763927845667
0.035926382070002975
0.04028184189778832
0.028736047070408458
0.0406045481813494
0.034312957757339425
0.037200625498089654
0.02980188124384704
0.03673974074271703
0.03470889318286795
0.03943648365373153
0.030742282567675725
0.03867615659742854
0.034524529665174296
0.03455325494619748
0.03088426837325818
0.040390189152297584
0.04043989873792644
0.03344015733838847
0.02908451563287021
0.03801376142996736
0.03516819229026419
0.023722030767492314
0.03977197927406803
0.02710659726064421
0.031014960115992505
0.02922155613814257
0.029074674511469122
0.026069979168936726
0.03613666017844826
0.02683891981204813
0.03727408464727668
0.033523546101302294
0.029309688406940478
0.0332449320523256
0.027564361050739422
0.03229190070496136
0.040215936659629456
0.02917213543578116
0.03576286967172353
0.03918010738674667
0.033686898600006863
0.030753542392067033
0.03992753594936875
0.037654793332150396
0.025292728224393816
0.032113699439431126
0.034175797589412034
0.02569642590101431
0.03030271425221906
0.043845704878168724
0.029369289189930863
0.03619109788348234
0.027477347499258002
0.04398904273141168
0.024526610149216366
0.029591203524637247
0.024083095630652848
