-0.0001329118685973736
-0.00013010849875701202
-0.00012907104680852518
-0.00012688166682983844
-0.00012725335410471226
-0.00012626974164804284
-0.0001251932532281088
-0.0001242473501984622
-0.00012267896242921652
-0.00012187426413459949
-0.00012034749264319882
-0.0001201366497742467
-0.00011900776447619983
-0.00011727541728872921
-0.00011470254916515447
-0.00011399379599065152
-0.00011315691658672912
-0.00011233376206418629
-0.00011144687133740143
-0.00010977908862888264
-0.00010916047757527568
-0.00010807150767307527
-0.00010656200270592632
-0.00010541483772063065
-0.00010370225835115064
-0.00010260877876529874
-0.00010097009932320898
-9.929607688880692e-05
-9.721507878510223e-05
-9.51887529037438e-05
-9.445692721642409e-05
-9.360194996779048e-05
-9.150519693412912e-05
-8.987794537052094e-05
-8.701392895697306e-05
-8.562598206001775e-05
-8.360643962726661e-05
-8.166102132292523e-05
-7.944015257896191e-05
-7.760339867108856e-05
-7.528655260102823e-05
-7.329715305060336e-05
-7.127467665844777e-05
-6.849119624045367e-05
-6.636990636520362e-05
-6.424845015817835e-05
-6.285907790676669e-05
-6.099928324083733e-05
-5.924047339552393e-05
-5.637551601452739e-05
-5.461850773016092e-05
-5.1536899179133565e-05
-5.031933766824027e-05
-4.905963835126879e-05
-4.763886850966184e-05
-4.648139436666984e-05
-4.417394215011854e-05
-4.253098811113182e-05
-4.215611636394079e-05
-4.029487553093214e-05
-3.910172277093186e-05
-3.711816513763791e-05
-3.571382914615665e-05
-3.370264836798184e-05
-3.2708502298784115e-05
-3.177019432543546e-05
-3.023565185749037e-05
-2.8281781823345453e-05
-2.7214642021897096e-05
-2.5188334259929228e-05
-2.5417966048558993e-05
-2.4921652463187154e-05
-2.416656871203084e-05
-2.2739319235349053e-05
-2.1379719074439193e-05
-2.0669095767319e-05
-1.92641277968759e-05
-1.8676823835216224e-05
-1.7850643501354403e-05
-1.6808428395157787e-05
-1.612976113618117e-05
-1.630834460878012e-05
-1.547296714017803e-05
-1.484761525025815e-05
-1.3976880512392065e-05
-1.3773369587855883e-05
-1.3592707891661995e-05
-1.264596131625504e-05
-1.2491470153846005e-05
-1.2788993261392182e-05
-1.2133202029124999e-05
-1.1952010287879335e-05
-1.1368402554989746e-05
-1.0558635632299038e-05
-1.0546388433047736e-05
-1.0311136799101906e-05
-9.974119215497527e-06
-9.435122571398266e-06
-9.212676347889884e-06
-9.092620812296009e-06
-8.851291279070703e-06
-8.524053985518746e-06
-8.24474752454792e-06
-7.68994048541586e-06
-7.66025781798422e-06
-7.584162447937717e-06
-7.099057510522259e-06
-7.1051138427917115e-06
-7.330957088939161e-06
-6.43130376142095e-06
-6.276107321122423e-06
-6.034648963965407e-06
-6.141607120171525e-06
-5.898447228858902e-06
-5.905283452835125e-06
-5.513511651354416e-06
-5.211019068282926e-06
-4.759282405722151e-06
-4.852203544082171e-06
-4.143709113771527e-06
-4.133763875574385e-06
-3.8205717007166845e-06
-3.594442161147879e-06
-3.457640438026892e-06
-3.156807102895136e-06
-2.830516670881536e-06
-2.9093843570377048e-06
-3.0443413975298207e-06
-3.1228079947599215e-06
-2.976027602461156e-06
-2.56154687805918e-06
-2.20240988802084e-06
-2.4246420154188736e-06
-2.5125117144500477e-06
-2.6744723523846945e-06
-2.2758488972443916e-06
-2.052635279649748e-06
-1.9739493355637235e-06
-1.925298120606963e-06
-2.0471168473993956e-06
-2.7743536756761316e-06
-2.265417696287122e-06
-2.0833713499312636e-06
-2.3677280084886535e-06
-2.230415990980387e-06
-2.404649067525603e-06
-2.3585183893472755e-06
-2.368168923059657e-06
-2.1946619114693697e-06
-2.062442164490556e-06
-1.9585364179169854e-06
-2.1334970523280075e-06
-1.6925133844032001e-06
-1.891909269315945e-06
-2.110927665458704e-06
-2.22274616487627e-06
-2.1569356050356647e-06
-1.940160882969754e-06
-1.9830015733447886e-06
-1.6894800688716306e-06
-1.851541643973601e-06
-2.451433041388491e-06
-2.5511011639635878e-06
-2.2884848252830095e-06
-2.2626305180469795e-06
-2.371993766013644e-06
-2.3708217710474518e-06
-2.5341135919599004e-06
-2.1672908235271372e-06
-2.2946155519277046e-06
-2.122805529663395e-06
-2.2159450683703167e-06
-1.8422865060324688e-06
-1.6220505441274573e-06
-1.3593370913299588e-06
-1.6456008906547944e-06
-1.5208114439511244e-06
-1.7709112583805446e-06
-1.830191868348336e-06
-2.017643842291434e-06
-1.9127566046399595e-06
-1.7400099165196613e-06
-1.645814108115708e-06
-1.3930684317106064e-06
-1.5164672530836258e-06
-1.5401784171339132e-06
-1.7778297616633052e-06
-1.9125000046342887e-06
-1.8943018669811553e-06
-1.6409481493032527e-06
-1.5759126649014476e-06
-1.7455297544328523e-06
-2.0731760606190793e-06
-1.8751758605419107e-06
-2.1369003021856432e-06
-1.926861861027491e-06
-1.762890175199601e-06
-1.784660910271323e-06
-2.0080146772980775e-06
-1.8042467993576045e-06
-1.9004969738651465e-06
-1.7642928240149573e-06
-1.7726849977787973e-06
-1.8579721081691822e-06
-2.0063325448148157e-06
-2.131125627734706e-06
-1.7051152301854214e-06
-1.8363633036938683e-06
-1.6663804977062062e-06
-1.7881002367521291e-06
-1.5458203265094312e-06
-1.5687471280519578e-06
-1.5882243184206846e-06
-1.5655906077148573e-06
-1.4998926850916346e-06
-1.360045359447671e-06
-1.5298853544974086e-06
-1.4336265627038259e-06
-1.5002982351244672e-06
-1.4607680376043002e-06
-1.6971431169488562e-06
-1.7561771886367617e-06
-2.0777731033517772e-06
-2.033128625882892e-06
-2.0148850989801216e-06
-2.067836270048987e-06
-1.8321631919453756e-06
-1.7819732265213466e-06
-1.6558916980617043e-06
-1.888131045897064e-06
-1.9041840927062269e-06
-1.7658480440917092e-06
-1.6810596946029822e-06
-1.5355868613333988e-06
-1.2468813102086713e-06
-1.350937911284259e-06
-1.4087123231159824e-06
-1.3969569771893299e-06
-1.4296980351506037e-06
-1.2486987397230485e-06
-1.1843253630576673e-06
-1.3262952409096998e-06
-1.4287359373727582e-06
-1.1825796135351204e-06
-1.1551269768785087e-06
-1.073633835974676e-06
-1.0090321113640913e-06
-1.0724968190995362e-06
-1.1201952264319382e-06
-1.653024423478567e-06
-1.507639041825991e-06
-1.3587124588291969e-06
-1.4854706557534248e-06
-1.6390290837559526e-06
-1.7562575943137102e-06
-1.7002898619804995e-06
-1.733597931282323e-06
-1.5148032743613734e-06
-1.612838467059022e-06
-1.4024819574490179e-06
-1.56814891936868e-06
-1.7016791010367645e-06
-1.6329919460549153e-06
-1.8776962915651455e-06
-1.8877884871852624e-06
-1.680745917168284e-06
-1.5374443685425992e-06
-1.4695290026567763e-06
-1.4832306390438366e-06
-1.506749974621982e-06
-1.337200750844937e-06
-1.4755487868111345e-06
-1.375790956508142e-06
-1.031497509587965e-06
-8.958982675721927e-07
-9.576315886629028e-07
-8.857309280368685e-07
-9.888385035583622e-07
-1.0304183311118393e-06
-9.133774937282404e-07
-7.26872988975241e-07
-8.661478608517837e-07
-9.726219354183564e-07
-9.820465623680187e-07
-7.933586252240571e-07
-9.270286743103921e-07
-1.187692449925388e-06
-1.087555655565017e-06
-7.148670045515514e-07
-9.430452686247855e-07
-1.0462005481128099e-06
-7.186334845166778e-07
-7.893301140628786e-07
-9.12059821858261e-07
-1.0438478012093943e-06
-9.262915151945587e-07
-8.471164938578289e-07
-8.741352825938887e-07
-7.368165231917571e-07
-9.813189859950532e-07
-8.930192515182108e-07
-8.441424735031242e-07
-9.103302762352626e-07
-8.748322957146666e-07
-9.112878093543794e-07
-9.35611103437806e-07
-9.043300316756527e-07
-7.584634744482399e-07
-8.650282609764414e-07
-6.258618771764389e-07
-6.082736409859726e-07
-7.041263522081469e-07
-8.180022381418175e-07
-7.862678286574362e-07
-6.95398100322902e-07
-1.0878895317750727e-06
-1.1270294009605554e-06
-1.0565488660776204e-06
-1.190266710344344e-06
-1.0260645209278001e-06
-9.083934839135642e-07
-1.006603900195348e-06
-1.003236767500375e-06
-1.067174717408229e-06
-8.481129514994657e-07
-7.31505849671521e-07
-6.41931393595085e-07
-6.546377052430661e-07
-7.783825179653514e-07
-7.318371591147946e-07
-8.733525412251822e-07
-9.098791536437835e-07
-1.0098156679291147e-06
-1.09273776116925e-06
-1.1529763431402291e-06
-1.0924613126755236e-06
-1.2667315811206012e-06
-1.4578867531013237e-06
-1.3877236935598396e-06
-1.027852572970146e-06
-9.774290053301652e-07
-1.1398991766553137e-06
-1.1846785845372951e-06
-1.311043745793773e-06
-1.14132411249733e-06
-9.360758627214051e-07
-8.953065253786184e-07
-7.433127869495196e-07
-6.764177502973749e-07
-5.535490955946104e-07
-7.057141913740685e-07
-8.131313022253619e-07
-1.1797510863345466e-06
-1.0386712640569766e-06
-1.1538601613612501e-06
-1.1127581974823294e-06
-1.3039566396429116e-06
-1.2476134737133447e-06
-1.132611734467287e-06
-1.199862390157525e-06
-1.4713620548577602e-06
-1.5224298263198106e-06
-1.1660293410372556e-06
-1.0968092252446942e-06
-1.1982539871136988e-06
-1.1443870509411195e-06
-9.76303295888912e-07
-1.063353529618269e-06
-1.055972863782664e-06
-1.0320108999586629e-06
-9.415721137002955e-07
-9.478586208359949e-07
-1.0870156060715203e-06
-7.943141040484551e-07
-7.444554348482999e-07
-7.367519940138903e-07
-5.934898198109634e-07
-5.610478941723913e-07
-5.790599839765632e-07
-8.311602580006859e-07
-4.782423054850313e-07
-2.805072377649305e-07
-2.8532790184645684e-07
-3.1983097326793336e-07
-5.729869227770694e-07
-6.278996698982564e-07
-4.493331291471332e-07
-4.144327901975666e-07
-4.6826601690082155e-07
-5.235160882921616e-07
-4.989118179604378e-07
-5.043172372319701e-07
-5.657239706286687e-07
-5.023163187037736e-07
-3.7773579414755826e-07
-2.2539248956810093e-07
-3.679955632277202e-07
-8.53458345112136e-07
-8.783118137974574e-07
-7.354948740450441e-07
-6.551446119388405e-07
-1.0019009546481392e-06
-7.935732232309498e-07
-1.0373765049319113e-06
-8.995109567862979e-07
-8.229017354526939e-07
-6.397864153363356e-07
-6.570630433956002e-07
-7.313023605871957e-07
-6.264831534919313e-07
-7.156103366864143e-07
-8.029374542683956e-07
-7.907276139220383e-07
-9.252731864967069e-07
-1.027444264048589e-06
-7.149441846949646e-07
-8.210096603944794e-07
-8.097871593884682e-07
-8.554398712215678e-07
-5.588860907023057e-07
-5.645091835842407e-07
-5.798894830231026e-07
-6.678835521498943e-07
-9.534646386599388e-07
-6.89051238034802e-07
-7.904904556875577e-07
-8.993484247072019e-07
-1.2482973264810398e-06
-1.1434089219972153e-06
-1.294886717830174e-06
-1.0271000982984262e-06
-1.0420885731868774e-06
-1.368583169575806e-06
-1.1990916061765256e-06
-9.002720866396709e-07
-9.179177560545495e-07
-1.0452258491624904e-06
-1.072938157131978e-06
-1.1973825880780824e-06
-1.0901275047654617e-06
-1.3401350169394653e-06
-1.219957699828764e-06
-1.0950968287083254e-06
-1.1552723638367949e-06
-1.048021665839713e-06
-9.860620559456313e-07
-8.343316677883547e-07
-1.1704558861212239e-06
-9.410794614832553e-07
-8.401694128767212e-07
-8.91018358327197e-07
-7.554190815003388e-07
-8.080797804955923e-07
-7.672363827877297e-07
-7.039603804412397e-07
-9.230568660017905e-07
-7.633422529939116e-07
-5.019406220413629e-07
-4.139648053804321e-07
-5.28030244947874e-07
-5.047783382670159e-07
-5.839108129656983e-07
-6.407008036395671e-07
-7.054558792358086e-07
-6.672708285657072e-07
-7.440480420311444e-07
-7.162290114240389e-07
-7.841073103333282e-07
-9.164978735484052e-07
-8.71576430266617e-07
-8.37344427593983e-07
-8.406955692217432e-07
-6.873809444052961e-07
-6.688549801800727e-07
-8.505791644766273e-07
-1.010672920444428e-06
-8.903709025327926e-07
-7.92649876360841e-07
-8.146484711412699e-07
-7.937354574329051e-07
-7.536238037340978e-07
-5.347347464186698e-07
-5.174500719311099e-07
-6.41643866803734e-07
-7.418191494464334e-07
-7.386250542875259e-07
-9.143075384275481e-07
-1.0669278429149433e-06
-1.1388301599317644e-06
-1.1070872155622675e-06
-1.3101476211928923e-06
-1.3698106058231937e-06
-1.6436610142471378e-06
-1.514677586071279e-06
-1.6681034649152496e-06
-1.675839087497021e-06
-1.3704865657279536e-06
-1.0760443225722544e-06
-1.1562740581233134e-06
-1.1524745972981114e-06
-1.0466419337350908e-06
-1.0857520958448421e-06
-9.595277379401155e-07
-8.750913567319215e-07
-7.540096088308393e-07
-9.088860757620123e-07
-7.766257707835182e-07
-9.120266332332861e-07
-1.211459225346481e-06
-1.0688254397164271e-06
-1.1438169193815854e-06
-9.842153269536813e-07
-9.861118093597674e-07
-1.0954841267159437e-06
-1.0285075038944539e-06
-7.818122766852761e-07
-7.408099531505653e-07
-1.1210997197941447e-06
-1.2263016902022715e-06
-1.2029697554786507e-06
-1.351928058425109e-06
-9.5702446790097e-07
-6.287401776202485e-07
-6.399710174236126e-07
-6.125074060213408e-07
-5.684248634231837e-07
-5.777164089131263e-07
-5.796297828478706e-07
-6.277612021941148e-07
-5.444661462837574e-07
-5.063846138687781e-07
-5.031795763517398e-07
-5.014542547676034e-07
-4.2335253874802034e-07
-5.412401328841895e-07
-5.156621108822989e-07
-4.647660224084878e-07
-3.664525361193947e-07
-3.7625903385211387e-07
-4.385174789628883e-07
-3.384796385293961e-07
-4.569407152327705e-07
-2.6204084059556e-07
-3.9218515668779205e-07
-5.227474927827883e-07
-2.987969815068422e-07
-2.4012882577796847e-07
-6.112413748551332e-07
-5.769687214266973e-07
-4.585253207131936e-07
-4.0732195423272566e-07
-4.2501995054838396e-07
-4.722107534210289e-07
-6.362575366759041e-07
-8.849032385058294e-07
-6.769933877368985e-07
-5.637147428264453e-07
-5.255802369718776e-07
-4.594671498463952e-07
-6.538114246797154e-07
-5.227564965159478e-07
-5.046865057409363e-07
-3.3700697812061783e-07
-3.0945476358146004e-07
-3.016439832041116e-07
-6.161862251724591e-07
-6.724329133890411e-07
-5.562656963408607e-07
-4.065578138813864e-07
-4.6782473196630193e-07
-5.013075864088362e-07
-3.283427265270887e-07
-1.2492995074617917e-07
-2.524383237088362e-07
-2.4270125668708224e-07
-3.0618379276597983e-07
-3.8778049587943867e-07
-2.645062300041181e-07
-3.13441269879657e-07
-4.105317563519134e-07
-4.1738584083879487e-07
-5.216822783992494e-07
-2.9306861086768044e-07
-2.0739479690201882e-07
-3.706310730363881e-07
-4.7150647029136665e-07
-2.0753326099836594e-07
-5.48374963932298e-07
-3.99098877632375e-07
-2.2075111541314899e-07
-1.5593414328249797e-07
-4.3216915251610605e-07
-5.856650394283255e-07
-4.160183692867802e-07
-5.536349696965828e-07
-6.796030924510711e-07
-5.779876850963831e-07
-5.387320309341174e-07
-4.7146017661446445e-07
-5.05846662954989e-07
