5.4578400867572725
3.6362249609352886
2.7005245270936387
2.8399356499962183
2.355784157048101
2.2283444594645845
1.8814667731091597
1.6964492685552957
1.4870519914488862
1.4097199224043584
1.2288032312324082
1.067174644573875
0.9587552607923314
0.8846897992534913
0.8466976004234259
0.7562586786090464
0.7134875400342803
0.6936397191838942
0.5696016569500384
0.5778124092713647
0.5280226248761882
0.48203983751760016
0.4423591999903969
0.391913892350335
0.384720119121282
0.3405923399588336
0.30202834696873376
0.299038613566022
0.25995216621220973
0.257818766977584
0.24086070957296676
0.22870641335696523
0.19976611480629747
0.19975818806003942
0.17228376125559156
0.16958809627786928
0.17237329835652548
0.16126778319248578
0.12775585321250602
0.15502588376672805
0.1426054392418271
0.12687269815891658
0.1176803000144782
0.13849173795998745
0.11922163304035971
0.12429585330940335
0.12120670354857609
0.12653577548579947
0.1101357456823082
0.10701073318773853
0.1114166921018994
0.11841933251918713
0.10740133830140754
0.12833390382381724
0.11167186603921911
0.09309675271852293
0.10624495194212574
0.1257271946279629
0.11320258043976365
0.11052701904512671
0.11640212558036117
0.10151628590107936
0.11109553990747267
0.1129033325566485
0.12273706363149635
0.10617285346835041
0.12031254241499456
0.1086947338561109
0.10417035282665418
0.10828407593467948
0.1051553255993117
0.10389101225629692
0.09876763052644505
0.09854566263696314
0.104653669345746
0.10637476359978251
0.09798987536434678
0.10542549032201666
0.10579964693338759
0.0992885499250353
0.10000989248679168
0.10265290637271128
0.10249870872475962
0.09711263974305188
0.1220678393256621
0.09622272518733381
0.0978902290210143
0.12929010860270995
0.09528571772186653
0.10030722598531756
0.11643457727378531
0.10369242566166972
0.10649343137291895
0.10088907703301749
0.10411843076091853
0.11395684404271668
0.11945680629435008
0.1048430665159949
0.11200789199295062
0.1230197663931851
0.12513015129724922
0.10129415335309139
0.11307694921539961
0.09471520962002958
0.10619038824612896
0.13560158290657337
0.11322848762021116
0.117906197532674
0.09398807294875977
0.1402875773833923
0.10388472569478757
0.11064347630177719
0.12811015302693282
0.10767903888895028
0.09640815106146308
0.11745834550010445
0.11540562656802544
0.09536968569939389
0.12864363381632374
0.11076019262975972
0.10937159492269806
0.1294471454212739
0.10230461006015674
0.11568122358648511
0.1187996277788087
0.1259296213519638
0.0933707508602706
0.11491406852365944
0.11190817939400997
0.11672277054479481
0.11818824984821612
0.10462469427738393
0.11070990766250137
0.10217552013911199
0.10675453436662159
0.10340607516548556
0.10858965477572106
0.10270332555333828
0.10534732526107489
0.10868404212870054
0.10835674027676113
0.11177570979529317
0.11296279113604754
0.10238590743825045
0.12396606467529267
0.09985543915451896
0.12235772503081008
0.10191372139751616
0.09651130936243504
0.10532328719779363
0.10629839122977
0.1050310511839242
0.10325631701540998
0.10930905615290006
0.11710210049531652
0.07815813213887125
0.11349518264920545
0.11362647381273733
0.10540647755471477
0.11171225334544653
0.10541939955420684
0.1031379091576167
0.10428200022357961
0.10748802714616708
0.09439781724401089
0.11853481466423019
0.10153323734867507
0.10893013793300244
0.09781507774681339
0.10584966928792605
0.10859505791028125
0.09170521192245887
0.11432259184126135
0.10038256738355984
0.09532548717992462
0.11158536935387098
0.09376569778280522
0.12220377369216083
0.09872792431058874
0.1055928827330902
0.10271206320317434
0.0885622438053479
0.09723889104940969
0.10982212505262831
0.10325580631531235
0.09839799904358992
0.11856540077217463
0.10720824653812536
0.10378090039307279
0.11866846909422589
0.11209025996082557
0.10391177985466261
0.10487333518129004
0.10270492935661173
0.10554812970382256
0.1095798599290783
0.11085852790299965
0.11061026304420354
0.09706587938294894
0.11353862487400572
0.10706399592395494
0.09061513012410075
0.10348789398625925
0.10572821965805539
0.1103278118138458
0.1011855763659907
0.11009973719500113
0.10157805466619522
0.1070348966218855
0.10231047498561657
0.10218760095101417
0.10533741808941831
0.10275848369465033
0.10245233020353792
0.10430729541711617
0.1222744963226327
0.09953924490854252
0.12270030282788734
0.10837737467490892
0.12169930301783809
0.12167610332708927
0.1075754334586605
0.12232219788880236
0.10454202892150784
0.1156396451709873
0.10974140398784717
0.11759855672447146
0.10086762990829522
0.11030202930239771
0.10616192095103147
0.10957860852173273
0.1068486627680587
0.09900341069231322
0.1175116707969025
0.09076693067934526
0.12579505310893274
0.08219597649598576
0.10166723808894555
0.10854027712501693
0.11125860237044052
0.1023207320831716
0.09896561600591826
0.11480710310254084
0.08844443773631465
0.11688035768304911
0.0970155133433856
0.10281469663575568
0.11538907842697117
0.09187499408110761
0.10541580124602963
0.10906670514774253
0.10535623040893857
0.09485459435677183
0.11096432653215269
0.09049937405085286
0.1177796696893115
0.09710644100846695
0.11286866988065532
0.1041820362240643
0.09447511280819341
0.13144714567992513
0.10109631132428953
0.11985003302528428
0.11249883183568338
0.10855465307426841
0.12367899641495846
0.09592905359855597
0.13122343279394336
0.10988428592310706
0.09075015044663155
0.11767039240584236
0.11937856445412921
0.09575194030649205
0.0966976036425626
0.1081975178229555
0.1024815678221943
0.10873378026366666
0.10742690550683039
0.10690673999488354
0.10586679678417041
0.10489888019535852
0.10492865609737329
0.10551112247597211
0.1037463900467391
0.11106025020126253
0.1067340736736314
0.10228999501661114
0.10043064485796714
0.11277463077904953
0.10221266778239953
0.09544113829084065
0.10745866104970565
0.11558944593095963
0.09546857694352882
0.09621494918064855
0.11261428695887435
0.10362816063908226
0.1036656603379094
0.11534492223375085
0.11046810586518352
0.09936968348009269
0.10102155780929235
0.11066653743045458
0.11440766971234394
0.11632402480809369
0.11330243005405477
0.1065343615828433
0.10260586294474627
0.10881826728312434
0.10071123665935981
0.10612620062032796
0.1142987346182159
0.09990703299864316
0.10148006979801247
0.11632705923039939
0.10571084691943816
0.0960930179082451
0.10329887189942857
0.11943963013397044
0.09247317321369074
0.10232424000708346
0.11004627204881441
0.10270050072205672
0.09774752828272303
0.09693873941938838
0.11681345099519155
0.09259663107028852
0.1049915680217226
0.1098093321442307
0.10458499960689063
0.08940080097049165
0.11363563484485274
0.11488650345068047
0.09653966980513887
0.11260891121481478
0.09107545906664345
0.12514624462557444
0.10143998298809638
0.10885881605571594
0.10003451413501972
0.10362141736972051
0.11045958033924841
0.10845637878578535
0.09935504512733145
0.11615849569763827
0.10903447211477095
0.11001067480791117
0.10281245773017028
0.10742685096878288
0.10582272014816872
0.10562441130911095
0.10808857260406882
0.10646002221366634
0.10510285654226723
0.10434253816324138
0.09744605787294121
0.0951024887179011
0.11264066038816911
0.08282452103584007
0.11811798247609935
0.10321879524575628
0.10464847298166917
0.1026498793921285
0.10855790170962396
0.10738942870681269
0.0980617025853607
0.10671854417339183
0.12099641467026179
0.10097075094455395
0.09100466583639491
0.11111735616662148
0.11299892369931078
0.10387755623357235
0.098089843529506
0.11505834717283268
0.10329230112003406
0.09882871044522988
0.11824189933975214
0.10289642036609027
0.11895089132029671
0.10614257493137341
0.09170477293040333
0.13164530286187495
0.08527785002429417
0.1024296044682463
0.11975199618187828
0.08908176652419017
0.09936954006485209
0.09659787710035639
0.12693604552254512
0.08925351643583913
0.10018996726316602
0.1188758303127859
0.10371049500299968
0.10805741418153048
0.11016380646395955
0.11345605796963935
0.0981518664781976
0.10316247821775386
0.09970541072898018
0.10529774075131053
0.09931544729751414
0.10616021641982261
0.0973796544569558
0.10823576629964932
0.10433115242357008
0.13024902934262503
0.08667347294386422
0.11809637625802956
0.09516519570003594
0.1014848382874861
0.1088943131170168
0.11735921221670519
0.09633462918007854
0.10669032912952336
0.10914380442725656
0.10398805871659862
0.10041414799406598
0.1071733802664971
0.09886948196082443
0.10631595546568649
0.10282679787580518
0.10518178563780975
0.10346045686215487
0.10253716126907671
0.09159612984470752
0.11792411970183847
0.10085074142282964
0.11527396305261747
0.09707362786023135
0.10901570774655303
0.09891773132688325
0.11006970829127924
0.10899075858321959
0.10135668192052052
0.0919303251295418
0.1113758597196505
0.10085542479772931
0.096862086951159
0.10203144178207815
0.08811767656268363
0.1010949280369433
0.09522356543743955
0.11798426377134856
0.0953320402693572
0.10302645440442838
0.12119091365341286
0.11173916478277322
0.09121138707100265
0.1014535127809116
0.1167366395002582
0.08728300854448642
0.10399255678530081
0.10669525992800144
0.10825423676346807
0.11543091017739389
0.09691472456156128
0.10865563464239644
0.09507928113959244
0.09229511812167324
0.12010094164103013
0.1018691022536191
0.0921797294650932
0.10173359657283468
0.11600548271899638
0.09894665924282205
0.10265528955969258
0.12156901013888959
0.09846371895415307
0.09071684507923065
0.12957437348929976
0.08407874292680535
0.11849236059124055
0.11022466247179208
0.09729497759953896
0.10629500830680996
0.10904564792745867
0.09206250831577589
0.11564684719981058
0.1023525891393639
0.09979106467759213
0.10666579769357391
0.10028928616784337
0.10095947323555964
0.10575548634422349
0.10425281938691826
0.10013339923613745
0.10374817583710799
0.10035282686568689
0.10335483739618212
0.10170403734335433
0.10037055241780868
0.09728079507350111
0.10493017342346518
0.0975819237625557
0.10793323952205264
0.09893089134340594
0.10111909925910657
0.09912104197723819
0.0900469635700996
0.11513523066051952
0.10883920457875491
0.08183812203967228
0.11479440217405773
0.11004595509375972
0.11054958791161577
0.09226896054705308
0.11764667776035334
0.1083878459302587
0.09868626502060764
0.09382680910251413
0.12131243521698575
0.08264912299109974
0.0889309644125456
0.11549429166589634
0.09458863943818606
0.11066616728119012
0.08849387056450697
0.11051403980810141
0.11311772052937633
0.09323988857078433
0.1020581768285753
0.11093769007551389
0.0775645329495487
0.11747946782354805
0.08872499294660013
0.11565313418733253
0.10961183669733936
0.09419236526203652
0.11143426927636661
0.10020836951646386
0.08867925820548249
0.10294698008278763
0.10983941033887475
0.10138772285806583
0.11105647033242427
0.11017073022093678
0.11862858914452996
0.09229227618577526
0.11603853152389976
0.09260168082656109
0.11351258006365295
0.10833869157932645
0.09354871358938407
0.10057626933237349
0.09491572068140343
0.10380363225113547
0.10548483985105017
0.09195831814861816
0.10143542528638373
0.11408134218283417
0.09964552107587646
0.100468145761018
0.10432054976632386
0.10434447067782984
0.10510492994301561
0.100945230112816
0.11062697828426768
0.10072029361913008
0.10592454313039038
0.10422244142282053
0.10748920546156233
0.10562570515574644
0.10299742118576946
0.10893431214524595
0.09964008853379366
0.11441615459535978
0.09964240866078847
0.0946192527324825
0.12496278347089833
0.10210129204948527
0.0946055238069359
0.11841014583963745
0.0978954089164356
0.09556525106798264
0.10368102295003642
0.09952127572931045
0.10729110486758198
0.10085995569555224
0.11196248958805118
0.10564336797519439
0.08606235010117508
0.10936306899521446
0.09018624687999272
0.10808711799968412
0.10447608875920592
0.09845865719641249
0.10356174179595774
0.09544998634458128
0.10248047293271816
0.11764832829003749
0.09635827799354667
0.10293777722298451
0.11907639467466177
0.09804668763699474
0.10770880606403385
0.09313452729925896
0.09035008323743292
0.10295232924619231
0.11468122567158139
