2.199990796006244
2.0843765822009765
1.8391180245772651
1.7980089101238528
1.5790674530941506
1.58607502432837
1.351668950440227
1.1822539688884348
1.063829563666081
1.0346541655236396
0.909281623536262
0.7691481623096742
0.6956462687340336
0.6334830457749574
0.5930039372997008
0.5472900219585585
0.5020096807376199
0.4915822528410649
0.40943431292755017
0.4084053082742553
0.3734525187291961
0.334126941319825
0.30058992254561273
0.27211965674507443
0.25651645088109415
0.22465027776965196
0.19898732568042865
0.1903966880147008
0.16506069191340086
0.1584679608611201
0.14474422118855992
0.1347550117099435
0.11599423609120582
0.1132043413075524
0.09341357606952416
0.09140207921492233
0.08941072364931629
0.08232572945037289
0.06067883508090956
0.0751557458171864
0.06717320345974852
0.056831514108521136
0.050387889640304544
0.06224001519233528
0.049466030897430915
0.05327683203327267
0.05014910970213891
0.05382407966501795
0.042654892676037504
0.040624847834713866
0.04281397103635675
0.047107126297213246
0.04137245684134963
0.05244152408862567
0.042918278143970645
0.03125700124466042
0.03874817106407136
0.05139546372405333
0.043642878374658474
0.042513991620027176
0.04536733860689877
0.035517825974502426
0.04262748305294393
0.04296754581340845
0.049980835499835834
0.0396170818813793
0.04778383591758978
0.040750954538057355
0.03688854514115045
0.03980461462566197
0.037398572373406394
0.03686234481991024
0.03326782983461179
0.03283739257840089
0.036513244294126154
0.0381994224157677
0.032986903023244675
0.037225165323394795
0.037279311849725556
0.03338975764041686
0.03378221384195638
0.03567165928256725
0.03505699627398365
0.03259697834131446
0.04757375306571308
0.031139332787606163
0.03359651586810208
0.05289285681320125
0.03129904651997503
0.034959987327254013
0.04416091466449923
0.03551281207119641
0.0384762858561969
0.03645365814799848
0.03737063889633831
0.04350780932894112
0.04786410314314391
0.04020077860121197
0.04358919714602804
0.05058604280423859
0.05170031364516193
0.03680157797002787
0.043213539965622855
0.03196178071970201
0.039209079514493816
0.05770398608992632
0.04310754860710839
0.04798666044286844
0.032857836764035885
0.061674395582868136
0.03890445606995617
0.04284238677570576
0.05376830658845037
0.040638948876775154
0.03375279730644779
0.046749519516605935
0.046469820125122976
0.03248090101355363
0.053303532126913036
0.0419928910922718
0.042103829268075904
0.05395585982857839
0.037912524506058275
0.04609865075368704
0.048516238905469196
0.05152047764251778
0.03266863245232304
0.04475451570908553
0.042201092375604356
0.0467073344279661
0.046681569001731885
0.03849491714651737
0.04183432280990309
0.036420696700140295
0.038475654141950436
0.03696225226799404
0.0397385533872074
0.036055869869111724
0.03809175925994498
0.03994428569390236
0.04024074495554078
0.042739281909155616
0.04361740838857773
0.03674693528201728
0.049856712177827736
0.03594328753947132
0.048964605261774166
0.03659600405481415
0.03259886508686063
0.037103536876215454
0.03783040656876899
0.03825751249678433
0.036252747164985194
0.041485842296253024
0.04497630502758683
0.023078849383294426
0.0426679900484632
0.042974495525097314
0.03770410241744737
0.04181093540029141
0.03801813405816969
0.03698682800640581
0.03655770918408382
0.041083538110125
0.030604240887771375
0.04632961588230092
0.036237804021726806
0.0402650114379188
0.03285744619569269
0.03859872075533359
0.03915315936150812
0.02914265631630585
0.042788534916168
0.03402893220234124
0.0313670182738966
0.04151731010263219
0.030456380898375875
0.048062998884141554
0.03255298370124259
0.03944691913341597
0.035516082642404224
0.026104286645431126
0.033412110868611955
0.039786452765785754
0.037823503702015114
0.034510078670396266
0.04664521629372072
0.03923764072723039
0.0388332889634657
0.04663539712782949
0.043515165461281285
0.03704054848619136
0.038910189263887056
0.0375953353671492
0.03907896459787625
0.04201228300909228
0.042723340752527816
0.04139259556625578
0.03447862663681693
0.043369210308309696
0.03904647028294689
0.029128214592397537
0.0371150804866625
0.03944458263804731
0.04041411692910976
0.036152985669078604
0.041184485778195674
0.03602162821798761
0.03924050928891529
0.036681019768550774
0.036171757128508085
0.038184636044720915
0.036782698520202786
0.036801790143700615
0.03849663242674095
0.04918461854222055
0.03672792358269942
0.05030818183170767
0.04149087752043472
0.05022414218283434
0.04939913122064393
0.041896176836588354
0.05024045504177448
0.04011250531597846
0.04550618152016018
0.04171483296195747
0.04658364831213502
0.03698688706730457
0.04492178525390994
0.03889479814097285
0.041570247544913785
0.039358177914054715
0.034765016796038675
0.045290204164896
0.029239034342606537
0.050455230082371745
0.02630598639961386
0.03547166166337801
0.04058597832783193
0.041405509718680296
0.036274118525688064
0.03395201712661167
0.04410720269357705
0.02825924311553641
0.045656067460937345
0.03345664474856702
0.03743513474794294
0.04486474410657757
0.030314085416266345
0.038524587750029954
0.041576590290313346
0.03719767352120708
0.03414089186201412
0.041450345823988384
0.029570388922761398
0.04596200400366164
0.03413004428823141
0.04351944069756006
0.03852245320592993
0.03371436566289892
0.05490033437862345
0.03723474412454643
0.04937322775030212
0.044196683796210404
0.04146780008180202
0.05131649188832312
0.034297213101746056
0.054653497583205826
0.043174358418859214
0.030099955336798146
0.048218232236188444
0.04615552858382031
0.031954811831963234
0.032896243093157376
0.0403830196549846
0.03703145300497072
0.0407547373533421
0.04021699233250557
0.0399063914352893
0.038839671794119277
0.03808555802485595
0.0382939632712067
0.0386408215145702
0.038092842910175576
0.04249670725498025
0.03988559327115291
0.03677817617215729
0.03556727989073978
0.04281928287346618
0.037023330284485026
0.03200157321618357
0.039065033949251905
0.04363006261258345
0.0321315046884052
0.033071150238949645
0.043121116893430095
0.037437506726153355
0.037274488330602755
0.044423046003878655
0.04245758918788878
0.03482669391319244
0.03584834050886549
0.041482511599484045
0.044818688881671245
0.04575227080478225
0.044648242356809045
0.038293927148713366
0.03687489079490753
0.0406150128658645
0.03590064260451059
0.03871704022542648
0.04382545018798091
0.035153514064470495
0.03649542028627669
0.045387551507345684
0.03815254216770763
0.03443209415527763
0.03578545015804686
0.04707968574307481
0.031003274409896763
0.03584653524929941
0.04087227295014494
0.03696720008198442
0.033730756229909974
0.03328308970473396
0.0447716511818884
0.03055290606858182
0.03748544767913172
0.04091190723904773
0.03773581273718805
0.02935908691353583
0.04265713280967801
0.04360919123755066
0.03357207109102223
0.04231938864340655
0.030102856172100248
0.050087326166618186
0.03612960555725242
0.04114215940775255
0.0355124190868135
0.03780587207175035
0.04157321810287059
0.04157750785647743
0.0353822116655689
0.04511872536428543
0.04118766049024365
0.04138121188388787
0.03814962145912906
0.039957212317950914
0.03896668956334959
0.03907323592220959
0.04057042037163847
0.03933864502840257
0.03808618191818612
0.037652056255931224
0.03285612940849007
0.03136372574996473
0.04286393099143912
0.024969941545007885
0.04535277452542568
0.03717730276327094
0.038580494276517864
0.03754013094315441
0.04027329230587423
0.04121511715440673
0.033665238880411896
0.039334423883912575
0.048412730809355126
0.036032176104144775
0.030196785943637908
0.0411910640705964
0.04355548948586912
0.037850942108375224
0.03360814472451212
0.04421187805533207
0.03707446908220595
0.03432605320425785
0.04669590284659838
0.037652218846799944
0.04739904521029793
0.03945764227250618
0.030629470940186657
0.054687022928323975
0.025011936901137233
0.03704605607714072
0.04648833086147257
0.028935537999369324
0.034617510415019766
0.034598746824406626
0.05152902498409368
0.029651800742494346
0.03473500545690025
0.046219668681800795
0.038243499631737024
0.04001471834203255
0.041461436284209965
0.04280882573133884
0.035339110050910574
0.0362308060284704
0.035370561803785575
0.03727579837752695
0.03399855281273578
0.04071090382395609
0.033274955459975004
0.04053579852030532
0.03892241573413375
0.05362909700488672
0.02726604600868903
0.045887610554506165
0.032221484905702695
0.0360688531726592
0.040936473920684904
0.04565669833412529
0.03287312361530696
0.0400445760106263
0.0412116185380264
0.037690303065481705
0.035965135537823524
0.03943852943822107
0.034734399650124426
0.03941179410121286
0.03721944058475935
0.03815227618405766
0.03728374106593538
0.036409476296166365
0.030428261873211064
0.04522293099316944
0.03506611942050412
0.044700013811487464
0.0340312628912321
0.041143861558774246
0.03469118757504106
0.040461390898849786
0.040341341799712216
0.0358276167145063
0.030421372363006398
0.04113204920397855
0.036564090815575226
0.032129667817439506
0.03606564006380116
0.027139912015232054
0.03565034626787393
0.0321849881236077
0.046271161778692484
0.03305086727503795
0.03814572548203548
0.04796213300669215
0.042512510696078476
0.03096330643840728
0.0346366163322945
0.04575890780382695
0.027993109050220337
0.03807304457639449
0.03829097238106086
0.04124077638055272
0.044512604194544794
0.03274068438896802
0.040212050377242806
0.032397797213533246
0.03158196115575687
0.04613203534255803
0.036536269139606455
0.03077532811785468
0.03655473966205466
0.04510424777433492
0.03586797948008862
0.03642703686710919
0.049053515537061554
0.03469386500427905
0.030315821452160784
0.05414396833836783
0.024955787893027857
0.04741736284484142
0.04124105042960171
0.034409268592160355
0.03921244016079151
0.04073702279930475
0.030579828491866374
0.04433931029010294
0.03784845208081052
0.03548372417529775
0.03951251498580424
0.03588425950484647
0.0357820364896316
0.039439199596940394
0.03810507535661969
0.03579800361278129
0.03753204842655248
0.0359477909242623
0.03756911697933717
0.036166074598019106
0.03528699486987139
0.033586253214667995
0.038458431263385086
0.034395160490838454
0.04036107033046036
0.03526186431164219
0.03632594466182417
0.034485472926357084
0.03003923905055052
0.04434102556484319
0.04107012584522043
0.02487027809229403
0.044507359016173774
0.04180793532683258
0.04240641251975751
0.032130192538412906
0.04642261251464715
0.042077445944533276
0.03454889397582282
0.032545859015216054
0.048223256956839905
0.025335426589689618
0.02807567590903288
0.04597363386151762
0.03243461053184085
0.042610462762135336
0.028789096736295174
0.04257153493750408
0.04440644582348835
0.032010034706942955
0.03730389045929347
0.04310722377735858
0.02183956143183067
0.045873419607760035
0.030216877622043958
0.04520656935705304
0.04286713599171692
0.03383769817225149
0.042954885324486866
0.03583743920941176
0.029627706729840702
0.03786790313914526
0.04252649123604963
0.0383237436366524
0.043381045093300985
0.042684249376601445
0.04947525936016894
0.031522596502960055
0.04648132931586166
0.03245398290333021
0.04405804108018461
0.04134980080804477
0.03203943285389223
0.03638910702294738
0.03294316995838333
0.038426671249697494
0.03935298570802948
0.03104767450523745
0.0369005145545563
0.04440188452102028
0.03600678274338809
0.03739038663755876
0.039230331628367414
0.038882918461846806
0.039521296921547204
0.037167454808208066
0.04306252737381104
0.03661723618827544
0.040491376170024705
0.03923195334315044
0.040960246992324464
0.03971137631806019
0.038621342413640326
0.042070940717298916
0.036481088634742344
0.04502886631762258
0.0368009306308206
0.033442676061658065
0.051248516222783466
0.03776869757532857
0.03366409570014145
0.046258755228811184
0.03499086666873326
0.033496198828578454
0.038040023290322744
0.0355350717065343
0.04000363807173689
0.036119119622710874
0.04317973339356536
0.03876541310708727
0.0285510758850791
0.04116128932050281
0.030282375983138016
0.041106388614803174
0.03823871955282284
0.035192110865930284
0.03733331134603561
0.03314130948991447
0.038249165448613225
0.04662565624027554
0.034536017148849976
0.03819096305127512
0.04616781581611629
0.03484513541764539
0.0411280137001692
0.03135669437588017
0.030805122049903308
0.037177085675255614
0.045206446681455105
