-0.00013350541479851836
-0.0001315235232418079
-0.00012251529899557406
-0.00011535750831092668
-0.00011532185168977341
-0.0001096105294983726
-0.00010850912624754119
-0.0001110612708768146
-0.00011155491454806854
-0.00011291280110447627
-0.00011096373677044512
-0.00010956068265089846
-0.00011176226436636289
-0.00011278311306512848
-0.00011303629392953725
-0.00011317258990923132
-0.00011424296309891413
-0.00011327285091797619
-0.00011371182241102518
-0.00011363928986585064
-0.00011180731203437418
-0.00011198187955111887
-0.00011125345021803471
-0.00011046549690840091
-0.00010930087591987103
-0.00010958799712302542
-0.0001081900160331144
-0.00010826450507274653
-0.00010825390579512991
-0.0001085726218424616
-0.00010776811319848765
-0.0001065628369004749
-0.00010530593620690827
-0.00010505063708979583
-0.00010451472632627448
-0.00010328053927430344
-0.00010273493619709937
-0.00010167925738378604
-0.00010068259396813
-0.00010049928644456077
-9.911922719818877e-05
-9.846551214307682e-05
-9.772993107090124e-05
-9.712935929385729e-05
-9.648535342421383e-05
-9.540557389761713e-05
-9.521742269525008e-05
-9.446603761044453e-05
-9.308123718137327e-05
-9.205049855813411e-05
-9.127523799838525e-05
-8.954111958239767e-05
-8.844239999999063e-05
-8.700223649308707e-05
-8.542193329734458e-05
-8.442060240760338e-05
-8.299612734159724e-05
-8.133943871750186e-05
-8.043245928264156e-05
-7.937286473874785e-05
-7.943371568124849e-05
-7.805329031712525e-05
-7.578767405863366e-05
-7.441586058121175e-05
-7.223859153083944e-05
-7.07239762076811e-05
-6.867470664724681e-05
-6.791859577524652e-05
-6.603369009731661e-05
-6.547492829259431e-05
-6.49993870984358e-05
-6.30044723157366e-05
-6.161149065229583e-05
-6.105887450098965e-05
-5.904346993623261e-05
-5.7894341148641907e-05
-5.722005553779773e-05
-5.7012659585714154e-05
-5.4813527126300514e-05
-5.416352070059857e-05
-5.291220282821956e-05
-5.147114205865891e-05
-5.0703946581579395e-05
-4.963687841655633e-05
-4.8942481004379935e-05
-4.7222095905664794e-05
-4.5343387761892266e-05
-4.513873004791516e-05
-4.4609520230459154e-05
-4.3402864611235216e-05
-4.1842886697639294e-05
-4.109042028953875e-05
-4.1159631623684064e-05
-3.961317823901165e-05
-3.83274085491565e-05
-3.63281851868901e-05
-3.547790992593366e-05
-3.3739715075606235e-05
-3.2919535337039605e-05
-3.202539432938953e-05
-3.1499439395754934e-05
-3.093912006158422e-05
-3.105269768085513e-05
-3.036628146693819e-05
-2.925833918646052e-05
-2.9195006377910655e-05
-2.869692769414489e-05
-2.795323991344101e-05
-2.7776550664186843e-05
-2.721026654741592e-05
-2.7434692115554977e-05
-2.6323576937589888e-05
-2.603845211484915e-05
-2.5524544084412586e-05
-2.5865615775135506e-05
-2.513616250919016e-05
-2.513728192581397e-05
-2.4341622691650443e-05
-2.365034389726318e-05
-2.3501664422244925e-05
-2.2838908594364867e-05
-2.188244961607911e-05
-2.0826038198192954e-05
-1.941886525394469e-05
-1.9545082898770012e-05
-1.9879195505105283e-05
-1.9692407833012428e-05
-1.9443544405858383e-05
-1.8935409399631865e-05
-1.9655948404840235e-05
-1.944344011713258e-05
-1.8719486499743443e-05
-1.798672557292182e-05
-1.802545130371784e-05
-1.7997458770338014e-05
-1.734813457111106e-05
-1.6505033984329835e-05
-1.6158862835900568e-05
-1.4911479951663658e-05
-1.4502639569927588e-05
-1.4084084967549458e-05
-1.356373650196474e-05
-1.3279124911038537e-05
-1.4181336761491062e-05
-1.3238871571851686e-05
-1.2737016442005752e-05
-1.1951503794356857e-05
-1.1354672887651047e-05
-1.1253472871760385e-05
-1.170355063958846e-05
-1.1008185300970977e-05
-1.1316424061605822e-05
-1.0578064166770343e-05
-1.0326076809850866e-05
-9.667441586118557e-06
-9.669978839077015e-06
-9.167690710666543e-06
-9.15131916016158e-06
-9.099318932398539e-06
-8.820995284675492e-06
-8.968294304909447e-06
-8.845795399384519e-06
-8.660790719158536e-06
-9.025585814674411e-06
-9.227454029314686e-06
-9.604397509183796e-06
-9.148469607812265e-06
-8.279048600250963e-06
-8.15349255350631e-06
-8.176063826228358e-06
-8.406275138322203e-06
-8.351954776393857e-06
-8.150540465515181e-06
-8.08811846977535e-06
-7.421212894373837e-06
-6.878428927808747e-06
-6.9345609702303186e-06
-7.126738281563714e-06
-7.149675408415361e-06
-7.486438051642651e-06
-7.142209933195061e-06
-7.006320102200203e-06
-7.378369650393944e-06
-7.00478888219273e-06
-7.152295721966041e-06
-7.181949335379455e-06
-7.0556262484836e-06
-6.618158908088884e-06
-7.196784320947937e-06
-6.7181353702123845e-06
-6.752369950265637e-06
-7.020730294428084e-06
-7.223799213428772e-06
-7.090790503476139e-06
-6.342564897815886e-06
-6.296970689394241e-06
-5.86876288819611e-06
-6.139112534530822e-06
-5.925566052030552e-06
-5.801649857185902e-06
-5.599279430116176e-06
-5.511112914868188e-06
-5.241775641585211e-06
-5.165634399378652e-06
-4.874884015789839e-06
-5.187587518868394e-06
-5.04552928390879e-06
-4.549502914480821e-06
-4.6201140466492045e-06
-3.753074106102956e-06
-3.908816127121732e-06
-4.638684208328124e-06
-4.397068537861966e-06
-4.362822740707391e-06
-4.2208796227329745e-06
-4.223153273810369e-06
-4.180410285144994e-06
-3.6000164554011924e-06
-3.5007891763571948e-06
-3.1941374642053195e-06
-3.210405177436558e-06
-3.127755690002232e-06
-3.654272104804345e-06
-3.4916290752480035e-06
-3.491313111516175e-06
-2.927474958820655e-06
-3.0003887239718754e-06
-3.1280471929399622e-06
-3.0463012192911636e-06
-3.0222239914017837e-06
-3.26689912295821e-06
-2.636400646830831e-06
-2.480773943808753e-06
-3.0731226002978436e-06
-3.6583232644182355e-06
-3.6760138491576915e-06
-3.6404040538004865e-06
-3.607811220427865e-06
-3.385275799766954e-06
-3.3455570127958e-06
-3.2058689012573915e-06
-3.1303688429297703e-06
-3.076462867877284e-06
-2.984079612255353e-06
-2.9250083795320108e-06
-2.679572267827124e-06
-2.77525508125478e-06
-3.0599941002973523e-06
-3.326484091672498e-06
-3.0552446761261756e-06
-2.98123572777157e-06
-2.8665781659240737e-06
-2.8869321366969878e-06
-2.633820532286916e-06
-2.495372931978478e-06
-2.3662955392364235e-06
-2.388011975911112e-06
-2.9342674145521848e-06
-3.0857917165016313e-06
-2.6917029236242143e-06
-2.559183637155608e-06
-2.541818051780127e-06
-2.60872697043047e-06
-2.739343735679606e-06
-2.579161802081533e-06
-2.696859900279905e-06
-3.0404831289595915e-06
-3.1055996279737093e-06
-3.168193508326363e-06
-2.953335106080951e-06
-2.7054194679690027e-06
-2.4365872311624326e-06
-2.219875104065463e-06
-2.4902837654024e-06
-2.1798271261460562e-06
-2.4030698404058586e-06
-2.201431971775162e-06
-2.344078616854107e-06
-2.3157243022992127e-06
-2.2472163568570554e-06
-2.0405315736106653e-06
-2.2783345599052245e-06
-2.048201894388552e-06
-2.191779540753223e-06
-2.3628657589248125e-06
-2.492780776515576e-06
-2.2542280403549606e-06
-2.1319573916380117e-06
-1.994259936628109e-06
-2.0724102032018243e-06
-1.8905562976636945e-06
-1.9020009539008902e-06
-1.7004811597607972e-06
-1.7398218605576667e-06
-1.8475517254705336e-06
-1.7184956992634293e-06
-1.6235673298148827e-06
-1.2192852778568615e-06
-1.3396899647346614e-06
-1.0796299394327882e-06
-1.3429415153897961e-06
-1.290799558035729e-06
-1.1905439024580435e-06
-1.3136144188124952e-06
-1.6259857355417688e-06
-1.769166520927578e-06
-1.765038031197142e-06
-1.5912515660945075e-06
-1.2364814747870432e-06
-1.7466369366746326e-06
-2.040322137741052e-06
-1.8564045327049983e-06
-2.0655381881031487e-06
-1.9081709099381166e-06
-1.9627850139406053e-06
-1.9873936058713193e-06
-1.716109799733955e-06
-1.93908692012158e-06
-2.453110028000083e-06
-2.3219535007123393e-06
-2.0987894841064057e-06
-2.2788375137705756e-06
-2.4260845906531396e-06
-2.4224577086699908e-06
-2.033644144883484e-06
-2.022619324252182e-06
-2.102001830926515e-06
-1.722568358870732e-06
-1.8369979753133257e-06
-1.8776331803499067e-06
-1.7306777546922525e-06
-1.8315986249101537e-06
-1.8074649490343924e-06
-1.8148481858325016e-06
-1.6258458381212288e-06
-1.4483477877508013e-06
-1.3432347549351633e-06
-1.3937439353353314e-06
-1.62010951993105e-06
-1.657536243500004e-06
-1.5775489788685935e-06
-1.4987916196385387e-06
-1.696056303273139e-06
-1.68147478168554e-06
-1.4815297248972363e-06
-1.4725967420800126e-06
-1.8407766671204455e-06
-1.9412579647088433e-06
-1.807165661019731e-06
-1.6974733553333732e-06
-1.2667029819646773e-06
-1.3333793632504556e-06
-1.7125435770930895e-06
-1.629635099508986e-06
-1.8223992820703248e-06
-2.1138327307805107e-06
-2.037021874747407e-06
-2.4069537221953068e-06
-2.6793810202039112e-06
-2.517625037965616e-06
-2.131540828235882e-06
-2.221551164399463e-06
-2.4374138069686233e-06
-2.569300216935622e-06
-2.09058607256536e-06
-2.0178216770901876e-06
-2.039414938195293e-06
-2.1648438122070544e-06
-2.114542548556726e-06
-2.3422733522528545e-06
-2.043638610171067e-06
-2.1066425622426532e-06
-1.9771010026185345e-06
-2.0123687686530016e-06
-2.049365276513487e-06
-2.0690328539416627e-06
-2.3973399018596746e-06
-2.8565171707695285e-06
-2.580927480596364e-06
-2.8240246717979205e-06
-3.0407591803732035e-06
-2.1593579609490945e-06
-2.17202729299311e-06
-2.1600319459521677e-06
-1.9646669430137305e-06
-2.3610291908999383e-06
-2.4317733416113616e-06
-1.9272477656145845e-06
-1.8220816443410013e-06
-1.8727204227932659e-06
-1.968065360586848e-06
-1.8707013709174951e-06
-1.8064077191108179e-06
-1.860369387532705e-06
-1.7069267717791565e-06
-1.8730742063464434e-06
-2.231309699841338e-06
-2.419823658783571e-06
-2.1587189997302154e-06
-2.2310156134114116e-06
-2.3133513416499794e-06
-2.1213658167165494e-06
-2.139627862350713e-06
-2.3658202788256872e-06
-2.291166597585644e-06
-2.316347945452435e-06
-2.602709315212543e-06
-2.671664023564781e-06
-2.625810240082817e-06
-2.2148650997764165e-06
-2.353753610594245e-06
-2.1609201136622382e-06
-2.5445413623105115e-06
-2.42913920769554e-06
-2.6142108610023884e-06
-2.6225235898522627e-06
-2.9071084132949077e-06
-2.9962465325060412e-06
-2.8725074386876668e-06
-2.7007716106300652e-06
-2.4739149203146487e-06
-2.459140923615516e-06
-2.6529208272235785e-06
-2.4317536985029657e-06
-2.2573149016207554e-06
-2.1020404762131637e-06
-1.8852141762260504e-06
-1.7916928494531126e-06
-1.8100600356405452e-06
-1.807012869205104e-06
-1.7562106749856088e-06
-1.8328591301948451e-06
-1.8657748638440312e-06
-1.8249444980503302e-06
-2.0643365544764083e-06
-2.1847408854649775e-06
-2.018134144539848e-06
-2.136410528138462e-06
-2.013814197936512e-06
-1.8509577600617786e-06
-1.869081513072213e-06
-1.7160740493425797e-06
-1.605318087954863e-06
-1.6443210745859214e-06
-1.6084518821130125e-06
-1.6032103026784328e-06
-1.3016866643633018e-06
-1.6093785583559994e-06
-1.5876957680423705e-06
-1.5460409667207715e-06
-1.9229845157905654e-06
-1.8289400466765864e-06
-1.8614691676386586e-06
-2.1107856384886596e-06
-2.1626266684309128e-06
-2.069929808490944e-06
-2.1317230830654674e-06
-2.0289117308994467e-06
-2.0606350098983124e-06
-1.9233989751623795e-06
-1.992474298658899e-06
-1.9722640511157596e-06
-1.7910934232439604e-06
-1.9822428721058913e-06
-1.7398377388193351e-06
-1.7935652156507864e-06
-1.7853888681676597e-06
-2.0341865299575357e-06
-2.27319842913172e-06
-2.0680950034358725e-06
-2.1933212364261188e-06
-1.88934561028082e-06
-1.8810468533785383e-06
-1.8652000977928527e-06
-1.6555707496582477e-06
-1.6873654289341082e-06
-1.7711457247429094e-06
-1.8250815302330328e-06
-1.7281576585604774e-06
-1.6884759845751156e-06
-1.5839576838555767e-06
-1.884995862897283e-06
-2.012814860975503e-06
-1.9851820838269214e-06
-2.1092792055070815e-06
-1.9284227141395314e-06
-1.6840062234341926e-06
-1.6377292168080981e-06
-1.5365229563795382e-06
-1.7584242977650517e-06
-1.6183632373793153e-06
-2.021918802434495e-06
-2.1238477766809924e-06
-2.364900895016668e-06
-2.004909867497665e-06
-2.236537541292542e-06
-2.0575450444875574e-06
-1.4475492415168327e-06
-1.7519887396174718e-06
-1.5206523990538856e-06
-1.5484503697682184e-06
-1.3860285665599066e-06
-1.1516656879552023e-06
-1.2072741645934528e-06
-1.209807862778689e-06
-1.0520424590746795e-06
-1.2274550628084715e-06
-1.4520997334936208e-06
-1.8090369216540991e-06
-1.6615202290215192e-06
-1.3018158340302128e-06
-1.6193405915897607e-06
-1.8026291657050657e-06
-1.548847008316311e-06
-1.7313598032226276e-06
-1.5772538807905747e-06
-1.516471104258781e-06
-1.6073341889157589e-06
-1.458090029726905e-06
-1.5460220469242853e-06
-2.1139334078896725e-06
-1.7259074648672654e-06
-1.5224593854340576e-06
-1.951913785874701e-06
-1.8036945794333208e-06
-1.8951465487286139e-06
-2.6056654069575216e-06
-2.3754804636194855e-06
-2.2302884361493667e-06
-2.2285457454426503e-06
-1.8674373559010944e-06
-2.215849349340715e-06
-2.2174864447468123e-06
-2.080480304568377e-06
-2.2726480299594267e-06
-2.1608306272922335e-06
-1.9254840428428892e-06
-1.8154314619201561e-06
-1.923095546640136e-06
-1.8977714723629449e-06
-1.9307353927549715e-06
-1.944129692582056e-06
-2.110193646410113e-06
-2.4428213889579005e-06
-2.759636022281062e-06
-2.6847377858243617e-06
-2.669863306437037e-06
-2.4226961132639637e-06
-2.3801850984718707e-06
-2.1322315284993714e-06
-1.9068077965156576e-06
-2.252614787879714e-06
-1.9873804989322745e-06
-2.2713702195608714e-06
-2.031120025226235e-06
-1.7122291077665042e-06
-1.6488093551479455e-06
-2.086336422323349e-06
-2.2896874692167435e-06
-1.4642598160576923e-06
-1.5962045341913598e-06
-1.455821843855897e-06
-1.4165254693922917e-06
-1.5181907461948763e-06
-1.4650008532281271e-06
-1.729537717912298e-06
-2.070273920424739e-06
-1.6832398818803704e-06
-1.4868404078051622e-06
-1.4409462193620182e-06
-1.4047160217502834e-06
-1.3723563831487242e-06
-2.0051505623047454e-06
-1.8156105022132143e-06
-1.7007214739641168e-06
-1.4453603530389534e-06
-1.4860775641811441e-06
-1.595013325153348e-06
-1.3585415408801897e-06
-1.495373343116797e-06
-1.7350268133642217e-06
-1.8655636221660972e-06
-1.2717791519932782e-06
-1.6209528571314455e-06
-1.5951844057201305e-06
-1.6487479263599634e-06
-1.666495789494007e-06
-1.8642809809007568e-06
-1.713548680777751e-06
-1.412422063262109e-06
-1.6090016568315164e-06
-1.7970498935239343e-06
-1.2519387590383184e-06
-1.1451895518447324e-06
-1.0441989528758775e-06
-1.1034798101230778e-06
-1.2042570576169596e-06
-1.2858073515035093e-06
-1.5088698424680869e-06
-1.8270189253018834e-06
