3.257982773193415
1.5519798730594525
0.8615290289339812
1.0420420958080154
0.7768320139983426
0.6423790511013805
0.5299063285785741
0.5143063482491003
0.42333398583898507
0.37517867184689513
0.3196325728912716
0.29813605169023294
0.2632207651352645
0.2513195397062362
0.25380669796056504
0.2090818305918272
0.21159209768571283
0.20217073843746947
0.16028105630201922
0.16952074160613795
0.15468191173926427
0.1480248794955053
0.14188053012164176
0.11990470448643833
0.12831296773451933
0.11605165165889522
0.10314921343672102
0.10875019066008752
0.09499972950721132
0.09945937711070629
0.09622425665957449
0.0940579627674289
0.08387718274109605
0.08665889605501856
0.0789747000840641
0.07828929796949893
0.08306530998020932
0.07904372981115096
0.06717770135678026
0.07997063641517382
0.07553135398167955
0.07013964807223258
0.06739013973265832
0.07634885297696767
0.06985208790992266
0.07111442794996327
0.07115281023679004
0.07280616120070867
0.067573934800221
0.06647793705696645
0.06869399799978819
0.07140174791203353
0.0661173234929911
0.07597938042970886
0.06883901106429867
0.06192417231226421
0.06757977733429035
0.07441307079262924
0.0696401338538398
0.06809240087792548
0.07111422047761363
0.06607651325833538
0.06854384478714749
0.07001020234631564
0.07282846730094457
0.06662649548599038
0.07259738127417538
0.06801169855601114
0.06734784120403609
0.06854493581298468
0.0678217531674528
0.06709167130790866
0.06556141059980661
0.06576932907320451
0.06819946827380445
0.06823323433543893
0.0650601903806724
0.06825733883981255
0.06857514851456643
0.06595295691268815
0.06628059154119936
0.06703271844383815
0.06749241680001328
0.06456529810025856
0.07454302892817752
0.06513061470763785
0.06433905731292738
0.07644239124720512
0.06403127947039362
0.06539064111606474
0.07231550634690169
0.06822070337838723
0.06805830666511926
0.06447503096559018
0.06678611995733302
0.07048536159192631
0.07162818161473758
0.0646760259161069
0.06845161471299935
0.07246574890408394
0.07346133863134985
0.06452351377642565
0.06989446239532444
0.06278379579358127
0.06701056760789799
0.07792679273752846
0.07014963669580934
0.06994749052598533
0.061158013786526695
0.07864039148662941
0.06500770457669337
0.06782741382029718
0.07436788528212819
0.0670656146063213
0.06268121835276269
0.07073396467941179
0.0689609455201181
0.0629131260017554
0.07536375292482367
0.0687908038523966
0.0672906051369627
0.07551316859241089
0.06441291313334975
0.06960199190560135
0.07030293240508848
0.07442902251605646
0.06072181111970997
0.0701789983406501
0.06972602361043834
0.07003509097368173
0.0715261227282547
0.06614849591573728
0.06889357188534316
0.06577284969186978
0.0682968777111745
0.06646117094256308
0.06886760408288219
0.0666636141098064
0.06727047712015717
0.06875425966901948
0.0681300791506858
0.06904999135345545
0.06935866376506569
0.06565315534522675
0.07412259140983224
0.06392488862131385
0.07340507098284645
0.06532907200828734
0.06392369815148413
0.0682314531641432
0.06847899264075617
0.06678485443505149
0.0670141475106441
0.06783354125134107
0.07213546255724909
0.05508895370049699
0.07083636126480997
0.07066113097201762
0.06771147488346459
0.06991013883869501
0.06741023451373306
0.06615992617266982
0.06773295253177808
0.06641351503482007
0.06380280382607294
0.07221480212646766
0.06530458102191704
0.0686734077837858
0.0649657846070772
0.0672591257320744
0.06945030533276714
0.062570907752556
0.07154220790075867
0.06636172382538949
0.0639658915385118
0.07007493887542059
0.06331625186662743
0.07414790282390364
0.06618209094470502
0.06615344979597823
0.06720312197854661
0.06246496472791161
0.06383415746192138
0.07004267562086275
0.06543945433720406
0.06389510158813842
0.07192724064815843
0.06797722384225631
0.06495480841039207
0.07203979053925993
0.06858184843229642
0.06687825166728294
0.06597037104876254
0.06511668534949422
0.06647550656824656
0.06757387547902223
0.0681410560424885
0.06922380562763715
0.06259318079421486
0.07017521600346958
0.06802312418332566
0.061492427029525454
0.06637805540020159
0.0662888017638276
0.06991857005809636
0.0650377795336417
0.068920296151191
0.06556097676545597
0.0677990079148794
0.06563320782615979
0.06601975190763672
0.06715741930057065
0.06598018200231204
0.06565490238152552
0.06581488365064496
0.07309410076561397
0.06281550117579383
0.07239572135259167
0.06688999779103999
0.07147835351634717
0.07228018065064173
0.06568238386492906
0.07208539684559556
0.0644330156940049
0.07013695395848565
0.06802949904248226
0.07101790830357999
0.06388387122474935
0.06538329021060381
0.06727014424319824
0.06801162848073611
0.06749312099460783
0.06424087471922563
0.07222453785547311
0.061531555288862706
0.07534350065406466
0.05589363076454164
0.06619918560001838
0.0679576842829693
0.06985643829988397
0.0660498188133689
0.06501672860990831
0.07070297580144867
0.060188179113564715
0.071227215949203
0.0635615476825531
0.06538233843267612
0.07052739414696892
0.061564235101062535
0.06689426835045974
0.06749309607498023
0.0681614225588577
0.06071658922440332
0.06951661497368004
0.06093148105993759
0.07182003278285265
0.06297878401718386
0.06935216322797688
0.06566266837003439
0.06076343778345356
0.07654937020961897
0.06386410860020829
0.07047941314353459
0.06830488674450612
0.06708943155135258
0.07236520140566796
0.06163488094951364
0.07657304113946747
0.06671309615215422
0.060653148715019874
0.06945486551326147
0.07322547209543595
0.06379934900062348
0.06380385157409245
0.06781667674743179
0.06545251728022013
0.06798124590389215
0.06721225692350688
0.06700266242715651
0.06702937228618648
0.06681536385735524
0.06663697150846322
0.0668723480404773
0.06565573950217146
0.06856590554631059
0.06685097370823116
0.0655140730171073
0.06486549683293139
0.06995734251509218
0.0651914084404437
0.06344145503354029
0.06839552868589543
0.07196108475192517
0.06333881184337256
0.06314564641038685
0.06949488991075128
0.06619227786237995
0.06639239200782301
0.07092321531820124
0.06801159548964622
0.06454433214958703
0.06517450826620494
0.06918521609454267
0.0695902953106586
0.07057338122926328
0.06865595621259316
0.06824219937476775
0.06573256262429598
0.06820449135873628
0.0648123420693952
0.06741119983970471
0.07047514302278127
0.06475558452159706
0.06498655776722707
0.07094147020572986
0.06756029219326118
0.061662640129013555
0.06751535994513636
0.0723623992787485
0.061472221402505384
0.06647980292800112
0.06917627823228638
0.06573572600314366
0.06401919377157869
0.06365768284455914
0.07204382145520893
0.06204582556096864
0.06750784272773434
0.06889926224096637
0.0668510647551359
0.06004344442508359
0.07098033428327113
0.07127911887685026
0.0629694143316938
0.0702911484412903
0.060974051791202764
0.07506026194322908
0.06531177121686979
0.06771827539078136
0.06452375126705653
0.06581712263447327
0.0688878604096185
0.06688056638518321
0.06397451444502002
0.07104125238982016
0.06784828443525602
0.0686313044111096
0.0646647781579067
0.06747144693171309
0.06685772856049564
0.06655244204971561
0.06751948555229582
0.0671230893501121
0.06701830352751026
0.06669230343085593
0.0645920424654648
0.06374079972316606
0.06977913601904352
0.05785725867389229
0.072767725761008
0.06604362422249456
0.06607019987996614
0.06511218650131553
0.0682871789853696
0.06617640126901476
0.0643984819188768
0.06738615895122074
0.0725858468812067
0.06494068959053012
0.060810221328764506
0.06992833487068613
0.06944554131410584
0.06602859115093082
0.06448371141501096
0.07084851835827356
0.06621990209121419
0.06450505449058677
0.07154885349808719
0.0652467817088346
0.07155467102142132
0.06668797167746918
0.061077461935633764
0.07696045091227237
0.06026807344059689
0.06538551327758942
0.07326602563936857
0.06014866087977113
0.06475395699827999
0.062000952094145446
0.07540889353275407
0.05960368352564241
0.06545683344070247
0.07265796888268729
0.0654688569129971
0.06804440400657663
0.0687042433883239
0.07064946259007505
0.06281517680896365
0.06693383002235298
0.06433707923439426
0.06802425638138168
0.0653190167883978
0.06545145171222047
0.06410706356046317
0.06770225931161447
0.06541105265648145
0.07662253473223983
0.0594100989198879
0.07221139299656278
0.06294592634599278
0.06541833700274752
0.06796000026962787
0.07170505883455601
0.06346393530459507
0.06664836706688115
0.06793480849001503
0.06630066197460005
0.06445200821938182
0.06773772313043583
0.06413778393070443
0.06690663429975942
0.06560981595564795
0.06703216276482503
0.0661791474558413
0.06612994147977536
0.061169969916775604
0.07270307308467834
0.0657864134164824
0.07057575976975478
0.06304417219876811
0.06787360197378565
0.06422837721723793
0.06961018424413666
0.06865124089265431
0.06553112935490799
0.061511137141454696
0.07024582895868714
0.06429347015944296
0.06473443280581546
0.06596765273750044
0.06097963395312536
0.06544629790806684
0.06304018233524825
0.07171474577035701
0.06228278206148441
0.06488233315420971
0.073230081818242
0.06922826384180698
0.06024966762482148
0.06681844206067963
0.07097965477209917
0.059291728384171925
0.06592137326715865
0.06840639892776591
0.06701562465236023
0.07092037568192767
0.06417617180209229
0.06844561230863674
0.06268354412843136
0.060715080373853016
0.07397089888800637
0.06533480603315368
0.06140619191759522
0.06518083884029825
0.07090297461473856
0.06308047330020454
0.06623003847789073
0.07251752852259771
0.06377212615494711
0.060403091907231275
0.07543259908688134
0.05912484501259051
0.07107687864344621
0.06898547830127612
0.06288736524816224
0.06708425471046264
0.06831039521384283
0.0614845040557987
0.0713092635885097
0.06450582666498056
0.06430892452287178
0.06715516937707645
0.06440703830330809
0.06517942268671333
0.06631839715038845
0.06614967243597451
0.06433708016571683
0.06621776592404838
0.0644065714981137
0.06578747947713819
0.06553958134685198
0.06508557913163542
0.06369666538903139
0.06647410739105249
0.06318876939569262
0.06757440528009033
0.06367108506231528
0.06479460265541422
0.06463732089226444
0.060009245578523565
0.07079575407197294
0.06777046479122795
0.05696899513039144
0.07028824935559237
0.06823922963677972
0.06814422785048035
0.06013999487597333
0.07122551771623177
0.06631220800910091
0.0641390337386047
0.06128225286585697
0.07309079735094438
0.05731549840150536
0.06085683748908881
0.06952238987550895
0.06215560576284601
0.06805721961596198
0.05970637954474575
0.06794396392069757
0.06871282054867217
0.061231966403758394
0.06475601247106881
0.06783198822033254
0.05572692359851646
0.07160785268870709
0.058510009368098734
0.07044917045741518
0.0667470756654992
0.06035689785874084
0.06848161217783565
0.0643727980905037
0.05905376711482371
0.06508129503766912
0.06731499823323195
0.06306625108666503
0.06767758625842955
0.06748840674096583
0.0691551457233457
0.06077160241514228
0.06955909951374042
0.06014962883436702
0.06945648320370178
0.06699100069269753
0.06151172378694342
0.06418992199705563
0.06197523577071294
0.06537963105433121
0.06613427694495497
0.060913024267748646
0.06453704219851372
0.06968136451315081
0.06364099126633095
0.0630797479281445
0.06509248794569378
0.06546358377132835
0.06558534582955358
0.06377942507843608
0.06756653750747227
0.064105347396158
0.06543463170258464
0.06499208300711884
0.0665304140066323
0.06591574514649161
0.06437759753991512
0.06686483651224145
0.06316072857547281
0.06938935837546445
0.06284316134828048
0.06117806304246187
0.07371570873479157
0.06433399987197819
0.06094280115760647
0.07215339551423339
0.06290635787476988
0.062070752598642226
0.06564244611755661
0.06398768926822189
0.06728906191183605
0.06474219312202996
0.06878425018605439
0.06687969032108136
0.057513138947441526
0.06820305254634308
0.05990549175581639
0.06698232459282313
0.06623901863771396
0.06326821274326547
0.06623029483455246
0.062310390494952815
0.06423271855042464
0.07102428077369173
0.061824058125173484
0.06474806638299554
0.07290972331606284
0.06320259577014307
0.06658189639827047
0.06177903714832728
0.05954624695595408
0.06577675350928221
0.06947660695869422
