-0.00013438004491574788
-0.00013370765750382648
-0.00013163254846370332
-0.0001306182514074155
-0.00012881202618936422
-0.00012752806759197956
-0.0001260217713597403
-0.00012374454160669335
-0.0001230847556143999
-0.00012107740056105993
-0.00011915778439423
-0.00011705175711540505
-0.00011506988920262773
-0.00011353794333343912
-0.0001122465778112032
-0.00011131404257698537
-0.0001106067076627234
-0.0001097127040136709
-0.00010835302614227489
-0.00010777327783957676
-0.00010644178217733968
-0.00010662249998724157
-0.00010536272020544857
-0.00010386151660457943
-0.0001025894321005412
-0.0001017583935107622
-0.00010012560691123966
-0.00010006762345761267
-9.884061701423316e-05
-9.823180126086636e-05
-9.71895413520677e-05
-9.714445520701163e-05
-9.67951461832315e-05
-9.57171987802549e-05
-9.648283351756011e-05
-9.490073716733605e-05
-9.461552852169714e-05
-9.425049318923373e-05
-9.299231546551541e-05
-9.345061375319751e-05
-9.35162811570249e-05
-9.266912578217064e-05
-9.394251753326023e-05
-9.365968974264063e-05
-9.260071426440306e-05
-9.302509500196686e-05
-9.218484801412733e-05
-9.196153055031405e-05
-9.120797821432697e-05
-9.039648257721974e-05
-8.925746806198731e-05
-8.889510219752858e-05
-8.884587468519048e-05
-8.78834875442812e-05
-8.66893501046838e-05
-8.532014854373065e-05
-8.485278845505996e-05
-8.336500414535058e-05
-8.30815096614296e-05
-8.108762510043259e-05
-7.942641618514985e-05
-7.832908051097076e-05
-7.783330322665818e-05
-7.673834786853856e-05
-7.643372023098723e-05
-7.622336906260225e-05
-7.550929876742885e-05
-7.449804413934342e-05
-7.4051607009972e-05
-7.391682905748624e-05
-7.396249943499074e-05
-7.287976229606472e-05
-7.25328548772571e-05
-7.290887717519783e-05
-7.244542238940657e-05
-7.13140468212293e-05
-7.100255633876832e-05
-7.102496359342088e-05
-7.049951495395767e-05
-6.915146783554789e-05
-6.960510546815824e-05
-6.93441106704995e-05
-6.811707808756856e-05
-6.76150022492813e-05
-6.685408341042973e-05
-6.796304875967541e-05
-6.669300772180711e-05
-6.781862881595132e-05
-6.757066364150012e-05
-6.635098408743808e-05
-6.583639899165266e-05
-6.597790720493153e-05
-6.33476665825583e-05
-6.316115225975712e-05
-6.363339882766552e-05
-6.237660865601222e-05
-6.208514619006396e-05
-6.352432144383245e-05
-6.260460617745089e-05
-6.292182876711229e-05
-6.349832929791537e-05
-6.247276124432338e-05
-6.184747528297723e-05
-6.0422517115646905e-05
-5.970308174491273e-05
-5.915117839726413e-05
-5.9280726283624836e-05
-5.856540317634224e-05
-5.795917699018631e-05
-5.722341423582596e-05
-5.618397564696217e-05
-5.5665858612714886e-05
-5.3558738323368336e-05
-5.2256953090869094e-05
-5.197814499735142e-05
-5.2112067620597644e-05
-5.2261390347094105e-05
-5.1770063119302334e-05
-5.2199765007201303e-05
-5.07095206153786e-05
-5.034354547172336e-05
-5.014254875951102e-05
-5.049733967839361e-05
-4.999910554572664e-05
-4.927998209799019e-05
-4.9575901626936955e-05
-5.0445789249217206e-05
-5.054155863709403e-05
-4.9411815578221445e-05
-4.9227587657730544e-05
-4.8741734644863755e-05
-4.912950734487148e-05
-4.87673950610096e-05
-4.779645799620388e-05
-4.728015025008332e-05
-4.6923638567224974e-05
-4.5895232485943576e-05
-4.502666962690893e-05
-4.375659032289318e-05
-4.3269157349304466e-05
-4.212692376178758e-05
-4.165916309122824e-05
-3.983304176708097e-05
-3.9847326088757084e-05
-3.898494792843444e-05
-3.871184714996532e-05
-3.8110341847641394e-05
-3.7575504932276626e-05
-3.704306248066671e-05
-3.741686951899384e-05
-3.722130444388043e-05
-3.762066248950928e-05
-3.774233064851379e-05
-3.7787903878510134e-05
-3.843913401834908e-05
-3.777228751763081e-05
-3.7416395099609404e-05
-3.715499769896269e-05
-3.8548315556168006e-05
-3.735915743163787e-05
-3.858310029264195e-05
-3.8613096236346154e-05
-3.939588593008617e-05
-3.9057913521968726e-05
-3.9726799985618086e-05
-3.957651023045872e-05
-3.9274234883056056e-05
-3.848534861053513e-05
-3.778771173933314e-05
-3.72511257646019e-05
-3.600127577859288e-05
-3.445379897365691e-05
-3.431031116094716e-05
-3.507183781173943e-05
-3.32582230502912e-05
-3.307785017467621e-05
-3.183892988966329e-05
-3.1046012265034265e-05
-3.100210138924282e-05
-3.046302238847905e-05
-2.9868627111513718e-05
-2.8812161299693225e-05
-2.8893156114564692e-05
-2.9170773308982865e-05
-2.949704530355693e-05
-2.938031475760336e-05
-2.860981934376199e-05
-2.8685948227239015e-05
-2.8571169524285426e-05
-2.9131887829323575e-05
-2.971404070127324e-05
-2.8412107793782423e-05
-2.781554636991738e-05
-2.73469297637887e-05
-2.7191487552718847e-05
-2.730938797833881e-05
-2.5976556571549736e-05
-2.585038001362355e-05
-2.5769227350893845e-05
-2.4563519521810424e-05
-2.4108042284583292e-05
-2.439783680461847e-05
-2.397736419947318e-05
-2.343885514872252e-05
-2.2769718675085136e-05
-2.3155781996643378e-05
-2.2693408566367537e-05
-2.2260518057414123e-05
-2.23066169753481e-05
-2.2685817519366673e-05
-2.2503630707096482e-05
-2.235866001380297e-05
-2.317519324100835e-05
-2.3201104408211972e-05
-2.3219047458648372e-05
-2.287326828486079e-05
-2.412106341917361e-05
-2.307330120216917e-05
-2.1943831463296966e-05
-2.2612972046503005e-05
-2.3174487068899907e-05
-2.134269838010099e-05
-2.185682434948696e-05
-2.066316476514287e-05
-2.0184478098936206e-05
-1.9569410748469334e-05
-1.961742708334458e-05
-1.8919559537338232e-05
-1.860555157354274e-05
-1.8351477761084595e-05
-1.7719099425314062e-05
-1.7075466732623885e-05
-1.7130275106561992e-05
-1.725037186083177e-05
-1.6991610849530575e-05
-1.6352741753238393e-05
-1.648037646696644e-05
-1.6577875040066255e-05
-1.683347680362338e-05
-1.7305256362844915e-05
-1.7249435687618745e-05
-1.6871174820052045e-05
-1.598213020770345e-05
-1.5959429927331963e-05
-1.6153905124627744e-05
-1.5320023285986047e-05
-1.5085747960525893e-05
-1.4774884322024365e-05
-1.3857269685238996e-05
-1.4008302531254702e-05
-1.318333566073475e-05
-1.2781695052884364e-05
-1.2700744432718406e-05
-1.2380470656757501e-05
-1.1663688618918294e-05
-1.1884880256763642e-05
-1.1982263458776288e-05
-1.1239289859885401e-05
-1.1647000603800364e-05
-1.1355345358660324e-05
-1.1098520998429092e-05
-1.1979657183810897e-05
-1.1423208046902868e-05
-1.1768190537016684e-05
-1.2035275243828505e-05
-1.2324106406864572e-05
-1.1674318557197694e-05
-1.1456625240195232e-05
-1.1303326000752687e-05
-1.1583802006498445e-05
-1.1534783981106659e-05
-1.0828247401082922e-05
-1.0860631442079062e-05
-1.1100165802754756e-05
-1.0432458515828734e-05
-1.0606679872445832e-05
-1.0776077168109757e-05
-1.0967804007156735e-05
-1.1051135381287033e-05
-1.1182394835621515e-05
-1.1294434410013275e-05
-1.1936491958934951e-05
-1.1659484833351732e-05
-1.2534512245986628e-05
-1.1595762872376428e-05
-1.1767766173525834e-05
-1.1839257206668629e-05
-1.2518994817919858e-05
-1.3536868209484965e-05
-1.3310047068915554e-05
-1.3243390808552417e-05
-1.299511832594699e-05
-1.3359627465197937e-05
-1.2579892023091412e-05
-1.3290673821218121e-05
-1.2760793449868086e-05
-1.2250052956612004e-05
-1.2167525878962974e-05
-1.2266513261204602e-05
-1.1641799843615715e-05
-1.217034467252368e-05
-1.2166777634303327e-05
-1.1415398182213755e-05
-1.055224213444119e-05
-1.0035753904149817e-05
-9.949932670375953e-06
-9.883639702618691e-06
-9.695806780924883e-06
-8.525524107325407e-06
-7.831013000988471e-06
-6.977241304816238e-06
-7.100571834868148e-06
-7.629211217540109e-06
-7.496093968694805e-06
-6.941953163024866e-06
-6.807996484254815e-06
-6.695062404981366e-06
-6.987294556084736e-06
-7.187667860206501e-06
-6.716629067577068e-06
-6.661539322926223e-06
-7.651407823114251e-06
-8.215705410866238e-06
-8.50778239206799e-06
-8.450499822006182e-06
-8.029232082696615e-06
-8.29368127597263e-06
-7.477701813143169e-06
-7.825970476039435e-06
-7.48296487371489e-06
-7.2163923471601235e-06
-6.531723320895927e-06
-6.535852595266921e-06
-6.404641697844016e-06
-5.9702950541880755e-06
-5.9120687991607056e-06
-5.521048226202967e-06
-4.73691327190156e-06
-4.619161279185425e-06
-4.611099838156305e-06
-4.153883899696801e-06
-4.234950076217366e-06
-4.44848009700999e-06
-4.725951940700826e-06
-3.842630290078146e-06
-3.968903304970202e-06
-4.092810707300453e-06
-4.450600028104856e-06
-4.7319142511157594e-06
-4.5308422192681095e-06
-4.09523041795452e-06
-4.293074602578094e-06
-4.310036426128742e-06
-4.653841221658729e-06
-4.63614205054236e-06
-4.792878944162685e-06
-4.608630341088563e-06
-4.2433789699484975e-06
-4.640270230151212e-06
-4.94946503008746e-06
-4.735970142738316e-06
-3.783716979173564e-06
-3.7717132828321255e-06
-3.2818527584081664e-06
-3.3427870254888183e-06
-2.9545859282128126e-06
-2.956317462963785e-06
-3.0508747133555717e-06
-3.099489613642045e-06
-3.118009174243155e-06
-2.7158137662034413e-06
-2.8453816867113346e-06
-2.5390436854245813e-06
-2.4034879212801266e-06
-2.508986738205379e-06
-2.412287181464813e-06
-2.6215217598359297e-06
-2.7551346580299585e-06
-3.1780715138059654e-06
-3.0771692241547433e-06
-2.836231386835506e-06
-3.2322244873352312e-06
-3.7601712645280513e-06
-3.4691999930887335e-06
-3.165327968788376e-06
-2.6000033594081522e-06
-2.708752550393843e-06
-2.833361813153951e-06
-2.2693230187508527e-06
-2.290064070688526e-06
-1.9933827472953083e-06
-1.8401961251920848e-06
-1.9202468971949807e-06
-1.6996949415005037e-06
-1.7392507482293662e-06
-1.566037006476243e-06
-1.7362065852500596e-06
-1.9998702319517853e-06
-1.9545000803325955e-06
-1.7570748317060254e-06
-1.6171355220514535e-06
-1.5712052016978205e-06
-1.9035298077209585e-06
-1.9081586978481262e-06
-1.9860575295954022e-06
-2.0701106846159006e-06
-2.468770970962295e-06
-2.1355728205418457e-06
-2.202488547953652e-06
-1.8983874657284037e-06
-1.5326190215866383e-06
-1.9327124399987277e-06
-1.9296538851078906e-06
-2.0831652136621415e-06
-2.2326711149179134e-06
-1.929729524750588e-06
-2.15413181363315e-06
-2.5509603734395503e-06
-2.4725879770644327e-06
-1.3753130916585278e-06
-1.223787261618849e-06
-1.5418961201821393e-06
-1.1408057966272516e-06
-1.4757848829402874e-06
-9.899383270648186e-07
-1.3725595880276632e-06
-1.3955056677635487e-06
-1.4163319932507605e-06
-9.039980526453022e-07
-8.675917986996259e-07
-8.482649057576189e-07
-6.772897420517067e-07
-5.871094770184383e-07
-8.768252604972481e-07
-7.273208098013129e-07
-6.19710303024274e-07
-2.72324544741625e-07
-2.923058885968472e-07
-2.8323828642155773e-07
-3.3702646520497285e-07
-3.6990069752896994e-07
-3.413497324800119e-07
-4.360601643064136e-07
-4.7137034239649775e-07
-8.19260248118991e-07
-4.935609520426052e-07
-2.5680530715935337e-07
-2.7494126205359254e-07
-2.2811703683213703e-07
-2.609548383142518e-07
-1.6134102685959482e-07
-1.6838579386802412e-07
-1.7693209610182815e-07
-1.567618784082259e-07
-1.589490705311147e-07
-1.5453645224388985e-07
-1.4999456728522395e-07
-1.7890093107342654e-07
-2.0300243435216276e-07
-1.4419322006368156e-07
-1.6982123019749485e-07
-2.74375034231761e-07
-1.077298735354917e-06
-1.3098037441152513e-06
-8.963604193047137e-07
-7.540412799176853e-07
-7.47836976542102e-07
-7.786033043649459e-07
-9.238235023716428e-07
-1.0414883793904057e-06
-9.65513907902749e-07
-1.3063958190455364e-06
-9.58320724832986e-07
-9.505808975518448e-07
-9.503356918853738e-07
-1.07893521106706e-06
-4.889143962440425e-07
-5.45287583185604e-07
-4.646968334411752e-07
-4.7527230098812314e-07
-5.685258349364664e-07
-9.430391801119926e-07
-1.2284911819009452e-06
-2.972084682066149e-07
-2.9048158959691744e-07
-2.5834508537375063e-07
-3.456866827028299e-07
-2.12159067532243e-07
-2.0476913991589956e-07
-2.05622462266951e-07
-2.4322025269527703e-07
-1.7702113289622638e-07
-1.8377810746457085e-07
-2.0750960271908735e-07
-1.7968240281670997e-07
-1.8306722419462554e-07
-5.073535323550392e-07
-1.2624325799387642e-06
-5.51395063271061e-07
-4.957608007737656e-07
-8.674938890686058e-07
-5.306120577323007e-07
-4.24039923372119e-07
-7.002177676861686e-07
-9.016112816998092e-07
-6.554755663677902e-07
-6.615365359047482e-07
-5.279758799706205e-07
-6.952667322197899e-07
-5.408942427122922e-07
-6.918850730202124e-07
-5.970143617004295e-07
-1.1194663529665747e-06
-1.394757393629536e-06
-1.2940576055000377e-06
-1.5294068084080613e-06
-1.6552794266789096e-06
-1.6120234081258619e-06
-1.6309638879277002e-06
-1.7233664274735255e-06
-1.8145260793500239e-06
-1.6895467827756268e-06
-1.7412783740332493e-06
-2.2158080894398693e-06
-1.8163953014933483e-06
-2.015235976513294e-06
-1.5746229185727618e-06
-1.8854465056224231e-06
-1.8023956937651274e-06
-1.8180564430386532e-06
-1.6356993447280494e-06
-1.4327931694424478e-06
-8.824706541148501e-07
-7.983052417633493e-07
-8.945781781188055e-07
-7.059667900143218e-07
-5.584700004503786e-07
-8.123432777480317e-07
-9.351331953068977e-07
-9.58150455635068e-07
-7.915229418729184e-07
-1.0519821018904083e-06
-8.527576264222498e-07
-1.3619334224670268e-06
-9.608267469553134e-07
-8.007309209763965e-07
-5.356163544294961e-07
-4.2800658977487023e-07
-3.813198182561556e-07
-3.3256631687200517e-07
-3.5225339182168815e-07
-2.3281548593516805e-07
-3.033176735950999e-07
-4.036896615178665e-07
-5.509193596464213e-07
-7.947953017045856e-07
-3.5763229612307947e-07
-7.690452698035962e-07
-4.259610761891963e-07
-2.788747266364495e-07
-2.3261759188833957e-07
-2.3751574744850318e-07
-1.3163856020052359e-07
-1.323774338541423e-07
-1.0801246211847817e-07
-1.1340141428364505e-07
-2.3451676314481222e-07
-1.4785563101432437e-07
-1.9761800439676302e-07
-9.494965288088982e-08
-1.0614215442375199e-07
-3.0148148853102075e-07
-1.6937488304072894e-07
-4.458869482362018e-07
-5.409089251568528e-07
-8.12896633693459e-07
-7.29505188701296e-07
-4.196654191235683e-07
-5.957546841694205e-07
-1.1077371461262239e-06
-5.449330423609219e-07
-1.1318720143865196e-06
-1.1552552126448535e-06
-1.013190350712884e-06
-3.861043067158958e-07
-2.916146020955542e-07
-1.940133239907448e-07
-1.8405349382848928e-07
-1.721648264610512e-07
-2.1303935682226438e-07
-2.918646815588646e-07
-5.576075131506918e-07
-8.259538912238053e-07
-4.861194327077101e-07
-2.95917309948116e-07
-3.6075977365928543e-07
-4.6420252991302497e-07
-1.6652120551599285e-07
-1.494768384788956e-07
-1.5207309637069692e-07
