12.777636263105604
1.7866381892451533
1.444308325096413
1.0227708088027105
0.8466505618007095
0.7556819904733587
0.5753755690874877
0.5154466673179909
0.4178975820541382
0.3411584088095912
0.3469900091489156
0.25968645209515534
0.23881443203599365
0.2233117918173472
0.20511606156274123
0.15629980858001444
0.1849510388241874
0.1711129206750128
0.15486348337597317
0.15619587456738507
0.1580446995794773
0.1256649878427938
0.12405981344205362
0.11578769009146425
0.12068897706490976
0.112400123918498
0.11312493074823309
0.10570149054681813
0.11112648483227801
0.1016605611614607
0.10784716069422386
0.0984230103592078
0.10731795595751868
0.11069984202859579
0.09565947639445464
0.1050208357197267
0.08617119270342367
0.10241954483919674
0.11051084259869876
0.1029750638882871
0.11405543700136521
0.10434238371197824
0.11190954368147585
0.10865725425106508
0.09887142617393423
0.09577358382995482
0.09497762961244141
0.08883733930135215
0.09736326667997572
0.09983101059441213
0.09076214719701696
0.11149737804576203
0.09539804918070634
0.09289588710224186
0.10102236470966428
0.08911891336794253
0.08730666118639487
0.08607683920611937
0.09560626220923883
0.08173686562588921
0.08464140431196601
0.09110058864785565
0.0922142891558232
0.10185981597061511
0.10453352000978258
0.09274294185969564
0.09052926515815435
0.09626094376047452
0.08115273113879892
0.09817597221721101
0.10818300423798738
0.09461017525582402
0.10714762105985924
0.11012683112036299
0.09358648058992845
0.10880213220500284
0.10678222154577573
0.10488557173973984
0.10562497722329917
0.10261314927979752
0.10812466495015004
0.10487546688980526
0.1138276359135354
0.11366203303138415
0.12822826489530229
0.12485218710369533
0.11712821117705768
0.11719942837953568
0.1123977183467812
0.12354742590751913
0.11771039775124302
0.12159627048229729
0.10386327702414107
0.10804123941946912
0.11900082934233877
0.10542343149858492
0.10341436291734378
0.09758885108210423
0.09866784154265015
0.107570247862626
0.09436065993375248
0.11876184155267698
0.12585134438618464
0.09093266056367645
0.10868644645368611
0.10968121299865069
0.10337346060960381
0.10311736332045661
0.0881310255025272
0.10634146772187066
0.08564878503481548
0.0875906025369962
0.0953989888506907
0.0910286111412225
0.09410589702289414
0.1049901248059339
0.09303512651887205
0.0976316233476003
0.08491503412800806
0.09111628502055451
0.10010506157521848
0.09269896549759088
0.08961790634526147
0.10350999505155617
0.08578885815761707
0.104502458539274
0.0998818408007975
0.09723773653860446
0.10714264007078277
0.07858783827611694
0.09017758292180521
0.0971996451003684
0.0887820342624629
0.09662148142578425
0.08406078015212659
0.10115063535394492
0.09520060458668957
0.08581328005702407
0.09401224484598195
0.08842353136451156
0.09003253474279686
0.08594383078592795
0.08797229791956919
0.10069798278035941
0.08771193358633253
0.09119378492512085
0.10192175526861791
0.09753991401305905
0.09804535450206862
0.10005325261779406
0.11346510832232458
0.1060657983093902
0.0980473857510973
0.1057148988324183
0.09063599593247529
0.09837936351282729
0.10575289127451402
0.10443625474969546
0.11008535297932448
0.10782377835777071
0.09853374047411813
0.10170542524644623
0.10601244528812391
0.1066340380175798
0.10225105230455045
0.09944465521861005
0.1016057697987115
0.09484599875631156
0.10472752974817047
0.09273133157855934
0.10452951352905344
0.10235438695936291
0.09351919991550622
0.1213164445426729
0.10264095926174412
0.08318172822947856
0.09876653765914617
0.10082901517550151
0.08233714545214618
0.10166222153714409
0.0902756211106424
0.10029811494880253
0.11702657525462133
0.11039855965861568
0.10613834388830044
0.08314822931532506
0.10800258104723913
0.0980060082618837
0.09929903431071176
0.10626289917639008
0.09855769974765954
0.10677861408502967
0.10083690465048507
0.10506097151449433
0.10765130648872366
0.10657282849704777
0.1023188361691104
0.09546244910193814
0.08300244946170736
0.09624629412536267
0.08441614525185691
0.09205546740580488
0.08685356281973698
0.08869884721934795
0.09502710057077585
0.10910783307971778
0.10775234108721768
0.09740798623749504
0.10680772267557957
0.11030696325555996
0.09964729514386919
0.10695623703025005
0.11054839842297413
0.09173281042388191
0.12001940883972027
0.10898609217946176
0.10972783431686738
0.10660883860179672
0.10804021192921533
0.09797299032409985
0.10946136533662125
0.11235479838042348
0.1117322651186475
0.12102049789218991
0.11630285745141683
0.11670576284329097
0.10162721450130145
0.1031941720801923
0.10475288207332294
0.09944213402492029
0.09374603208292413
0.10450511729275738
0.09614742333414378
0.11067720164579374
0.09952053496683086
0.10251480610006386
0.1034207667603537
0.11048217876641839
0.10317892325973069
0.10154410458549305
0.0895557407013796
0.10405125972573404
0.10468088697504115
0.12536625439922014
0.10127483101354705
0.11229794306887521
0.09986521448526117
0.10540125698403076
0.09588589988372943
0.09526720132540774
0.10327205158494136
0.10043450527720982
0.10163750809927781
0.10369215381366235
0.10341043163228918
0.10266867721522296
0.09422972598285587
0.09843687492388266
0.10819338689799662
0.10536695154452766
0.08917217424001407
0.111826424314468
0.09777357518948891
0.10445673198059753
0.10541293666594559
0.0961959827001448
0.08801658996553333
0.0909976906798504
0.0982330225546051
0.08786830561304534
0.08929023546753106
0.1060412575111345
0.0928998523288303
0.09496525174903649
0.10441474630324929
0.09281169864590522
0.10554368621497243
0.12325184233486652
0.12946325161114888
0.11728498746675474
0.12152379737408073
0.11851145423672817
0.11750556928692041
0.12633681007557446
0.10673778414450309
0.11698179167729837
0.11418116920524174
0.1251372870195795
0.09865962851930547
0.11796834761345829
0.10914435285936903
0.11131121294090042
0.1292792377234609
0.10757175839885517
0.1320832782873401
0.11459651341040929
0.10521309353687146
0.0866733091296973
0.09945369132415012
0.09769599581206287
0.098019662209683
0.09063658739129703
0.1018834931568967
0.09429278762804137
0.10373363616289916
0.08026463890241252
0.0974459533614141
0.08574350750832646
0.0920774830436265
0.08128859699462299
0.09806404518032516
0.09624294936656952
0.11156334348574833
0.08952476132523131
0.10128500478135215
0.09280192783033406
0.10249788051954022
0.09793696676691373
0.10862157135098069
0.10716661866064425
0.09873576862392602
0.09893027410187104
0.10645441165952771
0.09575076932432475
0.09158426743966562
0.10237976356788918
0.09610422566119167
0.10038812699969168
0.11373571637603971
0.09009123248634515
0.09124349347419208
0.09957638186299139
0.09989931806921959
0.09561631642282009
0.09614466717121778
0.10310386614529071
0.11947357468307018
0.10585120927404475
0.10284445745249589
0.09862367960589903
0.09194361832406786
0.09759935129571844
0.10428472025388921
0.0894785688293201
0.09223842689836467
0.10236376855108473
0.09595091999680908
0.10087618245570748
0.0887186959799793
0.08490922833206477
0.10145395600961314
0.08874226430499996
0.10012165498402384
0.10700074024498463
0.10750735482131993
0.09997681500735106
0.09377226178292875
0.09398161495725314
0.10071006427622503
0.09590008910055514
0.0931554355279163
0.09457770603950377
0.09360910662346417
0.09749617724230995
0.08798652894243046
0.09495333644251029
0.09370407020604168
0.10080161538940889
0.10282458309774045
0.10416055470705032
0.09373464656096918
0.09731295070162525
0.10639907695628979
0.09544716927188414
0.10314358688063091
0.10626195329758856
0.08024778568910228
0.10529229624403848
0.09845435164040989
0.10035017919209269
0.08951189948452844
0.09789860424482161
0.11191090344692822
0.10248172234881807
0.11037947851474639
0.09806977916094992
0.09661677569426873
0.09305852748177669
0.10573416355031508
0.09964925257696046
0.08861702970332569
0.08964265896766274
0.09094685385072673
0.10038919670990219
0.08771733511929158
0.09655440446955187
0.08488909900188446
0.0824922994469051
0.10232804343104362
0.08753508691572481
0.08562686970388447
0.09265159208465505
0.08960389273448123
0.07864354250745641
0.08109296009772354
0.08294415418748502
0.09247759653738251
0.08258651079678977
0.09402633092745587
0.0949333419126493
0.09274574838302753
0.10019251138523773
0.0959291268416025
0.09884869234843387
0.10198290804745974
0.08874551386192993
0.10243154475810351
0.10731329727503988
0.10226271198027664
0.10873869668554377
0.10323891802518456
0.10463983020572751
0.10218082789193701
0.10018631857302454
0.09475438696918664
0.1091678970389896
0.07736484347670167
0.09023398926688565
0.0948305785380028
0.08871944034817042
0.09944018769871306
0.08784873279984351
0.10067920235020143
0.1084294439189964
0.09755680441028541
0.09118658973386994
0.11186711786797753
0.10505513736495266
0.08895345097752633
0.10666934966489121
0.10767381341645012
0.10458997664628206
0.10101750520644365
0.10146906019912826
0.10482864806221591
0.09176453009799675
0.09376361096898715
0.09632495066357984
0.09495317811767261
0.10597340879892861
0.096905625977174
0.09309299635114493
0.09580505563429108
0.09657552796933386
0.08818540729030415
0.10634659347986733
0.09504045508112069
0.10303575076438763
0.09256684007468047
0.1114890589206307
0.09887095195827661
0.09755211778812939
0.10897229632569684
0.0828281522349075
0.09489913636611567
0.11257140655760411
0.09086323515684516
0.10683127182225387
0.08085299248772639
0.1071676943037245
0.09706937452709233
0.10011122693066243
0.08735494653659838
0.10570324488260129
0.1118671656758697
0.11036661984743895
0.10781649927850123
0.11017018246153991
0.11724015725431619
0.11764665320515633
0.12088655059536298
0.10743269165632902
0.12541673925739746
0.1090090663206798
0.09691581530151544
0.10568343661725521
0.10562907835399662
0.10175782152348095
0.1005778336138637
0.09012321900162432
0.08428644050878507
0.09187174843693222
0.08938270234675319
0.08769191263450517
0.08721928629610273
0.09427515448381503
0.10868493060546892
0.11114530582670812
0.11800207832345257
0.09139464464452532
0.10778546988688133
0.1223759599443939
0.09950893641346031
0.10547792470013653
0.10108965954363898
0.10478668287396431
0.09970296219129253
0.09665159239537185
0.09059389032147548
0.08455156659086545
0.09750584506050304
0.10357557126769314
0.09385757865729155
0.08612916349536842
0.09270321405320256
0.08739105805202767
0.09831296121356664
0.08526190322030473
0.10660442123534503
0.10178211276178006
0.08071606275108126
0.1028894256386492
0.09281440624208362
0.09056650453971492
0.09569853971953746
0.10100993362289888
0.08417027147003898
0.0954134838172683
0.08121489181562706
0.08349236404454266
0.08523503415010593
0.09121865165178422
0.09210697423528742
0.09054218770729171
0.0871163114077515
0.08476892365487637
0.0891795842045987
0.10649420817693074
0.10050122867579814
0.08134238249449818
0.09815010373239164
0.09086628948096875
0.0832757837380524
0.09126984355626283
0.09485053471117108
0.0863087571191567
0.09713967792965748
0.07805550188102105
0.08616803614077745
0.102290288924619
0.07944093265191272
0.09556423093157786
0.0894935658822457
0.09228595118555757
0.08050691743415815
0.09475381286055953
0.09106399325860871
0.10607470861739582
0.08559325751331118
0.09237458405119402
0.08983739451677711
0.0976774417967708
0.0836749419707943
0.09616354397601551
0.09932986846952527
0.08919726036213062
0.09599201608863142
0.0936857430195367
0.11683790854833744
0.0864921201158453
0.09289753906152866
0.10058182284787849
0.10157864761573297
0.08768906126971598
0.09248349753518899
0.09555600645641486
0.09559939929318649
0.10549500791562928
0.10137053558395968
0.11309714201423857
0.10803356552841487
0.10721216357692524
0.09885667995722205
0.09552067007731509
0.09208669561754775
0.0941079107147676
0.08704638943352082
0.08948177319985849
0.0943586251663941
0.09406920205111857
0.09952156825198068
0.09033119230082741
0.09334236783561883
0.07774313608253444
0.10549997821174285
0.09285829726744581
0.08492895919415686
0.08681333327183018
0.1022561280125821
0.10218999217505809
