13.622974854928476
2.6174190000251487
2.2413828593713268
1.7308664940021656
1.4842662546369765
1.314729306432936
1.057543839569445
0.9368855600003843
0.7924022310309939
0.6555478716338122
0.6907747895629318
0.5154997778159601
0.4821727960198014
0.44743144512176514
0.43635215803428934
0.3035877966494472
0.37972096298579816
0.3610951254765193
0.3259806895145663
0.3207505367420338
0.3293659607491766
0.23086395742440666
0.22990668454655894
0.20215632242185097
0.2154737396372689
0.18550774306748752
0.18750920139805036
0.16710221331083663
0.1745911162967483
0.16109360782084642
0.1712306972110161
0.1372810589166841
0.17114111343053756
0.15980987181818043
0.12640291592106223
0.15326231228256668
0.11125593330210971
0.1529117044820278
0.18527622408388802
0.15617105956361801
0.1934974228583828
0.1765403217739529
0.18198495303039197
0.17851715095134246
0.13292714353236887
0.12350791180506349
0.1225706373375875
0.10017171520222393
0.12218809403755047
0.1459486605944457
0.12604070245288312
0.17884996667055897
0.12817387789686177
0.12102708779275417
0.1459961226209998
0.11131039345464497
0.09703105959730844
0.08677841198665125
0.10649391170968388
0.08889274568193489
0.08563718588643328
0.10673826287017653
0.10492818305889766
0.13959291211708827
0.13820543616182274
0.11154952679795248
0.11173589456895436
0.13070284123360007
0.08936944755691069
0.14057334139943123
0.1763777256494871
0.14549912015597025
0.16158939056374408
0.17182201062570568
0.1318951057597857
0.15890063459260595
0.18325162850561794
0.16830388144417494
0.1676081509363872
0.15205395952970893
0.1773623824292035
0.16515228582580607
0.19875227630621306
0.1842229146234415
0.23091710027721193
0.2167588869040763
0.2060286121925822
0.20693846308212313
0.19510373417977933
0.21642826026719478
0.1982070594439628
0.22134164653511512
0.17219767647071016
0.1900717770266864
0.2023798341828364
0.16009220545162894
0.16127756901982207
0.14186774584016315
0.14085519978673094
0.16502923057069657
0.14140633752362597
0.19307950656447145
0.23519886747278548
0.13017605877205454
0.17813405280725825
0.16831168511675465
0.16572651363633298
0.15057168357695142
0.11106753338956171
0.15690321495963466
0.09082876463179235
0.09687451175327792
0.11566440371313581
0.1203128719460909
0.12649119121057015
0.15488784456694568
0.12817826016840558
0.1390562645263142
0.09632490364903654
0.12024991353111411
0.13993481560437768
0.12634597839442668
0.12697391408599085
0.15033288622281463
0.11922436569713885
0.14742211157594015
0.1390403580196478
0.12674444352321895
0.15193110830323012
0.08874090260791558
0.11095471723281124
0.13269985522384997
0.10487674719964464
0.1396569931120784
0.09231236625755965
0.14166448389059277
0.1264782947384649
0.09931032080203295
0.11647431788690112
0.10594237028002411
0.11121399969690376
0.08846913883462548
0.10500549305989235
0.1366884185484162
0.10472505331832778
0.11564489122894075
0.14438755739549244
0.14380623897347874
0.13884682303156565
0.14699469947178537
0.18757495184049564
0.1725814829201058
0.14620070911392016
0.15923612728645956
0.1170533779249699
0.13162587882834487
0.16022224213358843
0.17557802934337546
0.17859738908225187
0.1750907735830104
0.1425072302420934
0.16770351707452424
0.16024296244399416
0.15679576282423954
0.15822808817029
0.1464647196095299
0.14490283506542997
0.1289881224985476
0.15622050156471906
0.11827674869251766
0.16541446162456716
0.15377950021583173
0.11852636006315825
0.1918005676319202
0.1471406925788701
0.0895867903061487
0.12888227389366538
0.14198565439976477
0.08156825454379604
0.14985972984383503
0.10749486292263975
0.13285251912242935
0.2044893084956264
0.18573882686043228
0.16881243574122587
0.09207195206653085
0.16050087745922306
0.13969127042219043
0.1502722430008429
0.16275687714935178
0.13733376017599194
0.1527139942886101
0.14985182720960843
0.16586295377325128
0.17433595073547353
0.17167263554788573
0.1542084243286539
0.1320496260498961
0.08569650972882907
0.1217348956140793
0.09412159969926709
0.09969221779869662
0.09318832698260883
0.09781223970154922
0.12456674487502487
0.17052027769386768
0.16945694135157047
0.1481105099708118
0.16046477138944384
0.18957446005057405
0.14706901140097114
0.16961291174542298
0.18436846550967959
0.12838538763699708
0.2072101685528954
0.18053735668460527
0.17860129641162026
0.1740370867428956
0.17107827344874818
0.14028729732941697
0.17438659296129588
0.18225567808581722
0.18554947987474776
0.22095395360762873
0.2036930882130508
0.20006542338955183
0.15639102153687012
0.16238248252301235
0.15606776208409834
0.1347851247660906
0.1269009693706822
0.146861397281841
0.1306964094509129
0.18061182518593139
0.13952876536037634
0.1547124987916538
0.14492014686887464
0.1813083941599837
0.15569980649484527
0.15460424051033678
0.11121943032506991
0.14186855991957364
0.1472613388431017
0.1977255120528517
0.1435074346933376
0.18797591301026167
0.15075991717512133
0.16965187734631063
0.1240385333765988
0.12703645715696943
0.1480199569939739
0.14443674842671803
0.14435122350092838
0.15388261223280872
0.15897118896935825
0.14605431734687752
0.11784269604659467
0.13618243511559236
0.1655835378225203
0.1692821816023853
0.1104774033581769
0.177892731571639
0.13627089470348977
0.15934799954939755
0.16027354242073166
0.13150272066532462
0.10328597747893245
0.10511698154732585
0.12938429780856328
0.0977424265195926
0.10001013059324275
0.1534867926707698
0.12056536886289164
0.11962244318177302
0.15089750357179177
0.12209868234478766
0.16398634927140343
0.20807981484190183
0.2487963473389822
0.20942453136322675
0.2160719435368837
0.2201611363777408
0.21521705535619898
0.2184631204991429
0.17792878092990982
0.20498159110408137
0.1908175399940875
0.2050786760109649
0.15928012756975712
0.19692756294238348
0.1851474680664035
0.18187853811239754
0.24569732281896803
0.18927706026092725
0.23755362733370727
0.19904841875864399
0.15747442620771904
0.10477094510915103
0.1334388367831707
0.13638634134635882
0.13210255852189018
0.11338240661899801
0.13954366888437006
0.1190821794724023
0.14945298822217243
0.06887289919649009
0.13010413530800077
0.09162507417473804
0.10510157100442383
0.07132552624507635
0.126781249884516
0.12907333282270916
0.17010582162550203
0.11315685341617575
0.14133475448384328
0.1186808915377629
0.14919378146900003
0.1304960171347139
0.16562936046264237
0.16004454605798754
0.1404533442368524
0.14703169106333344
0.15105276440994608
0.13415373034163
0.11090490394444377
0.14443867246585865
0.12072016961044735
0.14018166303220722
0.1812914314817775
0.11755069703967483
0.11284448872471263
0.13988359472541897
0.14344823356993772
0.12849722826784407
0.13113165832193638
0.15161368540591663
0.1713504089318492
0.1584002843333615
0.1475106501451659
0.13642690979220248
0.11470781565057458
0.13115816409225334
0.15614595040851445
0.10798573509479563
0.1159701948226602
0.13913800001696305
0.13151481542822527
0.14781332309562625
0.10472995329096361
0.09663168120163458
0.13989943096897117
0.1073295087510444
0.13180337390965885
0.1527568692539784
0.17307774677734683
0.14724562909988756
0.1182039049216891
0.1291352859525769
0.1465985849154768
0.1274636906347479
0.11378264533252352
0.12162651087122935
0.12251266171396882
0.1331406713946274
0.0986961540248659
0.11274899535217425
0.11404528192899845
0.1371755963450091
0.14953474139824888
0.1569390638420979
0.1193921812982471
0.13827292455567253
0.14934419743992663
0.13289663337033103
0.1560491796289743
0.1581613070986889
0.08609760958804852
0.1491941540605492
0.14792006005774494
0.13788085632647076
0.11197622963744733
0.13179140593166705
0.19120676649941337
0.15580963903900097
0.18099131431706525
0.13055499785803948
0.12418395123461744
0.131702009347026
0.16199618698684154
0.13531607434291532
0.10031372094871821
0.10248161210781997
0.111150457486036
0.13873995384373874
0.10179378286314507
0.12472706864139547
0.09167218639480847
0.08258562659223874
0.1485484997500424
0.09309960562839276
0.0781675109691504
0.09818851253388587
0.08473578345513454
0.06190249173798495
0.07102985828425046
0.08431046732908322
0.10726989659451647
0.07084708119294157
0.11781372826684404
0.1269241422932181
0.1105821735346345
0.1435319861414394
0.12923307154603578
0.13535809596241624
0.15399773508586265
0.10947336418623174
0.1522181039477733
0.16754996517880094
0.15887021574329724
0.17716846686218762
0.15900409456204484
0.16225641184589928
0.15632041502330038
0.14691076056893776
0.12189101370879346
0.1680205803433502
0.06797457325134289
0.10336388431972375
0.11515629641642725
0.09790741021020545
0.14856678426817613
0.1151556552870682
0.14307677028355775
0.1844871632789296
0.1357429993028442
0.11074032529291732
0.18288864802431176
0.15776193367869215
0.11983821656623925
0.16278327292659217
0.16700937358352044
0.1653282550956916
0.14824658418419184
0.1464122219218148
0.15862534578061765
0.11360086962856629
0.11823223865832444
0.12654595947996886
0.12811857517118808
0.15523168882700028
0.13246885730660762
0.11187923637529214
0.12907766219642428
0.1445367031696218
0.11136364272830111
0.15809186473833742
0.11460200819635281
0.14694996621390735
0.1277174543140939
0.17604120482725125
0.14574794576468844
0.13518545103983748
0.16390067654127186
0.09219610311642841
0.13959693320578448
0.17667046016841023
0.1136318660962085
0.16001659517038475
0.0860596004527502
0.1557793192030793
0.13358745399724553
0.14623914098936236
0.11020133395989735
0.1547231180248437
0.18557692339850795
0.1874158896367859
0.1790001099170358
0.1840872172680166
0.20005402696767338
0.20398226235475805
0.22262175601941567
0.17832485325979414
0.2244778324642943
0.17673540336114388
0.1449224139408519
0.16349422892003698
0.16628271640554346
0.1513200074572254
0.14370901322992588
0.11172634806738373
0.08371399098972755
0.11092476103523816
0.09659778333648487
0.09339182848041808
0.10616188809810276
0.11831679181368263
0.16305454923874801
0.18868067350100587
0.19750526968251775
0.1310674582987472
0.1722176135258956
0.21323520383211197
0.15476934341455084
0.1623849819448811
0.1486233618386366
0.16181749457286465
0.14156325682307835
0.13911129596332708
0.10642008431669739
0.10998798684697787
0.1259902145118556
0.154640727357387
0.12436170148214808
0.09052578052850785
0.11393467723219483
0.11004624995230525
0.1365163259346176
0.09886390691853766
0.16980896513753882
0.1404373929663389
0.08901994144199071
0.14472328206627733
0.11242640239221079
0.11561833591096932
0.11666074327917562
0.14322168718919986
0.09772355147395972
0.12678170732343225
0.08563925404343065
0.09300629515578125
0.0924802040681243
0.10732708374659221
0.11633065633079107
0.10844891542499815
0.09550237122716175
0.07417894265166035
0.10970344757488756
0.1583881866255844
0.14878715351827582
0.08813063864147773
0.1269659022283223
0.1184052663889748
0.09330345754063239
0.116916348916237
0.12323908459425352
0.10333582979661447
0.13309725939675612
0.0811802122776431
0.09533704927997422
0.13895467913675089
0.07970706783924941
0.11626029522071972
0.10807334397126127
0.11277160621075719
0.08266130446766813
0.12593968895574412
0.10137225687503815
0.16235407046904718
0.09491973262090513
0.1331702839859106
0.11638193225695027
0.14519342571427976
0.10050583387621576
0.11904644881185421
0.13178469375189808
0.12312387778527206
0.12723086874380155
0.13025895016336883
0.1735335320096325
0.10397347647489773
0.13370945635769102
0.1444517596176377
0.1505169046835767
0.11121233206035362
0.11525665662527361
0.13694900350162276
0.13391991135560805
0.17106217089867978
0.14766871154791228
0.18933028193984042
0.16633665858211721
0.16548872201841464
0.15725175298198504
0.13829742873915368
0.11467314221792752
0.11878227283833204
0.1032113963306916
0.11676544284758468
0.12135352327108935
0.12619352345656673
0.13919160435735076
0.11021626465608952
0.12073192107318728
0.07880667690187693
0.13559375817917665
0.10964698585923072
0.09604872204363346
0.1101370472116051
0.1604177716653794
0.15292989797200318
