0.8454729848437839
0.8309145315929696
0.7972061589912132
0.7082263054671111
0.6377444973698368
0.5591748489273919
0.4822942840832251
0.42156264185905457
0.37462772870505295
0.3145105474525028
0.3439039278913427
0.2559303802748521
0.2434734332340735
0.2242332008425836
0.23134833805401017
0.14739929932962964
0.1948805321007967
0.19009191529066474
0.17122556345054396
0.16466243496095692
0.17142770149641567
0.10530559461632813
0.1059522329122518
0.08647249130687366
0.09488735482510594
0.07320937716954008
0.07448439655127004
0.061500791505548276
0.06356347208687414
0.05953127658210212
0.06348072682265882
0.03895519499632495
0.0639199514321431
0.04920574878687384
0.03083992468331147
0.04833637779854514
0.025179357129942487
0.05058640893548727
0.07485837556520926
0.053289446244619926
0.07953550245750833
0.07229060396828034
0.0701693535644423
0.06995355624153658
0.03414831933763775
0.02782735304855224
0.027685193614430587
0.011426337235779674
0.024916032829356415
0.046208047299404385
0.03536781154710938
0.06744148307134984
0.03286467451188299
0.02821908272475142
0.04506044663678579
0.02227679919451475
0.009809250822635713
0.0007849393964365676
0.010970731403816629
0.007236968820776652
0.0010752092811917126
0.015716000994736398
0.012791729118261073
0.037809833632006
0.033748349399064424
0.018882808456611302
0.021282139406711968
0.034516397415211904
0.008290767130717911
0.04247128699595729
0.06826868445474517
0.05096182617223719
0.05451430160448783
0.06176808806938223
0.03838107010556592
0.05016981641313544
0.0765404098632711
0.06348933489924227
0.06205367517692072
0.0495099620807364
0.06930732300086809
0.06034616154135653
0.08499275922292361
0.07062849822385167
0.102755689493346
0.09197466458297437
0.08896709640544874
0.08980685055117917
0.0827735845318616
0.09294718262498025
0.08056249723045363
0.09981135711832731
0.06839774607430661
0.08209369980074742
0.0834426391110928
0.054731152953873215
0.05792529441209303
0.04434241682153057
0.04224996313590695
0.05752190411591006
0.04710917812944562
0.07438014006173169
0.10940936787260903
0.03930381885126095
0.06950730689654679
0.05868962479548322
0.06241233255369244
0.04751288405343614
0.02299446810502559
0.05061897259481527
0.005236164623595498
0.009339576121419668
0.020318973665039434
0.029336520158082108
0.032437271869706887
0.049949831450013096
0.03519539416905631
0.041476412009042514
0.01146207168629324
0.029184337601893477
0.039880096515709604
0.03369715384043822
0.03740650498204761
0.04687288866585328
0.03348478812080834
0.04296922978203468
0.0392089635996079
0.02955724847399526
0.04483788150052229
0.010202291792935555
0.020825873989249684
0.03554933910965229
0.016143478177211904
0.043083307704094936
0.008298866407669804
0.040560768710242376
0.03132358768791029
0.013542068964818976
0.022505828230081265
0.01756210778667419
0.021223589760699758
0.0025669694166733986
0.01707302789307303
0.03603028346077298
0.01705210317892057
0.02448981748117755
0.04250391426979116
0.04630390015437216
0.040838511142215726
0.046978863784008555
0.07414706603244499
0.06655330600699892
0.04819106420984975
0.05355901517732828
0.026455820434623294
0.033284286666592514
0.05450676560953811
0.07117893104441464
0.06855058444111987
0.06730435240185922
0.04401207560672278
0.06603670527261717
0.05426991468778363
0.050200780336227685
0.05601676250807941
0.047059641629285005
0.04333634190563181
0.03418061040186634
0.05153076177790623
0.02558266841245953
0.060920948438622335
0.0514595670953255
0.025041468018941856
0.07051919454587968
0.044532990005488195
0.0064381379720375494
0.030147577780385123
0.04118768513392381
-0.0007378892559144232
0.048227971531795685
0.017249110172054282
0.032583219551101876
0.08749162938652767
0.075369438915341
0.06270358539013951
0.008953102053729472
0.052526904778830985
0.041713946473060384
0.0510017808733715
0.056523110493327734
0.038805773948465856
0.045963792647752494
0.049042739229561344
0.06082933256402612
0.06671183627029811
0.06512711712599008
0.051915565246923104
0.03661302715988347
0.00271982927289274
0.025513165406192893
0.009729563707002887
0.007661147448406728
0.006358742705304865
0.009136831097917079
0.029562412666294863
0.06143560032877657
0.06172729351695765
0.05072478543001192
0.053679355484847396
0.0792901838991653
0.047444220511587684
0.06267903524416464
0.07384324027225375
0.03667577800634145
0.0872139797149295
0.07157413745126515
0.06889758298941026
0.06745132433112573
0.06306000683387672
0.042336918913793785
0.06494840216409001
0.06992221991876485
0.07383907120674849
0.09995411657210854
0.08741041541927391
0.08337922790950095
0.05478342339672424
0.059207228702251556
0.05133348725805128
0.03536134121801566
0.033172657126905744
0.04237335518916586
0.03456611724363433
0.06995187489384855
0.04002522091010447
0.05221404431439522
0.04151585939581747
0.07084279148666947
0.05253771717953323
0.05307744107105666
0.02168093763153862
0.03783417035204669
0.042596430621213384
0.07237521562449357
0.042248761072254705
0.07569329480261162
0.05090979027941271
0.06426539803268733
0.02816649117610521
0.03178326576016843
0.04476108767644123
0.0440150228742924
0.042726416830663326
0.050202840647047935
0.0555724212727337
0.04339752394568037
0.02362495143811598
0.03775680083695247
0.05740179756173381
0.06392658943379367
0.021316329858597816
0.06607829002422039
0.038508742271612086
0.05490303331882589
0.05487264056379596
0.035319063308027886
0.015281061891949287
0.014130746488700862
0.031162576292882913
0.009885702713358181
0.010731429741200473
0.04745636606175038
0.027676377526842297
0.02466829019087729
0.04649318915067448
0.02929759130778688
0.058453439803863014
0.08483894231418769
0.11934414897135597
0.0921507287270355
0.09455944178625941
0.10166162128249805
0.09772314531383691
0.09213884081691504
0.07120259297597739
0.08801156613561842
0.07664820922676611
0.07995390740257723
0.0606340359620474
0.07897252456664487
0.07601635984179599
0.07058031875985088
0.1164314414900555
0.08171788109811368
0.10548364118828128
0.08446466639051559
0.052273584271056786
0.018109802307595534
0.03399741114979541
0.0387019876183735
0.0340950655097711
0.022757985732621618
0.037671590314453676
0.024799945005388173
0.04572938580100459
-0.011381791093973097
0.03266806626911771
0.005891259733794464
0.013032615150290507
-0.009955238990692629
0.028724181569284864
0.03283748553237981
0.05855010673231273
0.0236395879096731
0.04005669316932283
0.025885770123244986
0.04670259725578405
0.03256603737396223
0.05701497728349986
0.05288464388879085
0.04172423766943178
0.048109068914696025
0.04460656914549569
0.03841146731024815
0.019329086472107855
0.04206693848957204
0.02462423691758886
0.039801014164738635
0.06756354287197744
0.027466948195878003
0.021608211480607105
0.04031374599543159
0.043555452307272285
0.03288731577426747
0.034992962834183815
0.048515733107234595
0.05188235657772532
0.05255381060177805
0.044670812164743744
0.03780784014681423
0.022768350973449373
0.03356304542265005
0.05186567781493068
0.01851189090477958
0.02373561179437847
0.036778199633031534
0.03556798796893822
0.04694159432417817
0.01601598887807793
0.01172698228145708
0.0384495698639916
0.018591538658020674
0.03168603129408978
0.045760782495899884
0.06557502580754873
0.047273605126301174
0.024436252390000003
0.03515791306617083
0.045893161648160055
0.031568553704009565
0.02063194621802756
0.027052589881889248
0.028907326636491
0.035647774373905525
0.010712967762999513
0.017798613567181206
0.02034416635244809
0.03637703309801442
0.046713257230024924
0.0527816266759247
0.025660250215204777
0.040962822209284815
0.04294765876882054
0.037451868359413415
0.052908103395667344
0.0519017657454781
0.00585244532191643
0.04390461223967442
0.049468886730243904
0.03753375246499976
0.022467169427761325
0.03389603359176329
0.07929961624796744
0.053331385677059494
0.070615001247023
0.03248781946927516
0.027569888021658967
0.03864631553490957
0.056264295941218734
0.03566911219860668
0.01169868493107734
0.012840793623278538
0.020205523223719664
0.03835245670267829
0.014078186816294436
0.028174228897249257
0.006784825972755681
9.532703983562964e-05
0.046222411992925184
0.00556627433333132
-0.007457743864506483
0.005538489483081287
-0.004866204500474312
-0.016739142649048182
-0.010061115720654252
0.0013683837562523506
0.014794766351028724
-0.011737296142166963
0.023789598912656033
0.031992697122472304
0.017837958401758915
0.04334140849230742
0.03330587575867496
0.03651148725852922
0.05201705890983619
0.02072977950511914
0.04978871428304248
0.060239216373129574
0.05660997531204312
0.06843114771914703
0.0557663980871439
0.057618122496124774
0.05414072907296941
0.04672591815944071
0.02713761746848899
0.05885405746219611
-0.009388874207312862
0.013131310973592379
0.02032662198568384
0.009188836802624993
0.049127443164420755
0.027307598784520652
0.04239815319845177
0.0760585983214831
0.038186923429883016
0.019554355664661637
0.07102180484475361
0.05270708895598849
0.030885047900180023
0.05611426053844668
0.05933592920364053
0.06073861956354921
0.04722951338367744
0.044943632264794024
0.05379751817478488
0.02183683286421001
0.024468883134735126
0.03022128158611142
0.03316562557248054
0.04925854169091003
0.03556339149535806
0.018786407705327426
0.03327278486728944
0.047961331731467334
0.023178395589908446
0.05174542683353475
0.019561702051389688
0.04391439550521749
0.03515081712976098
0.06455229029611305
0.04687716496711666
0.03763360511274422
0.05492945481091738
0.009369261135968069
0.04469869284959579
0.06409980923679003
0.022769377842821455
0.05318610162336241
0.005207532292438878
0.04861266395353057
0.03651904704532138
0.046129220061832
0.022847345771474972
0.04902082457448597
0.0737107082709877
0.07705034713554024
0.07118409675442511
0.07391757843153621
0.08281433420186793
0.08633608650416136
0.10173577253913714
0.07089310491250621
0.09906232232848804
0.06772663598638717
0.048006890479613235
0.05781104758864752
0.060653985408997094
0.04956239717150176
0.04313138354983595
0.021603335583306574
-0.0005722058229838256
0.019053190375281567
0.0072152650466671695
0.0057001235739638405
0.01894278078408981
0.024041819994130895
0.05437012610922533
0.07753662916797179
0.07950374302109359
0.039673308505573206
0.0644330108765711
0.09085977550044104
0.05526083020527882
0.05690775647828424
0.04753460481555925
0.057031467669057076
0.04186095518094522
0.04246023048094853
0.015826889438796097
0.025436959344747097
0.028485062221686046
0.051065753403775116
0.030505242067630643
0.004398013419833862
0.021232758027811844
0.0226567223392151
0.038205021888845496
0.01360361391885413
0.06320617327259646
0.038657003806696996
0.008305694338762097
0.04183554521727341
0.019613737809575267
0.025054046728958685
0.020964020613098034
0.04221376833393825
0.013554853637254349
0.03137010998196072
0.00442616439734896
0.009515750420245307
0.00724680713136439
0.016109864934589022
0.024224562582309806
0.017907525412738323
0.008386953425576427
-0.010589273680967314
0.020524422189703694
0.051894789949680366
0.04828685877361783
0.006789215219517549
0.028816589727756328
0.027540028233219077
0.010028526040345983
0.025647867057058547
0.028389510366617254
0.017027871329682292
0.035958118230391176
0.0031251377098400284
0.009169395256321877
0.036664723043536976
0.0002664884690333296
0.02069629692575998
0.018580080551112554
0.020486058589691918
0.002154939152576305
0.031186670444353862
0.010308621382271801
0.05628012953308859
0.009326900730094942
0.040795977223078136
0.026544772260994824
0.04751622341400771
0.016831024368810985
0.022883037838188035
0.032454934902489185
0.03392673173436412
0.031239083511065
0.03657335643139151
0.056695821932172055
0.017481449862114258
0.040812023225481865
0.04387023995837404
0.04893842794397777
0.023523715725685988
0.022773700783512107
0.04139380946893383
0.038321239339118754
0.06556758143145729
0.0462987724415682
0.07623424854439993
0.05830363622064599
0.05827768829961618
0.058396226485018375
0.042777773493004066
0.022586833004391304
0.02467465412930189
0.01616520006037145
0.027283853336013162
0.02699507092108467
0.03212453505558962
0.039670327772101804
0.019885629570732515
0.027390378423862986
0.001064026780012581
0.030094076862075814
0.01678904662495134
0.011120228717724482
0.023323879465115844
0.0581617930136552
0.050740058622236746
