-0.013620310133466354
-0.013428252476912279
-0.013339733733580663
-0.013235097378492355
-0.013123621762945101
-0.01299143023788929
-0.012799566697615844
-0.01264758316370157
-0.012628611076909763
-0.012565806894921339
-0.012475895380171445
-0.012402612071197767
-0.012323093285354284
-0.012272884410161238
-0.012123056085636982
-0.011993803456425667
-0.01187097686701096
-0.01169991625043062
-0.01161588215484069
-0.011531681682054814
-0.011507793401296321
-0.011459024221851275
-0.01143933286747107
-0.011387994627539928
-0.011322674714028836
-0.01130897941497656
-0.011316775673857101
-0.011346543838198369
-0.011370882148352954
-0.011378052458167077
-0.011358813769542253
-0.011323495739354537
-0.0113494271842333
-0.011334545967670587
-0.011294293933762954
-0.011330568145674009
-0.011327932144586857
-0.01137402203793709
-0.011321438591067608
-0.011251674592494964
-0.011296316637442662
-0.01130654257363998
-0.011255731963767454
-0.011244706938473077
-0.011168268523537195
-0.011177117936313152
-0.011167180667129847
-0.011158826216482199
-0.011152592974786575
-0.01119814129689565
-0.011259083163279754
-0.0112690423686917
-0.011304941644462255
-0.011331091849849774
-0.011369294916781096
-0.01139925908870422
-0.01140254671470477
-0.011347367399587081
-0.011343511881736608
-0.011352999995534237
-0.011374098406388209
-0.0113284771832136
-0.011230767460969779
-0.011263608717574524
-0.011240917960038552
-0.011241335350160416
-0.01121171131156958
-0.011158251733734057
-0.01111530107087814
-0.011073354989863358
-0.011112657117729003
-0.01112472710128014
-0.011121564731001853
-0.011151281099479932
-0.011058088492315548
-0.011005785416525143
-0.010921121073456911
-0.010921550957629313
-0.011005880182179122
-0.011036142334342003
-0.01105969104056175
-0.01107359489855858
-0.011052265462393945
-0.01109666688224444
-0.011142851354984136
-0.011125339467365008
-0.011087610056767097
-0.011067099582690459
-0.0110987266095785
-0.011098439131791775
-0.011061341000291018
-0.011104462568003398
-0.01115068572645004
-0.011199784995271609
-0.011261935646717364
-0.011271116381081251
-0.011241406804093948
-0.011253040742415649
-0.011258260260980863
-0.011301259008737711
-0.011286977721521487
-0.011239803711382243
-0.011243452103092121
-0.011286780123527233
-0.01126015385469565
-0.011222789006737562
-0.011176680744840548
-0.011127867019520355
-0.011080316110299184
-0.011048968508839607
-0.011020633950829506
-0.01099695202249747
-0.011008813576056407
-0.010932851869326372
-0.010901154749668561
-0.01090188751427027
-0.010905913722056609
-0.010943999814872558
-0.0109315608556454
-0.010912392489038981
-0.010874650827967203
-0.01091131126651397
-0.01094013644525638
-0.010896498738573148
-0.010908255812067252
-0.011046419564921122
-0.011091823145174063
-0.011084578601786724
-0.011041040016481509
-0.011041130899236752
-0.0110119074009932
-0.010962753814573472
-0.010954313753889158
-0.011008708393917634
-0.011033857513505678
-0.011050529104585831
-0.01106860199226783
-0.011051627821647203
-0.011061375702802951
-0.011112102665580235
-0.011164949562114019
-0.011200382732428037
-0.011217347876383708
-0.011188564807749712
-0.01117749924843128
-0.011206976138055325
-0.011234193624785314
-0.011245251275025882
-0.011259020650042938
-0.011230799570106543
-0.01124974676909355
-0.011311577575711104
-0.011395875407526125
-0.01146363875327202
-0.011539964893689523
-0.011612035677983211
-0.011610726525004094
-0.011594984752054397
-0.011617476349839798
-0.011582039783780392
-0.011568091480204693
-0.011585533203413854
-0.011617491064736475
-0.01163235753774643
-0.011598433568500556
-0.011564780814716449
-0.011528614779504447
-0.011579679798048276
-0.01159018729455196
-0.011574676847801758
-0.011480044659513694
-0.01142635981623943
-0.01146705152037052
-0.011508790589869023
-0.011567560898569914
-0.011601700547796029
-0.011593519280163141
-0.01161891593096348
-0.011590617121412204
-0.011583706106130893
-0.011571697145700454
-0.011604771419213369
-0.011684063907999259
-0.011707499651954724
-0.011667939862952783
-0.011633030224878054
-0.011590807784635287
-0.011643006509313216
-0.011631425212209041
-0.011606099127003779
-0.011581646722669784
-0.01150701600485123
-0.0114977246723496
-0.011485461962337677
-0.01152494981025274
-0.011555702998661078
-0.011596408944863539
-0.011588252880252324
-0.011573346618276376
-0.011608987115323544
-0.011649644761704481
-0.011693141552118154
-0.01168295405805111
-0.011674364283680915
-0.011647198650126273
-0.01161373549929032
-0.011659797180730564
-0.011679320495862228
-0.011684131163817186
-0.011716352245555475
-0.011766626098408148
-0.011792438076092647
-0.01182643841378964
-0.01177377336873458
-0.011769771762192249
-0.0117003778138986
-0.011748063707580933
-0.01172555391318523
-0.01172333124738473
-0.011732743938381855
-0.011769806063519074
-0.01173576105099458
-0.011727450257883623
-0.011713267447283635
-0.011740415528989755
-0.011771876665835197
-0.011739458903097189
-0.011700590556630721
-0.011706611771996205
-0.011783741113658135
-0.011798581194419127
-0.011841200678967512
-0.011847504701178808
-0.011839490111630697
-0.011865880383321871
-0.011866974844955481
-0.01187120290616384
-0.011832556558343081
-0.011833765314748654
-0.011855762136670259
-0.011823889541511352
-0.01179056829557969
-0.011796149439536607
-0.011808701045811176
-0.011787670879409863
-0.01180883999913931
-0.011820257125565638
-0.011796442734507414
-0.011767946369946002
-0.011793391893689449
-0.011842568863469821
-0.011788930056186822
-0.011751884981416738
-0.0117912694095419
-0.011810475358596214
-0.011778174641613777
-0.011767969151528982
-0.01171363928856758
-0.01164940268947528
-0.01159085532507071
-0.011562422892222037
-0.0114869272049803
-0.011463553458452225
-0.01150269375111048
-0.01147692551693091
-0.011454162517419228
-0.011455518279511195
-0.011430547214471377
-0.011425927553612452
-0.011360576591239525
-0.01130390389320942
-0.011326919539043537
-0.011361704881374652
-0.011442422250715586
-0.011481673600008855
-0.01144317235224522
-0.011474059092310758
-0.011392429041174741
-0.011400689757787264
-0.011390670002079927
-0.011411780692063845
-0.011421093659905287
-0.011458296472063432
-0.011450153689544934
-0.011425706916130506
-0.011473566035811717
-0.01149205188625134
-0.011491035096920454
-0.01152431618135709
-0.01156559966218013
-0.011523086176468775
-0.01152929076208518
-0.0115524720830413
-0.011566749802575662
-0.011510078107508329
-0.011465081859093446
-0.011491633335558268
-0.011449673026800156
-0.011428894475102425
-0.011415537031224141
-0.011436846178884689
-0.011444487795233726
-0.011499910472104182
-0.01145563330501318
-0.011387833795295312
-0.011377417869292772
-0.011327203678397032
-0.011376505230481808
-0.011402891504649933
-0.011449276254727291
-0.011460935653975378
-0.01146426686587242
-0.011464309147917308
-0.011493769861184633
-0.011610400289870225
-0.011689168687623281
-0.011709153996064113
-0.011647429317235947
-0.011632089789670248
-0.011644663833654844
-0.011641268904965658
-0.011660261452198029
-0.011629959324804637
-0.011662374451183356
-0.011681489116297319
-0.011672886948172864
-0.011663671153096052
-0.011684194078239112
-0.011655048510202994
-0.011637758635557615
-0.011643036755804833
-0.011705714808060572
-0.01176998229840627
-0.011716094025625632
-0.011642514484433028
-0.011630299873650074
-0.011700677226942319
-0.011649293151612465
-0.01163810846897272
-0.01167790236381384
-0.011661924622379817
-0.011593414929050666
-0.01153030706426272
-0.011519218923953863
-0.011477790572322332
-0.011491374714443317
-0.011457808788579243
-0.011530878093953315
-0.011555096492744409
-0.011578532208043795
-0.011560450866818428
-0.011615515887164153
-0.011573558730574755
-0.011521563736292033
-0.011527845822274684
-0.011549499501975683
-0.011451936699450016
-0.01151660021681052
-0.01149986433581664
-0.011530778370797634
-0.01152259184477421
-0.011486977238494617
-0.011438034603802057
-0.011428620895514122
-0.011451795568259864
-0.011447619159634296
-0.011397461765087567
-0.011410478832056889
-0.011410910578874441
-0.011366826926286403
-0.011419013472130665
-0.011483798462610979
-0.011503126357610409
-0.01154085578253636
-0.01153432410210371
-0.011560509239251797
-0.011567882305154433
-0.011562303525324051
-0.011555117769883229
-0.011534900447497
-0.011597249972132536
-0.011632777320650907
-0.01164960408440003
-0.011612963447204003
-0.011587442801548884
-0.011543281935155391
-0.011554429737421183
-0.011555799942177076
-0.011562609085096763
-0.011604185359409222
-0.011585789259809715
-0.01155786501386991
-0.011529840901494027
-0.011562236828299668
-0.011502161149222118
-0.01154215893206688
-0.011535190805219687
-0.011532836636671652
-0.011522733907286937
-0.01156939839800963
-0.011525187798990652
-0.011546758032188966
-0.011501409829809116
-0.011502713409180824
-0.011569292528124955
-0.011516958575409192
-0.011486256036620873
-0.011472083685489801
-0.01143145619963224
-0.011404256164454497
-0.011423105073089784
-0.011398774342468151
-0.011418126122309611
-0.011348700566360583
-0.011298360331700398
-0.011265768397312899
-0.011290596769406245
-0.011294815245156105
-0.011264297710015223
-0.011237461091234134
-0.011212753719435288
-0.011228147249382276
-0.011261782909815127
-0.011180058881067313
-0.011182163741726142
-0.011190403252840042
-0.011255372673846208
-0.011220648970741492
-0.011193309294489714
-0.011242417160135049
-0.011195280775427818
-0.011188388931063505
-0.011140572036115022
-0.011159284498829108
-0.01118976939469576
-0.011174577460266077
-0.011141287793333714
-0.011155849451629014
-0.011242962585618863
-0.011168097188839545
-0.011193954930282557
-0.011186077073216439
-0.011243961866085346
-0.011279271600338129
-0.011325614985365134
-0.011373509108447111
-0.011366634242809736
-0.011425810049359615
-0.01145371483782163
-0.011433724887095965
-0.011409186586164511
-0.011430028080940246
-0.011375486205976743
-0.011316065346965424
-0.01129401668619651
-0.011315876274154736
-0.011311739625839087
-0.011288882806324042
-0.011340646159190398
-0.011362171072799425
-0.011388006448172606
-0.011383519450632425
-0.011336158359279999
-0.011297380623336021
-0.011372269059603032
-0.011400946229696274
-0.011389803886413575
-0.011436587643737976
-0.011477633522680173
-0.01146777534427551
-0.011438326609249299
-0.011439957942527074
-0.011512234276877
-0.011488452009283579
-0.011455485267707935
-0.011463380289765505
-0.011495015354683766
-0.011575708237405006
-0.011513633094727993
-0.011465346956482301
-0.011427107682594886
-0.011469080743308251
-0.011442846503968422
-0.011440907805584944
-0.011504079630741706
-0.011485817598608825
-0.01143284858419345
-0.011386932575931916
-0.011439648557167786
-0.01147874638151664
-0.011456878354343085
-0.01137105248008783
-0.011346189262202154
-0.0113246770002521
-0.011370962772231836
-0.011413235489565592
-0.011502302251756191
-0.011562399981686702
-0.011535090422974183
-0.011577054800895544
-0.011615812191023277
-0.011612770806711454
-0.011577289795073178
-0.011489390581846236
-0.011509609996126248
-0.011558639573363158
-0.011588254542304919
-0.011544060821716603
-0.011502976529300213
-0.01150156520307064
-0.011539565370633052
-0.01154068218400845
-0.011529464231660734
-0.01153389963393028
-0.011486855464485975
-0.01143830824070252
-0.011468270592964612
-0.011487049666734842
-0.01154905606347781
-0.011547681044500607
-0.011563594381396588
-0.011542262251560504
-0.011462064373951692
-0.01149502476820579
-0.011454530876989548
-0.011497549526393414
-0.011415896063240675
-0.01136329100968746
-0.01140438773884223
-0.011457808630970808
-0.011424831630518804
-0.011410659394012047
-0.011370843433989928
-0.01130540224795158
-0.011351191710967283
-0.011402375967456744
-0.011378905850534256
-0.011371606803284242
-0.011366069259551855
-0.011383782427471418
-0.011371568103249257
-0.01137131041345688
-0.011359365828908407
-0.011434269710802115
-0.011483209967040098
-0.011484235338866711
-0.011440452345861838
-0.011388177825854376
-0.01138427360699727
-0.01140715624563969
-0.011351249811167901
-0.01133059233140487
-0.011377944582356856
-0.01146578356050528
-0.011436695247315443
-0.011499653470057708
-0.011558745385935673
-0.011515485667265379
-0.011475417347481618
-0.01145061576882234
-0.011417356205101196
-0.011423940884952362
-0.011460685328795359
-0.011482651331103766
-0.011533370771660254
-0.011487055641527359
-0.011475613641624267
-0.011454938481060358
-0.011439290628410302
-0.011425225536983746
-0.011329333641781257
-0.011297988748321166
-0.011304699729841489
-0.011337611953226419
-0.011312228670487036
-0.011300496441813615
-0.011314313056377263
-0.011339668843608637
-0.011376104589838247
-0.011395899779521502
-0.011462900128502112
-0.011443333313442194
-0.011384817957878112
-0.01133510208187195
-0.01124099872719783
-0.011188444437888953
-0.011153761254480253
-0.011222431235588514
-0.01125104041913381
-0.011286197072611406
-0.011342559153070817
-0.01131949658290698
-0.011296854454737442
-0.011277634464204312
-0.011248379716506371
-0.01121626771413363
-0.011221986364286679
-0.01123191505097426
-0.011228800994845536
-0.011233992416125077
