2.4708338957566482
1.2685817984434276
1.087038470690067
0.9196779906749726
0.7891054153442383
0.6890408415060777
0.5821613036669218
0.4968491345643997
0.4419253720686986
0.39381733513795414
0.33289729127517115
0.27204523453345664
0.2558450476481364
0.21395700940719017
0.19689013923589999
0.17064202622725413
0.1527528753074316
0.12921253918455197
0.12509996478374188
0.10844788969709324
0.10182474450423168
0.095540854248863
0.09442864553286479
0.09550026626541064
0.09596457567352515
0.09744120698708754
0.09182727664995652
0.08867170246174702
0.09103356880637316
0.0835847499135595
0.07090515511540266
0.06565333957282396
0.07158732852683618
0.06842657482394805
0.0683182651320329
0.06898275860227071
0.07202683807565616
0.07466789836493823
0.07863087972196249
0.07820606489594166
0.08009354910598351
0.07974334866381609
0.08325282305192488
0.08329516935807008
0.09163974546469175
0.1003802773471062
0.09252811074256898
0.09624682363982384
0.07855342368666943
0.07359962322964118
0.07713612260726782
0.07664874330736124
0.07270151300785634
0.07586213390414531
0.07240091357380152
0.0777979078487708
0.07588308975100518
0.06766768401631942
0.07371154090819451
0.07347791561713586
0.07118148521448557
0.07336114493127052
0.07311016921527111
0.07179144036311369
0.0730564479644482
0.07291239044414116
0.07032345822797371
0.06892515151546552
0.08072313517332078
0.08036712683164156
0.07444592851858872
0.07291897968030893
0.07185390075811973
0.06970773453895862
0.07856297799601004
0.07541872585335603
0.0695915886415885
0.07525279828562187
0.07632541771118458
0.07689839461101936
0.06609997613212237
0.06803663726896048
0.0682684967151055
0.06834430734698589
0.06491706414291491
0.06737507874002824
0.07513568801088975
0.07477027951524808
0.06724270004779101
0.070441131780927
0.07084181752915565
0.07218205607854403
0.0638529913356671
0.06205051590043765
0.05849380947362918
0.06576581141696526
0.0751867685180444
0.07416744123284634
0.0801593953027175
0.0742489233899575
0.07583022217911023
0.07117364211724354
0.06506510405586316
0.06375518756417128
0.06654803088078132
0.06847242068212767
0.062016513255926276
0.07257206153411132
0.07721663147497636
0.07422990850531137
0.07773880202036637
0.07390347759311015
0.0691967215675574
0.07791002616286277
0.07031827233731747
0.07181857216816682
0.06499114045156883
0.06476072270709735
0.06947212118942003
0.06955586756364657
0.06825066185914554
0.06923648133300818
0.07915694667742802
0.0819612228526519
0.0762432245680919
0.07044492514374165
0.06384241155420359
0.06206230761913153
0.06380413891031192
0.061935232379115544
0.06306513685446519
0.0612127002615195
0.058951780028068106
0.05843178761693148
0.05688444211219366
0.05578286685049534
0.06726419361164937
0.07075599268651926
0.06662959539546416
0.06356219156430318
0.059490165601556115
0.06380683662226568
0.06579923535195681
0.0646389719671928
0.0586142339098912
0.05694957458629058
0.061376774927171376
0.05621108948611296
0.05510119850245806
0.06262368453809848
0.06440526152459475
0.06358742243968524
0.05988070277067331
0.0697884703341585
0.0665131783256164
0.0675686205808933
0.06202485256183606
0.06579828073198979
0.07288675689353392
0.05975350482532611
0.06287578473297449
0.05862032828422693
0.06310828190583449
0.06827039265861878
0.069322181894229
0.06025706042463963
0.06436365688076386
0.06616096651324858
0.05547247391480666
0.05433740971180109
0.05975722022927724
0.06161153267782468
0.059913976691090144
0.05012398860775508
0.05372437108308077
0.057471573582062355
0.06774857049951187
0.07072917604102538
0.06720568847197753
0.05587205560161517
0.06368918479062044
0.06247879584821371
0.07316721692108191
0.0751053406068912
0.06036458763365562
0.06318838329842458
0.06360890994278284
0.055587959490143335
0.057500445900055076
0.05152636359517391
0.06287172720409356
0.07463508468980973
0.06171637630233398
0.05774633173759167
0.06414941096535096
0.08165712774946139
0.07534526706888126
0.05796161781136806
0.06554792105005337
0.058781736372755126
0.06416667009202334
0.06970411682358155
0.05920552170047393
0.055054671260026784
0.058137145824730396
0.06316169299758398
0.055142983249746834
0.05826684250854529
0.05782607845388926
0.053627509910326734
0.05121535630180286
0.04823988045637424
0.05031046196818352
0.052353843158254254
0.04654103486010661
0.042036345328849097
0.04994775781837794
0.05587341842743067
0.05436461410270287
0.057343806956823055
0.05682621853282818
0.061026892725091715
0.05733045909840327
0.06406087846710132
0.05659801412660342
0.061125317502480285
0.06835010432853149
0.05747358039594613
0.07213711486412928
0.06220472311744323
0.059083312004804614
0.05340794436633587
0.05555003709517992
0.05957371752995711
0.06145966010024914
0.06099922619760036
0.06870065265550063
0.05913596328061361
0.06195507920705355
0.059222059066479024
0.05460251959470602
0.06083324706325164
0.059058170708326196
0.06385723704902026
0.05421541857604797
0.06271248488472059
0.053993991246590246
0.05689707226478136
0.050573179698907414
0.05033935497586544
0.06136923185907878
0.0587976261973381
0.07171111330389976
0.05806296043671094
0.059200562422092144
0.06858878198724527
0.06079638310923026
0.05355676881109293
0.05644920875246708
0.0564199950832587
0.05366952809003683
0.05234124557330058
0.0682674772464312
0.050903652465114226
0.0501499263712993
0.05129332642715711
0.048275937627141295
0.046067281869741586
0.04745939213495988
0.04631923262316447
0.04463032108659928
0.06078171303065923
0.05226331172654262
0.05511049278653585
0.05257284497985473
0.045796591931810744
0.04756119125164472
0.05361585490978681
0.058864127672635595
0.04575555791648535
0.05262602179382856
0.05142048313640631
0.05883747110000023
0.06494383531121108
0.06411163354149231
0.060884085240272376
0.060859027046423694
0.06993473389974007
0.059872554070674454
0.058784723854981936
0.061852898620642145
0.0634602417739538
0.06528613412609467
0.06265966597084816
0.0658838693339091
0.06458182799128385
0.069073807906646
0.06503263058570716
0.0673210067817798
0.05852673678443982
0.057162258544793496
0.05573741438297125
0.06436320170760154
0.06082687440973062
0.0557902720112067
0.05492857132966702
0.052525556617631364
0.05286216509456818
0.05701561504258559
0.05576493298778167
0.058074369969276285
0.05551026688458828
0.05647655742672773
0.061286717309401585
0.06564785179037314
0.05882253947739418
0.055261320620775226
0.05860930088047798
0.05340621755100214
0.054920496734289025
0.05753867319570138
0.058335508320194025
0.057474125463228956
0.05515942642321953
0.05506584968131322
0.055940383672714235
0.05364473215662516
0.05012766853548013
0.05194297123413819
0.05132944141156398
0.055542604825817625
0.06267570228530811
0.05398686763185721
0.0610662425080171
0.06150120684447197
0.06339488081060923
0.06446623670367094
0.06692233314880958
0.06428192014304492
0.06784851811826229
0.06609743438087977
0.06538674195225422
0.06304122782670535
0.0678137376331366
0.06493551020438855
0.0669224117237788
0.05894970389512869
0.05949799897005925
0.06928736309592541
0.06938376690332707
0.06010737075255467
0.060718440235807344
0.06079750232971631
0.06964205824411833
0.06740341398578424
0.06420701610354276
0.06062254080405602
0.06378064210025164
0.06069894653673356
0.06181378344503733
0.06695511421331993
0.07651143360596437
0.07584234476089477
0.0641448421547046
0.07071247639564368
0.06727021491298309
0.06634227789651889
0.0644799294666602
0.07570336547035438
0.06683184544627484
0.07140372968637027
0.06688014538242266
0.06848405805917887
0.06878884165332867
0.06946972717459385
0.06930643331546049
0.07153487003480012
0.06614615871356083
0.06496571907057212
0.06596717682595436
0.06830333256377624
0.06309629982480636
0.06956072025574171
0.0667318768799305
0.06872278890357568
0.06537317862877479
0.06746991975949361
0.06732203874450464
0.07014898342581896
0.06609237110958649
0.06703566037691557
0.0691662770910905
0.06709596657982239
0.06485371542378114
0.07223457888914989
0.06782767090659875
0.07094899414537045
0.06689011597862611
0.06581807170922939
0.06724701655598787
0.0676297812221142
0.07009023290414076
0.06366345568631704
0.07182361684166468
0.06706621363185919
0.06199174016140974
0.0647912670356723
0.06291551008247412
0.06858119689501249
0.06658026653413589
0.06926365749767194
0.07218122420689234
0.06602077231957362
0.06822637322430428
0.06817293688654899
0.06936842492566658
0.06631269348928562
0.06967985356369844
0.07046662540389942
0.06382990648540167
0.07035693302750587
0.07028840020872079
0.06755686577122945
0.06878417349205568
0.07096817397440855
0.06649890524836687
0.0688782586214634
0.06589948414609982
0.06757850881952505
0.06365950298137389
0.07068152740024604
0.06409281538083003
0.06950658321953737
0.07374890446662903
0.07261406968419369
0.07726590455724643
0.07340232609556271
0.07216842797799752
0.06702885550375168
0.06867424215261753
0.06859901799605443
0.06583659312186332
0.06808320094759647
0.07228020306390065
0.06529974037638077
0.06317149767508874
0.0666121408629876
0.06896819248795509
0.06539392396807671
0.06769924229727342
0.06518288612938844
0.06810316251447568
0.06703964059169476
0.06761646170455676
0.06557447483333258
0.07138663758165562
0.0725141054735734
0.06729040721861215
0.07103212361152356
0.06604229148763877
0.06746201042372446
0.06934313742587199
0.06829452847058956
0.06696727410531961
0.06649453872098372
0.06951533624759088
0.06761146881259404
0.06482850075341189
0.06753084464715077
0.06863436160179284
0.06880688844965055
0.06625263825632059
0.06201756732681623
0.06600418474811774
0.06960505304428247
0.06483054363097136
0.06799543763582523
0.06680095022400985
0.06605115123093128
0.06326836619812709
0.06234288161190656
0.06223453503961746
0.06344030347581094
0.06326693369505497
0.06517376041469666
0.06671653189338171
0.06348462912898797
0.06364006534791909
0.06463293467576688
0.06342745152517007
0.06469910505872506
0.06979687315626787
0.0656407807308894
0.06239595499176245
0.06390215207177859
0.06479094770665351
0.06713319258907667
0.06795873859753976
0.06612475843956837
0.06496553701850084
0.07175304239185956
0.06942479616174331
0.07353699800486747
0.06626235218002247
0.06510033260744352
0.06549006455506269
0.0679931402206421
0.06681492821528362
0.07122046827123715
0.06315139540686057
0.0675044008745597
0.07032704518104975
0.06496017179810083
0.06542865768648111
0.06515453268702213
0.06954625151478327
0.06448673284970798
0.06699897169780272
0.06368128243260658
0.0693037717961348
0.06661073174327611
0.07317121069018657
0.06548590400757698
0.07192381131820953
0.062312963003149396
0.06352926544271982
0.06351534760055634
0.06653114869617499
0.06890100630430075
0.06689768966573935
0.07264569229804553
0.06831542610262449
0.06769978356762574
0.06892194107461434
0.06533548400665705
0.06590382799219627
0.06734342804321876
0.06654934438948448
0.06995183656421991
0.06342808023954813
0.0664313896630819
0.06877374346726216
0.06396049802693037
0.06520247141329141
0.06552231723012833
0.06554832121787163
0.06338938827124926
0.0641755882364053
0.06765570260870915
0.0690760009850447
0.0689281583405458
0.07458279124246193
0.06808213299283615
0.07086187240022879
0.06908083899089923
0.06617419321376544
0.06493583055069814
0.06698984131217003
0.07113229520618916
0.07106229089773618
0.07034953594780885
0.07242247187174283
0.07147858356340574
0.06922734083177952
0.07143818051196062
0.06956983549663653
0.0641220311419322
0.07135432310975515
0.06880197284313348
0.07016891897297822
0.07073081972507331
0.07078456569176454
0.07157585047758543
0.07381587303601779
0.06824029242763152
0.06928837233437941
0.0730751653560079
0.07283922389436226
0.07458700036200193
0.0745837655921395
0.07146730990364002
0.07336225023923013
0.07047241059346841
0.07191668313283187
0.07314829339201634
0.07372955672729474
0.07052651231105511
0.07236355170607567
0.07402365691959858
0.0736130344753082
0.06721724837731857
0.07258758890227629
0.07198677815210361
0.06672362971764345
0.06992758071193328
0.06796525305566879
0.06739132316926351
0.06949920634237619
0.0733388521350347
0.07363123114292439
