-0.004916215324054927
-0.004323417063697094
-0.00435997084958955
-0.0036021364666172125
-0.00349061711030073
-0.0037654379931466447
-0.0033919282136740396
-0.0037578477998481095
-0.004060418396052324
-0.004191581985391791
-0.004088559355660155
-0.004570228582540855
-0.004440504691607914
-0.003909774708855666
-0.003432386448105973
-0.003737949884150228
-0.0038879071185760165
-0.0035725376914469845
-0.003555119123667643
-0.0037777453427827834
-0.0038896617523252693
-0.0033132262161600762
-0.0031283095489388056
-0.0032401925315263306
-0.0029807154566271017
-0.00340443155891607
-0.0035782860590557585
-0.0027278190415094203
-0.0034060718418710365
-0.002944056459523859
-0.0028945105071978964
-0.0031752983856300704
-0.0034061875630817698
-0.0032859687823926383
-0.0031654497556656697
-0.0038214128235751015
-0.0030790235049932262
-0.0029372926627990324
-0.00336598808376197
-0.0034724681408734117
-0.0029085817335154063
-0.002604529353125876
-0.0034003212496140707
-0.0028707072174224838
-0.003221933161448824
-0.0026473344877433673
-0.003290534519501493
-0.0029990838813891522
-0.0032666213224551246
-0.0029639349163816157
-0.0028984212463948967
-0.003532959069888059
-0.0036881687493551685
-0.003011064063020896
-0.003519045887347042
-0.0032776145685596034
-0.0030602507797351537
-0.003210647273397091
-0.0031357205900565377
-0.0030063504373205254
-0.002792760941163934
-0.0033793797522337107
-0.0034705667150812546
-0.00297453100110243
-0.002961589535923441
-0.0026692957137129268
-0.003154029039504458
-0.003411399002832608
-0.0033927164140130535
-0.003156336147448507
-0.0035305962895776518
-0.0028667919289667053
-0.003309627866032618
-0.0032064528967909157
-0.0030664821771106744
-0.0030495095242670527
-0.0031115560916357655
-0.0028894222275943353
-0.003184021486180473
-0.0028393283824520187
-0.003036522553151742
-0.0030236439319533586
-0.003042439444132445
-0.003409441834484786
-0.003479943664295112
-0.003100026058998648
-0.0031603524283057667
-0.0033084367532152823
-0.003105796420039461
-0.003071841428510623
-0.0033659494533879253
-0.0029531389339373195
-0.0033228047461154493
-0.0034370713214446147
-0.003405693993564117
-0.0031605094667026307
-0.0030958487543331767
-0.003354246159499151
-0.003185438153906779
-0.0035588953543280373
-0.0033405122991505385
-0.0030496630858619284
-0.0029155357694606917
-0.002932613019441632
-0.0032903112221787647
-0.0033047420786810897
-0.0035509393289716857
-0.0037483166304758974
-0.0026354777500267133
-0.00346240978253226
-0.003400072535356499
-0.003666045918418184
-0.0032022200631605787
-0.003455226179989409
-0.0028540564397177173
-0.0030675266647915826
-0.00321257105828332
-0.002718542670937222
-0.003496118036514576
-0.003005295413301226
-0.0031768147071119883
-0.002891514120874875
-0.002953485172699903
-0.0027738986990208593
-0.002893232613273761
-0.002682855816805817
-0.0030531823775621393
-0.0032008721209193206
-0.0030822192136011743
-0.003177722385180992
-0.003017570265560322
-0.003681121173162008
-0.0028137987928488974
-0.003313374318012731
-0.0032464204319999804
-0.003090944630579788
-0.0026466141172329515
-0.0031087355209222277
-0.0030702053643734024
-0.0031595378124722497
-0.002798625184848123
-0.003074353810325192
-0.0025152684567652764
-0.0030756075329017507
-0.002272864699203649
-0.003107999192655697
-0.0028907188730267755
-0.0025803889357780174
-0.0023260654827631086
-0.002713723460215871
-0.0037773708145030773
-0.0027652790696844403
-0.002768150391741482
-0.0026384708995719586
-0.0023314069505762417
-0.0026892666965888674
-0.0030078048752736836
-0.0023294298345302306
-0.002617023494818637
-0.002957996944316071
-0.0024040112743659273
-0.0024493481651337457
-0.0030233716987740178
-0.0027201472901066765
-0.0026547949858156655
-0.002863749911452264
-0.003089291504868937
-0.002475002734332724
-0.0029922723276673974
-0.0026813365192862575
-0.0032992691562097978
-0.0029604340768215522
-0.0034487380574401774
-0.0030433207179310392
-0.0027507428748697366
-0.0025428094068301785
-0.00292701403642921
-0.00259427362569597
-0.0029332292136316743
-0.0023393076826552467
-0.0029616476856896127
-0.0023836528459170356
-0.0028605289685713305
-0.0028668600685794335
-0.0026925403502207545
-0.002868257614681232
-0.003077987749029932
-0.003077359624322762
-0.0033068980875770515
-0.002976352323960916
-0.0028048175750080987
-0.003170311819680761
-0.002689670822353156
-0.0032730857399261735
-0.0028155176736694544
-0.0032234341330540117
-0.002908729329652119
-0.0035384110213437263
-0.002691579871107595
-0.0029793309381494623
-0.003060567381889105
-0.0028711188522084472
-0.0033454260762196394
-0.0027378151208421243
-0.0035907773279609963
-0.0032140235825367635
-0.0034789441837448877
-0.0032904639290613122
-0.0028655032587546606
-0.0033914743917613614
-0.003137746139278195
-0.0034867836378780453
-0.002947177059974493
-0.003371862379368599
-0.0029482516286820594
-0.0029276433864893715
-0.0035879856760040103
-0.0032461457562606784
-0.002880524192290329
-0.003113371204753175
-0.0033275985884031636
-0.003177560407669274
-0.003178013111536925
-0.003021999114169413
-0.003170677577685383
-0.0029177430030784784
-0.002815248712602088
-0.002876256806590043
-0.0027981137549088425
-0.003246017665289809
-0.0029834656992954057
-0.0033209472837046022
-0.0035551056140231685
-0.003552432274810198
-0.003729257227947668
-0.0027534148658019688
-0.0033337510666130972
-0.0032354750092620063
-0.0029023707555262982
-0.002956504244753454
-0.0030852036156925264
-0.003451970909764686
-0.003514746190245159
-0.003134806829907289
-0.003414119779595525
-0.0038298591588570093
-0.0032116750488541106
-0.0033470169684020946
-0.003360581902686951
-0.003395909964578327
-0.003670899420940516
-0.0029209279223275705
-0.0033056039699875172
-0.0031380116411160027
-0.003362450511084798
-0.003296846772772136
-0.0031065354588456955
-0.003397437677229432
-0.0036820570435205095
-0.003286778139368461
-0.0034290391915521336
-0.003011486365121399
-0.0024746325769266983
-0.002975917196734092
-0.0027543824067592345
-0.0029038023714403945
-0.0027626720258578912
-0.003232153592800503
-0.003448772334199195
-0.0029972552227450324
-0.0033804867671428256
-0.0029124923145245475
-0.0022928837747859605
-0.0029205755773950783
-0.003220552176447141
-0.002954500051630172
-0.0026045581750336463
-0.0031008505608882
-0.002890936916576405
-0.0029348380006322663
-0.0034741963833277204
-0.0026628736904090117
-0.002976676755190907
-0.0032092159769441754
-0.002822921216721736
-0.0036284221218570913
-0.0032883594413436485
-0.0033388015695764014
-0.002444022469284744
-0.002940117380101175
-0.0029672165423056934
-0.003031722520972835
-0.0030093480281326635
-0.003164380037924275
-0.0032559446686502426
-0.0026584082292212693
-0.003318128792016768
-0.0026975071239864526
-0.0035393305627011364
-0.0028837680073415107
-0.003374843340816048
-0.002768881725736008
-0.0027813402783846567
-0.002519727838868798
-0.003218274423760978
-0.003481496563473604
-0.0033998875130268943
-0.0026132385999313753
-0.003405379313457399
-0.002624876278265741
-0.0029132606945317273
-0.003204770654221889
-0.002955240430152635
-0.0032888174717020146
-0.0032183002757665948
-0.003709291395950767
-0.0030502177186876567
-0.00308243262726436
-0.002774225534238061
-0.0035329926775413655
-0.0027527038929171964
-0.0033557441489825133
-0.003155217693606859
-0.0033835697036704226
-0.00279586739265129
-0.002638266993357225
-0.0031472846674068648
-0.0031797315415756427
-0.0033930391505815664
-0.0031166649316524526
-0.002993283594300955
-0.0028935067345405747
-0.002467854395026925
-0.003441445073461894
-0.003295671119002265
-0.003282535288191955
-0.0029393858582253893
-0.0032701070332483793
-0.002734418813028487
-0.003020110645522992
-0.0028968314809987806
-0.003390723170204906
-0.0031588031271728967
-0.0032120239102750516
-0.0029841755859903786
-0.002555013066236055
-0.0029450248008975094
-0.003039632612315828
-0.003156804980682059
-0.002296211640121562
-0.003843146666525813
-0.0028223083491758336
-0.0037386716404926496
-0.0033716869618088865
-0.002807902139899782
-0.0029497783962778427
-0.003206595571125444
-0.003436607946451449
-0.003573144651586938
-0.003115690404009036
-0.0028778164504213778
-0.0030309669274359136
-0.0032377279447322427
-0.0026940675928443488
-0.0032484186795934218
-0.002841066961391206
-0.002908684310820648
-0.00332876203652856
-0.003450069309322829
-0.0026452208257266327
-0.003356337599402929
-0.0029011570000478013
-0.0034612632783575983
-0.003039974859462628
-0.0035119849522762736
-0.0029892954273770924
-0.0026824276018188606
-0.003329752736643107
-0.0031323842656315482
-0.003514177972422157
-0.0030137579452107627
-0.003277216411086847
-0.0028377987241081032
-0.0035947783571153844
-0.0031318230066011993
-0.003154469679821677
-0.003149011511984986
-0.0035482868152132076
-0.0027986232126400307
-0.0032146723282685105
-0.003664623764337449
-0.003189193674258534
-0.0032186524062049614
-0.002891510320691818
-0.003900672225715227
-0.0033833956614028027
-0.003046327656493368
-0.002857018931318482
-0.0026426340775319596
-0.0032876159745104435
-0.003466035375800111
-0.003633460068461202
-0.0032625688850272967
-0.002964873497254378
-0.0036361929808313457
-0.0033074449886806214
-0.003438060576023115
-0.003580591746435579
-0.0031857833239405872
-0.003076734702697774
-0.0031922560679507528
-0.0028339471844625007
-0.0029163140086868274
-0.0031455594411327298
-0.0030199482870678263
-0.003005783083576752
-0.003288724388566169
-0.0030350663371906104
-0.0024341699377406893
-0.0031401558036221466
-0.0030759959047744908
-0.0027394251943393126
-0.002813581095866361
-0.0031590430646510526
-0.0026353178077932592
-0.0030157835707217014
-0.002848652271849298
-0.002687657545486812
-0.003169062992810405
-0.0028457164707417744
-0.0031600023031317574
-0.0033225085942729694
-0.0028881749039781604
-0.003146417960564501
-0.002478054527633325
-0.002475023214060935
-0.0025720532557614913
-0.002655258288665111
-0.0036562642114296145
-0.0028420811369462566
-0.0033221673087151893
-0.003119711970264216
-0.003068009924809418
-0.0029619350420657903
-0.0026442815707554794
-0.0033311515214673494
-0.003058535371561273
-0.0034331110758172986
-0.00328938537973331
-0.0030505835731941006
-0.0032836913625802623
-0.0031226393708396064
-0.0031297703955969836
-0.0035980933757759972
-0.0036106339678814636
-0.002965558085425644
-0.002741247946707868
-0.002612224820679419
-0.002598252130147476
-0.0030320330277136464
-0.002992435152702678
-0.002943766619574594
-0.002955264950284348
-0.0030985744336662242
-0.002773936096862954
-0.0033383667816176024
-0.00314898861419911
-0.0031477037183659053
-0.0025385456960575013
-0.0031726469146932386
-0.0030787762724817716
-0.003204430445770846
-0.0034091895732217383
-0.0031534031493869736
-0.0028898701501275125
-0.003223898859889576
-0.003317919125651432
-0.003229069601387052
-0.00363766558665276
-0.0030759146290976424
-0.0025883432585745323
-0.0027889268328441775
-0.0028615508730835924
-0.0031226278984251557
-0.0029106729942150254
-0.0035471565515839674
-0.0035241088236473385
-0.00292877573357127
-0.003078226271717564
-0.002750683089097655
-0.0033721725640490628
-0.0027699405725874304
-0.003067007457088085
-0.0034068268407088783
-0.0030989812099391292
-0.002636054033494223
-0.003432809591678612
-0.0031257781835675983
-0.0030905171359590666
-0.003289551151681837
-0.003501758867232829
-0.003486985123291479
-0.00232095801764228
-0.0035153677982780965
-0.0036089176255860098
-0.003610932516771019
-0.0028012913571983287
-0.0033331944324169424
-0.0027172603544004647
-0.0028605577076002823
-0.0034413863364318033
-0.0034690683340279855
-0.0031045622046091737
-0.0029548933167779655
-0.002892814966902565
-0.002556136933780833
-0.003100958211387327
-0.0035780194776641166
-0.003257884759802113
-0.0027883499935202195
-0.0032092082403718065
-0.002274879560722563
-0.003000979945772361
-0.00277753396931973
-0.003030106413226582
-0.00291554595423041
-0.0034849426680886187
-0.003030817149271311
-0.0029272583941867985
-0.0030214088261065904
-0.0026138260727035954
-0.0027459239217538568
-0.0029149563501851988
-0.002831296116163324
-0.0027416360777822307
-0.002694657520991064
-0.0029275018694495925
-0.0032000921360663074
-0.002990448416177742
-0.003385941632296743
-0.003030432556646497
-0.0029079143142139875
-0.0029397639012710298
-0.0032986347665428183
-0.0034387918381694653
-0.0031270147677590287
-0.0037893754956251553
-0.0030113234596206447
-0.0028367699034406954
-0.002626422260322332
-0.0030785567308838106
-0.002665678619997266
-0.0025009424497263637
-0.0031634332580407357
-0.002710814074942811
-0.0031057621492373197
-0.0029798289326628527
-0.0028467831378891154
-0.0028900781491845847
-0.0032015200870074085
-0.0028787653120187265
-0.0029623486333885595
-0.0028366395609380857
-0.0035639713952240536
-0.0033594231672662974
-0.003322281917845413
-0.0035270228349224175
-0.0038695530501382355
-0.003113537396671057
-0.002821004322858389
-0.003221564370746212
-0.002747024959151187
-0.0033022237279281648
-0.0030179057969308316
-0.003329461541880001
-0.0033129252333011527
-0.003030719763491573
-0.0031466895365257997
-0.003021872747937579
-0.0030807814374600485
-0.003074054226937249
-0.003244320750260298
-0.0027853604254531685
-0.0028140418621056267
-0.0033538344374277676
-0.00284157578361329
-0.002570504615123733
-0.00330549134757278
-0.0034571822514948827
-0.0028362208865505643
-0.003593465395279311
-0.003466732681312084
-0.002962509580861584
-0.0030218918429963577
-0.00344075298503508
-0.0033888898018618447
-0.0026971498962615544
-0.0029256623541345874
-0.0030591744255915477
-0.0028911126094505616
