2.4893704029229973
1.2863334619081936
1.1047381832049443
0.936515217102491
0.8057196534596957
0.7057977130779853
0.5983527990487906
0.5132545677515177
0.4586143991121879
0.41057472435327674
0.34946174690356624
0.2890180766582489
0.2726086465212015
0.23013966931746557
0.21244558210556325
0.18637377837529548
0.16851176069333004
0.144484993070364
0.14027096720842214
0.1237573172037418
0.11722220073525723
0.11031310458022814
0.10899628807718938
0.11012845354584547
0.11026796561021071
0.11215461779099245
0.10672233887016773
0.10274606536214169
0.10581052268926915
0.09790685807283107
0.08515847944296323
0.0801521338808995
0.08634294397555865
0.0830470893245477
0.08277800839680892
0.08413473929350193
0.08643379320318882
0.0889792133982365
0.09331830699856465
0.09293020797463564
0.09429844721005513
0.09365442028412452
0.09790887692226813
0.09741058309490865
0.10602994738863064
0.11420472888992383
0.10698582524290452
0.11040473379767858
0.0929726378275798
0.0877616992363563
0.09129362759681849
0.0914507444231556
0.08769462276250124
0.09020428989942257
0.08728925373691779
0.09247478109139662
0.09034588795441847
0.08222569892039666
0.08819077304349496
0.08783726600500254
0.08534834396380644
0.08806900172852553
0.08781150358800704
0.08602957994892046
0.08725895577898392
0.08682302144857554
0.0846891996379082
0.08349480242110216
0.09523115244049292
0.09459681728711496
0.08908918173267291
0.08691049871536402
0.08628509299686322
0.08406546858067696
0.09268754869699478
0.08947402049715703
0.0836242660593528
0.08906377187142005
0.0905153198310962
0.09077386603905604
0.08019618927859343
0.08213387638903581
0.08236320207898433
0.08285041639151482
0.07953985912295489
0.08160044427674551
0.0893836509436369
0.08914581548709136
0.08144722334467448
0.08461141179387387
0.08526910830002565
0.08623965789492313
0.07832648143745385
0.0766873722179578
0.07316143862329996
0.08019743716487518
0.08952402392259011
0.08877472831652715
0.09460309388545843
0.08910907764847462
0.09045771240041806
0.08546310800772447
0.07922409148170398
0.07797458057220165
0.0810984961115397
0.08299995153569258
0.0767441330334315
0.08744824465650779
0.09093242588524635
0.08874128733116847
0.09215950822600952
0.0885664745592154
0.0834077553393749
0.09229810398358565
0.08407348400125136
0.08578798633355361
0.07910962505982472
0.0784232647373126
0.08389980047941208
0.08347355531385312
0.08230212706212814
0.08303930639074399
0.0930505680350157
0.09563161977208577
0.09004471307763687
0.08417420069185587
0.07798741646111011
0.07634775781860718
0.07792739793658257
0.07615408622301542
0.07709461450576782
0.07585657473940116
0.07271989240096166
0.07275387034393274
0.07116472047681992
0.06992434039711952
0.08097940941269581
0.08491635569013083
0.08076117634773254
0.07783383205533027
0.07345374057499263
0.07808157331668414
0.07953185141086579
0.0789031443114464
0.07206459827721119
0.07126454960268278
0.07550168705101197
0.0700367296830966
0.06868628435409986
0.07656820723070548
0.07943237916781352
0.07766427890612529
0.07404472822180161
0.0838905800993626
0.08038455070211337
0.08186992315145639
0.07664338390414531
0.07972269476606296
0.08712125649819007
0.07429354179363984
0.07684788761230615
0.07265520989894866
0.07774914451516592
0.0826228981407789
0.08357540970811476
0.07468559082884055
0.07898156393605929
0.08021564890558903
0.07005493360070082
0.0685934233550842
0.07453653431282593
0.07599832627635736
0.07482976638353787
0.06467609978639162
0.068042674775307
0.07161608292506291
0.08226910411165311
0.08494236566699469
0.08172953507074943
0.0697950688119118
0.07822253010593928
0.07646721985477667
0.08771180963286987
0.08967970007887253
0.07472506784475767
0.07768967151641845
0.07827770566711059
0.07030832561162802
0.07243876909980407
0.06610881491349294
0.07725819180218073
0.08931241207397901
0.07590377147381122
0.07250487896112295
0.07848987837250417
0.09643626511096955
0.0898504060621445
0.07308828148704309
0.07981284747903164
0.07337005470807735
0.07887688210377326
0.08426837743474887
0.07423390190188701
0.0694668506200497
0.07337512167600485
0.07798945238957038
0.07028172480372283
0.0732366270170762
0.07237571297356715
0.06873533685620015
0.0661197288105121
0.06351910227766404
0.06508407736053834
0.06749947859117618
0.061259058003242196
0.056664366303728175
0.06528380673665267
0.07084511793576755
0.06896847010805057
0.0721899220576653
0.07192362346328222
0.0759402137536269
0.0722359221142072
0.0787961445748806
0.07150910680110638
0.07581493694048662
0.08290481126079192
0.07205042784603742
0.08664184069404235
0.07723448167626674
0.07386535858878722
0.06857009272162731
0.07095264695011652
0.07496563998552469
0.07705479751412685
0.075619615900975
0.08390560631568615
0.07420399475556154
0.07669121496952497
0.07403432566386003
0.06951161273396932
0.0760757860655968
0.074369066208601
0.07880074473527762
0.06941720923552146
0.07835118452516886
0.06902592377020762
0.07204053184160819
0.06570170799700113
0.06552865671423766
0.07688270062208176
0.07350748416322928
0.0867686020067105
0.07299224149722319
0.07437348830012175
0.08366380379750178
0.07567088798834727
0.06866784617304802
0.07178066837099882
0.07129762866176091
0.06866099060728
0.06683965938595625
0.08220566390798642
0.06538226358019389
0.06438123400394734
0.06565129120762532
0.06249412762430998
0.06072998276123634
0.06233409241988109
0.060677064783298054
0.05931471190773524
0.07502112474579077
0.06591789986078556
0.06947349052016552
0.06727507062829458
0.06019426406576083
0.0616398079177508
0.06810913452735314
0.07315575417417747
0.06008106584732349
0.06751199906262068
0.06550445035099983
0.07327244402124332
0.07960320493349662
0.07836026188272696
0.0759860733953806
0.07563943880108687
0.08476457011241179
0.07384089260147168
0.07329044112792382
0.07634320115813842
0.07802125530747267
0.07984795381243412
0.0773907958314969
0.08064989258463566
0.07870531752705574
0.08388356967614247
0.07917981050335444
0.0822892318551357
0.07282604179703273
0.07197394818067551
0.06995078399777413
0.07864445207210688
0.07480223551392555
0.07039638001185197
0.0697874859548532
0.06725264810598813
0.06685190911476428
0.07182388534912697
0.0698390854952427
0.07244856649866471
0.07017930407936757
0.07089610644257986
0.07606930434703826
0.08047655247724973
0.07422099944490652
0.0700206923370178
0.07333916270962128
0.06781253316081487
0.07009815315787608
0.07193264554326351
0.07335151433944702
0.0722593020934325
0.07020536999289806
0.069543206347869
0.07025153808868849
0.0684556884261278
0.06499159419192718
0.06699105862241525
0.06608386512559195
0.07017892530331245
0.07727492365699548
0.06822470455215528
0.07622378227802423
0.07643939222280796
0.07830771540219968
0.07910629986570432
0.08184173307739771
0.07865444708328981
0.08254653117977656
0.08065619078966288
0.08037087997564903
0.07773033775962317
0.08254498094320298
0.07939747626391741
0.08096879944205285
0.07335253747609946
0.07406850973000893
0.08399926504263511
0.08325851083948062
0.07551096841119803
0.07515626435096447
0.07610973291672193
0.08453530938579486
0.08173916208056303
0.07870629441279631
0.07528107235064874
0.07873385072900699
0.07577195568726613
0.07646025195717812
0.08135552297417935
0.0910293775682266
0.09051810709329752
0.07826753149812038
0.08541269050194666
0.08155890101423631
0.08064842410385609
0.07921917020128323
0.09056434539648203
0.08084389263620743
0.08617908049088258
0.08126510072212953
0.08344844763095562
0.08336967258499219
0.08451603605197026
0.08385623750778345
0.08578517969984274
0.08103821461017315
0.079653220767012
0.08101625565726023
0.08291434020950245
0.07800629345270303
0.08404812334248653
0.08193961869065579
0.08344205537667641
0.0800709304614709
0.08217336065494098
0.0824261259001035
0.08451021623152953
0.08091122869115609
0.08228607280896261
0.08391333617843115
0.08184446053436169
0.07930746256158902
0.0876374119749436
0.08275322558788153
0.08553051275129502
0.08127997196637667
0.079983439296484
0.0821040310538732
0.08262100454706411
0.08527045118121
0.07842743419683897
0.08629120387710058
0.08227169897693853
0.07681614415576825
0.07971558353075614
0.07796818487919294
0.08319843606306956
0.08106125770853116
0.08387901874688955
0.08641394577347315
0.08035521220702391
0.08272063270784341
0.0824912456365732
0.08363997689806497
0.08089201375842095
0.08400973514295541
0.0841650929588538
0.07820752303187664
0.08464568222944553
0.08425597267655226
0.08163222928459828
0.08312327503584899
0.08478565631577602
0.08070509221691352
0.08298228325752112
0.07980779031148323
0.08194088058976026
0.07774763689018213
0.08503681028691622
0.07860371275590017
0.08353533011216384
0.08805460683428325
0.08628189368889883
0.09091550530149387
0.08711566724456274
0.08597953614707177
0.08192808215434734
0.08268442085156073
0.08311514034867287
0.08014238230310954
0.08239517332269596
0.08652140982449055
0.07926963716745376
0.07787615800133119
0.08103731002372044
0.08382711450640971
0.08013702418941718
0.0821835506420869
0.07987576390688236
0.08265583033745105
0.08154489770531655
0.08253062040759968
0.08047912567853928
0.08566807164595677
0.08656709257226725
0.08119151437511811
0.08497102128771636
0.0804364956342257
0.0818424522303618
0.08367042312255273
0.08258595154262506
0.0813632288804421
0.08064074418865717
0.08425464928150177
0.08215026093217043
0.07941279176336069
0.08154702404370674
0.08327478370987453
0.08332399132733162
0.0808970265950148
0.07693899081876644
0.08064604006134547
0.0839504083761802
0.07951782274131591
0.08280837243566146
0.08160572748344679
0.08120245028000611
0.07780962778398624
0.07635833259958487
0.0764925428881095
0.07774470098889791
0.07783046909249745
0.07958851287571284
0.08174950583623006
0.07844158628812203
0.07795577347278596
0.07915080943359779
0.07765688090943373
0.07952815655332346
0.08393786661326885
0.08005397806947048
0.07712745890021325
0.07837209592644985
0.07884023693891672
0.0820683046315725
0.0826469170072904
0.08075036618572015
0.0798321433365345
0.08687061392343962
0.08452455189365607
0.087435246230318
0.08126711063086986
0.08021886050701141
0.08065963679781327
0.08238268620692767
0.0816921829031064
0.0854407055160174
0.07751351781189442
0.08248535245656967
0.08533679547791298
0.07959419849973459
0.07991745065038021
0.07953420344453592
0.08354069630687054
0.07905596093489574
0.08206404040639217
0.07848822325468063
0.0836398024398547
0.08138353403371114
0.0869883526976292
0.07994894789388547
0.08619636984971854
0.07679760031975233
0.07794236067969065
0.07841618631321651
0.08092525701683301
0.08323265273983661
0.08137690677092625
0.08668435026819889
0.08247200992818061
0.08198558315634727
0.08305863907130864
0.07942831166661703
0.08000086167683969
0.08164983575160686
0.08112104297257387
0.08430835452790443
0.07819780417932914
0.08083338963870819
0.08305296803323123
0.078259627864911
0.07993537614551874
0.08044431931697406
0.08015957145163646
0.0786192163825035
0.07857508945923586
0.08187674659375961
0.08310957889144237
0.08335796437011316
0.08857906242975822
0.08196102036879613
0.08549108940821427
0.08322834853942578
0.08077960851100775
0.07947440485541638
0.08135211009245652
0.0854977908042761
0.08571442749637824
0.08464565767118563
0.08680876077940831
0.08577590822600402
0.08427396313502239
0.0863309741879885
0.08437917278363155
0.07912466761011344
0.08667881505993696
0.08335480082493563
0.08441514957409639
0.08528171800650083
0.08482957998147378
0.08618277431680606
0.0881713908452254
0.08288198285377943
0.08390179431209198
0.08742019852193503
0.08732558208016249
0.08898497814169297
0.08906044702117259
0.08600426385035882
0.08804990445765165
0.0846425887197256
0.08606582696621234
0.08774312645770037
0.08775957645131992
0.08425077836100872
0.0868914734858733
0.088731879941546
0.08773545284683888
0.08215327337384223
0.08737381785534895
0.08624614279430647
0.08102315609844832
0.08461671365568271
0.08257041026193362
0.08131045991411576
0.08365678420433631
0.08762682765149153
0.08775633622247439
