-0.0001290484723330547
-0.00012118026497773827
-0.00011904919389426374
-0.00011519175895955414
-0.00011523594241738559
-0.00011410640294436747
-0.00011540933158427763
-0.00011270756464606771
-0.0001122315295968945
-0.00011165231214060138
-0.00011030059600344453
-0.00011012733970673229
-0.00010813748324439168
-0.0001057467977098452
-0.00010541648680839735
-0.00010672933362328853
-0.0001064506821701518
-0.00010511154437270493
-0.00010338198219706567
-0.00010257653103998074
-0.00010201832792984369
-0.00010083224695289317
-9.942834167771089e-05
-9.739058795952215e-05
-9.645751072243096e-05
-9.627777464443054e-05
-9.521895322578553e-05
-9.436496956578384e-05
-9.356917252238745e-05
-9.352592146919611e-05
-9.140172068071433e-05
-9.205931534942909e-05
-9.062468519774624e-05
-8.954008550902542e-05
-8.852155703770665e-05
-8.594271505269437e-05
-8.289736720960206e-05
-8.159367414639117e-05
-8.005451505036595e-05
-7.821302092335641e-05
-7.673193460318427e-05
-7.420526862216111e-05
-7.324500475078822e-05
-7.079660471600408e-05
-6.806802535160946e-05
-6.473812111205637e-05
-6.367349631499308e-05
-6.157166611116666e-05
-5.917528465849896e-05
-5.6328288039180615e-05
-5.489144715307376e-05
-5.17662637158094e-05
-4.999917188960796e-05
-4.879689093706055e-05
-4.7897715520752497e-05
-4.7748767172332664e-05
-4.67978837640168e-05
-4.768242148342184e-05
-4.590753012915882e-05
-4.460307178445733e-05
-4.282277579290959e-05
-4.0537615169365055e-05
-3.82862738870944e-05
-3.841317802419862e-05
-3.693530222965189e-05
-3.7040642760425374e-05
-3.816462407345311e-05
-3.69027337747423e-05
-3.7843851467373615e-05
-3.729242094917796e-05
-3.6038032927675746e-05
-3.4297123429729627e-05
-3.536042935686568e-05
-3.611840227863584e-05
-3.5408337358743524e-05
-3.635980834727748e-05
-3.3349373888296004e-05
-3.24586906152455e-05
-3.21102141569076e-05
-3.2430399005534125e-05
-3.1154592439774064e-05
-2.917406566736575e-05
-2.874136329270326e-05
-2.911831244814377e-05
-2.7472067207175616e-05
-2.743117931972031e-05
-2.7917496313770803e-05
-2.6232279000956065e-05
-2.6343189557127727e-05
-2.5635305167107175e-05
-2.617965810014329e-05
-2.6190800781478174e-05
-2.4283664550659105e-05
-2.3608667759571032e-05
-2.3446689234473384e-05
-2.3269330846139778e-05
-2.24965933459596e-05
-2.2165962470283447e-05
-2.2581566279255546e-05
-2.3209787384705404e-05
-2.2376346719400502e-05
-2.1692761667789175e-05
-2.1397050454069334e-05
-2.158872398117987e-05
-2.1638175437543303e-05
-2.0496344260232617e-05
-2.0214774010058205e-05
-1.929664829684696e-05
-1.8829299155279445e-05
-1.9612305102502712e-05
-1.888596472361734e-05
-1.836554891689537e-05
-1.688049760093399e-05
-1.628807259317583e-05
-1.600703159895672e-05
-1.6400078386187744e-05
-1.7021979053821175e-05
-1.663337350645377e-05
-1.7017792831607857e-05
-1.5776219809665166e-05
-1.6233188412465658e-05
-1.5829320410632183e-05
-1.5123700564473461e-05
-1.5189697198645892e-05
-1.524841320646467e-05
-1.596458454374582e-05
-1.6759932641901123e-05
-1.6169212111167444e-05
-1.602057339672077e-05
-1.509484837954052e-05
-1.4576221991984102e-05
-1.4705759092929582e-05
-1.4664822797035763e-05
-1.438678867625407e-05
-1.4504551262899231e-05
-1.4155514653770624e-05
-1.4310019762958221e-05
-1.4655703559513382e-05
-1.4411343568682264e-05
-1.4008931322724749e-05
-1.4062244544896738e-05
-1.3809443692317029e-05
-1.2797547685458529e-05
-1.1908841513967416e-05
-1.1165189225254998e-05
-1.2042938117072202e-05
-1.2653339198993472e-05
-1.3061529982503719e-05
-1.2425307916904179e-05
-1.178456693592941e-05
-1.270076064919032e-05
-1.2980011594593705e-05
-1.2857305116015665e-05
-1.2826219235415546e-05
-1.2873444738476956e-05
-1.274295226698413e-05
-1.1917866355267902e-05
-1.1229967644911271e-05
-1.0574486110178837e-05
-1.0244406248369695e-05
-1.0385692145903774e-05
-1.0059621882436868e-05
-9.824250180547377e-06
-9.216480784510704e-06
-9.484650875562624e-06
-9.722726430575279e-06
-9.656642643490042e-06
-9.221493434243035e-06
-9.59317895206205e-06
-8.715928300098778e-06
-9.283555379788129e-06
-8.618139760913506e-06
-8.219716043337637e-06
-8.777085340392285e-06
-8.244711357409146e-06
-8.226045599421456e-06
-7.625224787215045e-06
-7.830011621151173e-06
-8.18784295776053e-06
-8.109773250161641e-06
-7.214625852961595e-06
-7.314654223405225e-06
-7.1626031291462145e-06
-8.00685097718274e-06
-7.756245978294502e-06
-7.547361297045613e-06
-7.927808268831517e-06
-7.345901135872387e-06
-6.9392156220624785e-06
-7.616383631195789e-06
-7.839994748046126e-06
-8.02874883680861e-06
-8.616366332530444e-06
-8.69533150762436e-06
-8.674116697175822e-06
-8.272994497159604e-06
-7.628256678752876e-06
-8.217678042945828e-06
-7.872673802175529e-06
-7.660013813083657e-06
-8.161673343774732e-06
-8.428162679289623e-06
-8.153473747650143e-06
-7.301642327570918e-06
-6.565306317404462e-06
-6.381246196094882e-06
-7.385651511308075e-06
-7.362385004410335e-06
-7.141755593646592e-06
-8.039926169891633e-06
-8.424252663621117e-06
-8.228478803245637e-06
-8.414210333285154e-06
-7.178545806359929e-06
-6.745033263145253e-06
-6.769415304939358e-06
-7.2637227369854465e-06
-7.856112633584043e-06
-7.906277332016869e-06
-7.914729385214369e-06
-7.84530115523898e-06
-7.670119476899392e-06
-7.704964602266837e-06
-7.459162437347307e-06
-7.117544758400002e-06
-6.2743173284383e-06
-6.0285916170426224e-06
-6.668826970268035e-06
-7.219704011964869e-06
-7.64616421899215e-06
-6.815366153508269e-06
-7.455570891742798e-06
-8.059032988500966e-06
-8.079161225629296e-06
-8.681555720193921e-06
-8.905722218817876e-06
-8.73120190170504e-06
-8.879379651588329e-06
-8.723610857813559e-06
-8.953296501437227e-06
-9.841937968210402e-06
-8.490865615712186e-06
-9.089662233189954e-06
-8.099460457089709e-06
-7.922560668633265e-06
-7.674329824042686e-06
-7.790043522012032e-06
-7.803095500910273e-06
-8.03189490491208e-06
-7.247476631350881e-06
-8.034544316615211e-06
-7.538780666949699e-06
-7.525772322808804e-06
-8.14265660944959e-06
-7.612334642404816e-06
-7.523694771057658e-06
-7.116086663490233e-06
-6.874769028050091e-06
-7.125211899013569e-06
-7.793673851735478e-06
-8.206027805266413e-06
-8.439403539411544e-06
-7.318502717587249e-06
-7.505725284901041e-06
-6.698003061244843e-06
-6.822920997178582e-06
-6.6421991318631436e-06
-6.875027772296632e-06
-6.835970035377287e-06
-5.80887439681623e-06
-5.464054149156138e-06
-5.141784008745349e-06
-5.035858465327272e-06
-5.743717114315726e-06
-6.38346133107403e-06
-6.413893338620442e-06
-7.280691939880714e-06
-6.859542162811312e-06
-6.5518945424022e-06
-7.369211377805093e-06
-6.607474649801868e-06
-7.019909639310731e-06
-6.498041782320704e-06
-6.5381562518058885e-06
-6.935874959405434e-06
-6.520459924220818e-06
-5.736159243660483e-06
-6.037266804271031e-06
-6.18518023866972e-06
-5.722008944968156e-06
-5.176689524560994e-06
-5.119856156782659e-06
-4.894699675507861e-06
-4.758422183397506e-06
-4.94998276292627e-06
-4.207894650020395e-06
-4.0578971353310264e-06
-4.506070367008364e-06
-3.6561496075685286e-06
-3.864657046739385e-06
-3.816180550039952e-06
-4.247551367324121e-06
-4.1018595999421685e-06
-4.246646767569473e-06
-4.334073608520274e-06
-4.537043316350975e-06
-4.695638635427876e-06
-4.7220403477974915e-06
-4.515285724128495e-06
-3.936056205370383e-06
-4.160710474165031e-06
-4.0261207220446055e-06
-3.867471595861925e-06
-4.166768474953222e-06
-4.619232169762911e-06
-5.0550980025339715e-06
-4.962474772932742e-06
-5.034741221047275e-06
-5.088591054421461e-06
-4.3609498614107275e-06
-4.396895665428392e-06
-4.165613658047872e-06
-4.151034413669736e-06
-4.352066422049971e-06
-4.534410235907835e-06
-4.964288678494109e-06
-4.5896944193839605e-06
-4.110865557567405e-06
-3.8511309342608845e-06
-4.281577193045777e-06
-4.69523696525497e-06
-5.10608961354965e-06
-4.695691689285479e-06
-4.429764834266956e-06
-4.598657149192429e-06
-4.6134617850139664e-06
-4.031105415309027e-06
-4.0799286766858315e-06
-3.920101356085909e-06
-3.7410520375348056e-06
-3.5910361440563487e-06
-3.4643872484780448e-06
-3.725426913894271e-06
-3.2043438563843478e-06
-3.609104009555244e-06
-3.5161834206612696e-06
-3.4573743750325566e-06
-3.814214365915037e-06
-3.839247868269852e-06
-4.8325500709977816e-06
-5.048230557291297e-06
-4.703865101290807e-06
-4.1518032305294835e-06
-4.389942023408366e-06
-4.622555638306016e-06
-4.732799061457626e-06
-4.332494511170528e-06
-4.890592089605679e-06
-5.328523007054359e-06
-4.840627008935628e-06
-5.601483385712177e-06
-5.81679322259823e-06
-6.166732733758041e-06
-5.828011510927284e-06
-5.472762236772374e-06
-5.554002286655118e-06
-5.6888431106180625e-06
-5.3516021323911186e-06
-4.853381564410087e-06
-5.041100041872153e-06
-5.21144194210184e-06
-4.771186470465275e-06
-4.821302030531791e-06
-4.4175121426330104e-06
-4.565587142935375e-06
-4.482294873060966e-06
-4.945986289292192e-06
-4.802478890316053e-06
-4.617085396136808e-06
-4.019887503604061e-06
-4.502857880139252e-06
-3.936054543793524e-06
-4.13669327850258e-06
-3.82687940845454e-06
-3.587545818216033e-06
-3.607611646517538e-06
-3.900899705163633e-06
-4.272083412779e-06
-3.938165462340037e-06
-4.225743126740921e-06
-4.646377261125077e-06
-4.545435270604988e-06
-4.706587484785511e-06
-5.117021980064844e-06
-4.911901706714745e-06
-5.294202944638435e-06
-6.3820924785828445e-06
-6.256815045045909e-06
-6.033992038003187e-06
-5.754016684733916e-06
-5.544424621826366e-06
-5.454100541194352e-06
-5.643130911126858e-06
-5.799832053572829e-06
-5.482114570790705e-06
-5.50856840886692e-06
-5.863252390088e-06
-5.457406736334237e-06
-4.982660930881348e-06
-5.2955194218949864e-06
-5.7320540271086006e-06
-6.318845843895524e-06
-6.304779692119411e-06
-5.862591082498115e-06
-6.649530160547539e-06
-7.207312193293966e-06
-8.015164302121728e-06
-7.235650891510513e-06
-6.58740085642561e-06
-6.454361400989374e-06
-6.423687358246519e-06
-7.079061260111093e-06
-6.761924468707711e-06
-6.544902221204934e-06
-7.027318280541714e-06
-6.45080323384042e-06
-6.901836338958954e-06
-6.851295702057169e-06
-6.327232306200761e-06
-5.990222425913462e-06
-6.604217718958329e-06
-6.40569970085217e-06
-5.648304807273701e-06
-5.75860460044052e-06
-5.641100452544962e-06
-5.671307073312048e-06
-5.8068825870950836e-06
-5.554884328609123e-06
-5.252330088413332e-06
-5.216819103318416e-06
-4.39500429540483e-06
-3.950407114107526e-06
-3.53810030621669e-06
-4.03035391149714e-06
-4.718834549212494e-06
-4.366288988258487e-06
-4.506122502043115e-06
-4.122972577300598e-06
-4.376677694987544e-06
-4.989696849523357e-06
-5.428168494220769e-06
-5.319480057481157e-06
-4.850695045323123e-06
-4.903616657732831e-06
-4.793712501757396e-06
-4.357217651956419e-06
-4.206739578922936e-06
-4.685808665108664e-06
-4.34487233644923e-06
-5.162150197672115e-06
-4.937661656302412e-06
-4.603045477452748e-06
-5.194813244694766e-06
-5.190763511983768e-06
-5.220116704899388e-06
-5.390858066862282e-06
-5.087053278447666e-06
-5.12633418204645e-06
-5.030295186514148e-06
-4.916610848736943e-06
-4.887640788626576e-06
-4.732179163861124e-06
-4.990301581878716e-06
-5.225694083212427e-06
-5.163360247724295e-06
-4.683829819185074e-06
-4.392630478086618e-06
-4.60911555703019e-06
-4.656448893514701e-06
-4.5211554583474e-06
-5.30921748250899e-06
-4.9017791472858966e-06
-4.924913390333621e-06
-4.834307692829334e-06
-4.75090603289666e-06
-5.2463093174409525e-06
-3.897453445507637e-06
-3.875976980429513e-06
-4.781195158825423e-06
-5.069966501207837e-06
-5.34144011488444e-06
-4.581836490102339e-06
-5.123808037191898e-06
-4.46511749032652e-06
-3.6901665214081266e-06
-4.087442036903574e-06
-4.25964792087213e-06
-4.852000601647141e-06
-5.1384601484199105e-06
-5.48345290623659e-06
-4.933959420528621e-06
-5.128882322680557e-06
-5.464582187787761e-06
-5.360122665875586e-06
-5.927082717486579e-06
-6.301655601139198e-06
-7.048809325519519e-06
-7.074609143623652e-06
-6.29204424536184e-06
-5.4336202829756825e-06
-5.034400321444711e-06
-5.720562645505057e-06
-6.185803634322767e-06
-6.275168732081044e-06
-6.120438282754875e-06
-6.168273623002162e-06
-6.362721594016945e-06
-5.937113844713447e-06
-6.0113608994400305e-06
-6.134619266399218e-06
-6.234193614755686e-06
-5.883588379126591e-06
-6.176391623459774e-06
-5.9598997862709575e-06
-6.572149626056974e-06
-6.495410380944705e-06
-5.485353878425369e-06
-5.999072578934153e-06
-6.021221836887819e-06
-6.3618219545064796e-06
-6.099284874858896e-06
-5.760621300000005e-06
-6.321183329232437e-06
-6.291404087021828e-06
-6.117843244842683e-06
-7.219430254059635e-06
-6.706892189611562e-06
-6.512986652897104e-06
-6.462245675300857e-06
-6.496388460875143e-06
-6.4209693379943464e-06
-6.593909928107258e-06
-6.317462243597942e-06
-6.842671912939598e-06
-6.832134320761841e-06
-6.330609166746935e-06
-6.292020547194764e-06
-6.042871374143616e-06
-6.354918861735571e-06
-6.075729421494403e-06
-5.5108488339054675e-06
-5.246128691793181e-06
-5.477331612779287e-06
-5.820637920222884e-06
-5.307865224798055e-06
-5.343388464751068e-06
-5.580675979917242e-06
-6.183400094018091e-06
-6.178216093151908e-06
-6.528123401203163e-06
-5.7866131264279085e-06
-5.758551429981031e-06
-5.98263210262163e-06
-5.559198040991293e-06
-5.7833626856452795e-06
-5.778674513306051e-06
-6.116826114941012e-06
-6.265618930438695e-06
-5.819944166992522e-06
-6.093198876792135e-06
-5.042075533240747e-06
-4.703226754944085e-06
-4.731865640049084e-06
-4.380981242017393e-06
-3.7982839004167217e-06
-4.409375906806627e-06
-4.647381683753338e-06
-4.7339701618161946e-06
-4.342812576979691e-06
-4.841382155390396e-06
-5.200671715171595e-06
-5.120100974100075e-06
-4.47222373856139e-06
-4.948138125772134e-06
-5.447060254645737e-06
-5.903386742526587e-06
-5.967121258156392e-06
-6.032708188286051e-06
-5.697752821549493e-06
-5.6453723841397545e-06
-5.814111390907037e-06
-6.310615772702313e-06
-6.448365774047442e-06
-6.493077228533832e-06
-6.643302115732625e-06
-5.8309679540495076e-06
-6.140640067688088e-06
-6.174245619406111e-06
-6.466019597913449e-06
-6.526228919075294e-06
-7.3330586905612085e-06
-7.60607008720772e-06
-7.720625837511108e-06
-7.539891304566901e-06
-6.401725670748886e-06
-6.244697154518993e-06
-6.3105768020203615e-06
-5.506973257769669e-06
-5.105859544038629e-06
-4.643466262421452e-06
-4.917661375750471e-06
-4.808776091708868e-06
-4.777725961246641e-06
-5.236405230299659e-06
-5.893144556560005e-06
-5.296766136243838e-06
-4.984335075091505e-06
-4.9586450912988184e-06
-5.097456148807676e-06
-5.314247251730054e-06
-5.506131273227183e-06
-5.0233146421072515e-06
-5.0365703151701615e-06
-4.930034859941001e-06
-4.907448496501624e-06
-5.243147701642159e-06
-4.417875046177263e-06
-4.9722853803429574e-06
-5.133030833512282e-06
-5.1638521234473536e-06
-4.878302836284722e-06
-5.288125854955675e-06
-5.151321037817233e-06
-5.737776989870979e-06
-5.840422254084096e-06
-6.062401611509416e-06
-6.174054940343829e-06
-5.377791431107116e-06
-5.497818307422e-06
-5.696383511978918e-06
-5.3472430851961226e-06
-5.541182781598764e-06
-5.37061479731048e-06
-6.124601112298059e-06
-6.5682283093337904e-06
-6.930467061932014e-06
-6.526474167819684e-06
-6.352085648149324e-06
-6.310929252205637e-06
-6.296131593840889e-06
-5.689819122031062e-06
-6.299175203868146e-06
-5.9814059661734155e-06
-6.707155761176135e-06
-6.150366696088802e-06
-5.8910507948148265e-06
-5.48498863234925e-06
-5.3763882906656734e-06
-5.570632546527449e-06
-5.567521584919469e-06
-5.953215657847558e-06
-6.053808696238915e-06
-6.272734891610572e-06
-6.397859345806632e-06
-6.173995125908942e-06
-6.472325572432078e-06
-5.671501469642419e-06
-5.737023489834824e-06
-6.280294840111403e-06
-5.752051754079263e-06
-5.341865522869062e-06
-5.714304715627058e-06
-5.4191809305428674e-06
-5.359919566380529e-06
-5.424835790808384e-06
-5.69409240620772e-06
-5.167422990873606e-06
-5.205691442638337e-06
-4.884710156497581e-06
-4.927863233789163e-06
-5.052871827688367e-06
-4.748766402302023e-06
-5.312814014010095e-06
-5.520598908613185e-06
-6.105180893474682e-06
-6.491350967945227e-06
-7.173053757306218e-06
-7.3306883211607315e-06
-6.906246147618497e-06
-6.343902677121477e-06
-6.4293970750347795e-06
-6.309590548297796e-06
-6.341103548598207e-06
-5.967706224160233e-06
-6.38086594802026e-06
-6.850505330172988e-06
-7.346951816800403e-06
-6.3264404651328315e-06
-6.856759125348151e-06
-6.682588802784896e-06
-6.6993656428866625e-06
-6.789192474780765e-06
-6.420003237741557e-06
-5.847551414589338e-06
-5.160498599602411e-06
-4.358293503733316e-06
-5.01877727098569e-06
-5.834825718081377e-06
-5.290023067899687e-06
-4.867689937945658e-06
-4.525804290376702e-06
-5.060054690357692e-06
-5.117158742415575e-06
-5.150958531885408e-06
-4.995250709236223e-06
-4.892240138314008e-06
-4.7832967702094886e-06
-5.030558531871065e-06
-5.046529589983551e-06
-4.409021610813514e-06
-3.832777878041946e-06
-3.687383585388605e-06
-4.136671278058948e-06
-4.053820993459129e-06
-3.9642738136955395e-06
-3.785686691023726e-06
-4.190898857231309e-06
-4.1892708815374555e-06
-4.079598900903082e-06
-3.945991489345966e-06
-3.5412391613275618e-06
-3.86715682091166e-06
-3.736191966032866e-06
-3.3459140024952388e-06
-3.7248185668804815e-06
-4.200865484959557e-06
-3.845544476159072e-06
-3.95263599295084e-06
-3.74264683066427e-06
-3.9967781457306e-06
-4.37995512327642e-06
-4.59375259640346e-06
-3.9319093561155176e-06
-3.288713000634184e-06
-3.6563579121717245e-06
-3.719514113935218e-06
-4.055848605789017e-06
-3.928746334097993e-06
-3.4479367583956514e-06
-3.7626524492504987e-06
-3.8882216510198004e-06
-3.884121335245138e-06
-4.0773070407176885e-06
-4.3234469185102706e-06
-3.809748267695585e-06
-3.485061643004883e-06
-3.60359112491073e-06
-3.893194526683193e-06
-3.712800557528121e-06
-3.6691720850238853e-06
-3.7026717342460193e-06
-3.741622199763347e-06
-4.00767207909853e-06
-4.754794917971594e-06
-4.098125612309116e-06
-3.1742163371699206e-06
-2.9663353532855696e-06
-2.8853300346572023e-06
-2.6393759106632875e-06
-2.7663298391043778e-06
-2.887066812735821e-06
-3.594669837744172e-06
-3.5530682779585147e-06
-3.6738637635817914e-06
-3.665596413599978e-06
-3.407305372932639e-06
-3.4467038893546065e-06
-3.1707284692973376e-06
-3.6928183980751035e-06
-3.6375225007736263e-06
-3.6318813832062566e-06
-4.563588400066156e-06
-3.980482084350511e-06
-4.281766163890447e-06
-4.10453525639754e-06
-4.684211615732728e-06
-4.689113570631702e-06
-4.125952353625997e-06
-4.631715644511412e-06
-4.146615681467945e-06
-4.215114757663776e-06
-4.322310700771572e-06
-4.246994116422288e-06
-4.568302472016046e-06
-4.118943912218151e-06
-3.984333709293144e-06
-4.180572115075894e-06
-4.136396685284219e-06
-4.1326313550645214e-06
-3.831949772621812e-06
-3.231997462558539e-06
-3.225527152841469e-06
-4.270783867282145e-06
-4.4688682604688575e-06
-4.980740644756364e-06
-5.450669155274786e-06
-5.754770849400815e-06
-4.919948034325782e-06
-4.610170519579417e-06
-4.731617760766172e-06
-5.052630174946105e-06
-4.353751000962802e-06
-4.433136530515651e-06
-4.264178606041614e-06
-4.939721549864118e-06
-5.635563994497389e-06
-5.7635206734957115e-06
-5.670867206693705e-06
-5.447649371676678e-06
-4.966125979057651e-06
-5.175760354457172e-06
-6.211587522277393e-06
-5.862283834199516e-06
-5.654341037323973e-06
-6.410938810101167e-06
-5.913472581689861e-06
-5.7879138997426105e-06
-5.715467581560519e-06
-5.7327779359184206e-06
-6.117240853853172e-06
-5.4509011300606055e-06
-5.453443072138515e-06
-5.4220906862704e-06
-5.138248467026129e-06
-4.2072695589759415e-06
-4.034423523663487e-06
-3.9755251621570025e-06
-3.91404140921226e-06
-3.476065223413827e-06
-3.151488511157834e-06
-3.31443401918454e-06
-2.8101962867274265e-06
-3.233662735697297e-06
-2.847690450671974e-06
-2.9725287824989303e-06
-2.944904492370626e-06
-3.6516413006327825e-06
-3.8758594760460815e-06
-4.103125221286647e-06
-4.094863399400194e-06
-4.281417365676204e-06
-4.745944914201317e-06
-3.7767611187379e-06
-3.2277753537831206e-06
-3.0226881510596004e-06
-2.7552637745359857e-06
-3.0506989542818003e-06
-2.7342530966752046e-06
-3.0040376329382593e-06
-2.665170612276714e-06
-2.098546930285057e-06
-2.1145905509164993e-06
-2.4657671503565583e-06
-2.4929928048760094e-06
-2.5859084055413498e-06
-3.0133146001623034e-06
-3.0361888419951683e-06
-2.8059497381969452e-06
-2.681056991768389e-06
-3.2824177488248844e-06
-3.1509285352699524e-06
-2.9922702301868973e-06
-3.325137735233651e-06
-3.4999165482310135e-06
-3.6137862433604775e-06
-3.2990281234117738e-06
-3.043864892158756e-06
-3.4827001493398806e-06
-3.5140258613608194e-06
-3.125319423046536e-06
-3.3510785809854638e-06
-3.707555269545246e-06
-3.7349179388585095e-06
-3.843310233629055e-06
-3.4878544108953347e-06
-3.7203760339019564e-06
-3.494797155303203e-06
-3.263598990507979e-06
-3.903828104366533e-06
-3.945265979592267e-06
-3.740093036004766e-06
-3.6732465245082634e-06
-3.967676306834059e-06
-4.067707060620216e-06
-3.939198076972016e-06
-3.0278104881850034e-06
-3.0162464869275797e-06
-3.1137448576583457e-06
-2.8718097137943214e-06
-3.728754988211828e-06
-3.7118981592170596e-06
-4.1420778637611645e-06
-4.355424540009176e-06
-4.157386182412619e-06
-3.4800965924939823e-06
-3.446668553153405e-06
-3.4046540909352746e-06
-3.5356207193287377e-06
-2.7588925954310422e-06
-3.0261363859515253e-06
-3.267075949108216e-06
-2.799455548413859e-06
-2.675462528947183e-06
-3.178524657880935e-06
-3.610637600687392e-06
-2.8564360001417717e-06
-3.0067867695694216e-06
-3.137268348114165e-06
-2.784539094882814e-06
-2.5637545499753636e-06
-2.8128984747756755e-06
-2.5871366921283203e-06
-3.860872512189253e-06
-3.2353878442592805e-06
-3.6308381426445126e-06
-3.2834269486323674e-06
-3.1911825620530485e-06
-3.3182847719450736e-06
-3.502424701414734e-06
-4.447263105388489e-06
-4.0527103605060036e-06
-3.867034027466732e-06
-4.567845063810147e-06
-4.181788586393873e-06
-4.95820184788989e-06
-4.444996452198561e-06
-4.682100072200111e-06
-4.612021525528503e-06
-4.1568407829263615e-06
-3.517173318192736e-06
-3.5545659871926405e-06
-3.8943690015003085e-06
-4.306462151595415e-06
-4.277869452497002e-06
-4.269799282132552e-06
-4.137596432393856e-06
-3.946869432743719e-06
-3.6231132094727423e-06
-3.165864930055343e-06
-2.7626126817873834e-06
-2.4073255143519373e-06
-2.898549685899828e-06
-3.41917450733047e-06
-3.3590941956600334e-06
-3.856582974875868e-06
-3.7883828810710187e-06
-3.387415733577188e-06
-3.2679697491962895e-06
-3.250756089283431e-06
-3.6326393747470158e-06
-3.939376160698698e-06
-3.3892253855017956e-06
-3.442042865432226e-06
-3.2269081400908107e-06
-3.713897809248943e-06
-3.8069170934763044e-06
-3.541392439169263e-06
-2.850678455592387e-06
-2.7942553212293813e-06
-2.7523731181971903e-06
-2.5992897940924217e-06
-2.7800846020489607e-06
-3.3044581810734086e-06
-2.867464420957661e-06
-2.847728422075773e-06
-2.551221772451894e-06
-3.0209936481603503e-06
-3.046058561896923e-06
-2.4641210214982635e-06
-1.994075940577507e-06
-2.2277274300181604e-06
-1.9552270428810002e-06
-2.2601415914836346e-06
-1.8626649983698138e-06
-2.531487218267359e-06
-2.852024019189113e-06
-2.7139801169631447e-06
-2.6886947638652204e-06
-2.969212103683579e-06
-3.0997371257585773e-06
-2.9950866087930105e-06
-2.7796750892332805e-06
-2.7632742937081883e-06
-2.565596714003522e-06
-2.489418146722481e-06
-2.5563541758180154e-06
-2.5106922632216875e-06
-2.5397338819087825e-06
-3.1094444705395756e-06
-3.4544701683887232e-06
-3.3017599399989614e-06
-2.9282065194517297e-06
-2.8583051341858945e-06
-3.097811179778103e-06
-3.1279254728407325e-06
-2.872219736160239e-06
-3.1997740093058194e-06
-3.3203193582336938e-06
-3.4114013231327333e-06
-3.587557871352869e-06
-3.174893206447357e-06
-3.3690306328282576e-06
-2.8533522440855635e-06
-2.684848530593743e-06
-2.705543360766919e-06
-2.964771533114776e-06
-3.0656968752177467e-06
-2.643101223116108e-06
-2.3083821850797484e-06
-2.422759731556513e-06
-2.6043092539578373e-06
-3.0278675321591065e-06
-3.2180046510359553e-06
-3.6436763809596856e-06
-3.7186842280043025e-06
-3.655317931798681e-06
-3.801537221265906e-06
-2.959619071892424e-06
-2.7782928525947425e-06
-3.532146709590168e-06
-3.838196863188596e-06
-4.111333004029569e-06
-3.860302121421017e-06
-3.5491643442443234e-06
-3.213345654820352e-06
-3.46967227904735e-06
-3.5985263564679114e-06
-3.8042722000962103e-06
-3.840270848088086e-06
-4.267999667298192e-06
-3.751392951483304e-06
-3.8260268306308155e-06
-3.701845172634841e-06
-3.964501026460382e-06
-3.4727278081192752e-06
-3.7132278964399564e-06
-3.918509465177358e-06
-3.682528783125842e-06
-2.9863944839748095e-06
-3.4073997236797974e-06
-3.673433310233612e-06
-3.529382426374165e-06
-3.413125639967919e-06
-4.0845747953892734e-06
-4.53061742145786e-06
-4.1480911010857646e-06
-4.206012495043792e-06
-4.102708036066943e-06
-4.017455759635479e-06
-4.398859931452301e-06
-5.249770173320893e-06
-4.980616897508018e-06
-5.6221757241030735e-06
-5.212673232353364e-06
-5.220049843046581e-06
-5.375001768324858e-06
-5.430331128035248e-06
-5.307535073557236e-06
-4.793860112747494e-06
-4.862909458890313e-06
-4.869778995970801e-06
-5.175017390567332e-06
-5.4250461849173566e-06
-5.50761277013524e-06
-5.345819781956753e-06
-5.44529959883314e-06
-5.378595459404049e-06
-5.411030719980585e-06
-5.348100855301779e-06
-5.007583518025245e-06
-5.641245647544006e-06
-4.873903300251232e-06
-4.596924291269179e-06
-4.834549590435553e-06
-4.643267682415451e-06
-3.972219252691735e-06
-4.28150506661787e-06
-4.755905236099632e-06
-4.930444221174231e-06
-4.168244064809793e-06
-4.878081003530846e-06
-5.320996499974101e-06
-5.831236677085354e-06
-5.948770169011251e-06
-5.219839560875419e-06
-4.698786930627344e-06
-4.626647482953745e-06
-3.7869553545113796e-06
-3.037554612698538e-06
-4.0105513434331764e-06
-3.774888558930401e-06
-3.939781332426206e-06
-3.0602214990675493e-06
-3.433871658368541e-06
-5.05746365189015e-06
-5.084395989121195e-06
-4.786723053630573e-06
-4.458966757225332e-06
-4.073271686185109e-06
-3.863100308967076e-06
-3.872693926099694e-06
-4.170601478574846e-06
-4.425277227663826e-06
-3.990189235572381e-06
-3.0904945794109387e-06
-3.520572216495146e-06
-3.895647433893875e-06
-4.460860757787416e-06
-4.6996721534807685e-06
-3.449510008160873e-06
-3.4240349321361206e-06
-3.377961145535944e-06
-3.229459085000249e-06
-3.3650772027799694e-06
-3.0780120106590824e-06
-3.2722369724069723e-06
-3.4414506771076377e-06
-3.3688163477143884e-06
-3.1852650362196026e-06
-3.2472873919267353e-06
-2.9730462266832967e-06
-3.440212207678064e-06
-3.3261667783498966e-06
-3.350030967853038e-06
-3.21023422913687e-06
-2.8409583242486965e-06
-3.625047006258123e-06
-3.1886221444064853e-06
-3.323430691801686e-06
-2.974238405164588e-06
-2.6751751659340256e-06
-3.1588679529448154e-06
-3.158609148065294e-06
-2.874747134485052e-06
-2.870734720207297e-06
-3.314593122456408e-06
-3.6363433269005515e-06
-2.895069502091456e-06
-3.0170843379332487e-06
-2.681997511899681e-06
-3.1748594968424487e-06
-3.097405022764668e-06
-3.015958681993279e-06
-2.766299611231751e-06
-2.5856700782848446e-06
-2.4428322347329156e-06
-2.332992908822444e-06
-2.759779034442125e-06
-2.7850802780449157e-06
-3.2156418129512204e-06
-3.1878003751327737e-06
-2.9385473447827958e-06
-2.606498948154741e-06
-3.086994144187207e-06
-2.8374708178419565e-06
-2.7570547433405853e-06
-2.4559785929457764e-06
-2.499703700428094e-06
-3.1747920041734455e-06
-2.8517698795510043e-06
-3.169942834947739e-06
-3.1964179132232975e-06
-2.8564854113564927e-06
-2.7234520845153244e-06
-2.867725520562276e-06
-3.006270050648779e-06
-3.155672305719912e-06
-3.0304013074410018e-06
-3.079660220278012e-06
-3.044641508518581e-06
-3.311777463283924e-06
-3.722274639072473e-06
-3.933703820644624e-06
-3.7407634641940835e-06
-3.5980658151693673e-06
-3.34025428342918e-06
-3.288837245772578e-06
-2.9929553420515733e-06
-3.287518549582157e-06
-3.7270105622155826e-06
-4.009099124092385e-06
-4.434979550401644e-06
-4.527561055184402e-06
-4.650261295561601e-06
-4.9625323136308745e-06
-4.841972727612861e-06
-4.8813700092208676e-06
-4.764784399669271e-06
-4.802091375611968e-06
-4.265206830612628e-06
