1.0785199947846242
1.0196281637900915
0.8966861263299599
0.8497155791673905
0.8213639297546484
0.7238930754172497
0.6772324930398892
0.6322805837178842
0.5770377003229581
0.5262820081833082
0.47383136802758924
0.40455144613217087
0.36816065326715125
0.33808104074918305
0.31402292992824166
0.28940139363209405
0.25313946532133297
0.24630382217657873
0.2349142932356932
0.20092881629482293
0.19784942731643335
0.19209088967778745
0.1639426299967827
0.1575176731086312
0.1452135192325864
0.1257269716812656
0.10772864373956019
0.09189870955664306
0.09080397210786124
0.08174342179438845
0.08726315477188343
0.07555899905333391
0.07723395748986289
0.059499467754861916
0.06092430357582485
0.0623614289612772
0.045989828304468225
0.04699177460249466
0.04924416043676245
0.049423142738688065
0.05431802439397404
0.042697203434848535
0.04738715162130598
0.04807954683320788
0.04708500177157708
0.04915069743635682
0.04338571582383548
0.04696730479188726
0.0483117209878774
0.04212802571411698
0.03897552547397283
0.04522581979388353
0.035841072811625706
0.04546267177658872
0.035995085143412535
0.036063776445501926
0.035719410349011944
0.03478715107387241
0.03445484431248564
0.032943725105948174
0.03445700955941366
0.03674211316333057
0.03282183181943718
0.029650363562559973
0.03813294519413597
0.07819213928201069
0.07364286592227216
0.07796464521222962
0.06861793787773841
0.06914982796849635
0.07064267185856947
0.07342766716088264
0.06661862902199993
0.06628835222449524
0.06219574731300012
0.05374939855820953
0.05256054734957452
0.050415373535958145
0.05400689482653084
0.05114714522810223
0.04815474930308902
0.060082935368551166
0.05694879830138794
0.04868054878420364
0.04526202095432195
0.05174549469867578
0.040050039537107715
0.046745514798945245
0.047426023220983694
0.04807724825028951
0.03922505546152257
0.0402457798520724
0.0380964847523734
0.038323786234160745
0.036561975275608116
0.03742639659515892
0.03533494064269269
0.03793608744103366
0.037736936094454276
0.03803695301720813
0.039488487987994
0.03917489250762185
0.03506121190461831
0.033677845804143146
0.03666701893238589
0.03175927141117147
0.03671580510033378
0.03533895871130367
0.031026176946351115
0.03442900612627944
0.035185072546412885
0.037128405172664386
0.03335080051269287
0.03333132879760785
0.036691366146073844
0.02975291703732159
0.03327525950599244
0.03369153939092007
0.024574052916469576
0.027293838313902925
0.028589463198948534
0.02827879302905132
0.034980809301114045
0.031501736383115014
0.024456346250521257
0.0316478561801024
0.028439305869575878
0.030284119448221576
0.03055468371305137
0.02892758227714624
0.028523118472777498
0.02731294499946018
0.030222909480261687
0.029575609777925702
0.03121480232773301
0.031943104402699436
0.03172990131193402
0.02622017430582603
0.030994568676807176
0.034769885258104365
0.029502925123625363
0.03235147331601743
0.026795242325020716
0.03401466667926751
0.028386182731796557
0.03539680531703664
0.029773721615828645
0.02773011725049657
0.03240537739574136
0.03560206323103884
0.02772480528562879
0.02921674401049341
0.03175406729142429
0.030989202950000523
0.031154256355232345
0.03196608182930877
0.03231365753707882
0.034880808720556204
0.03195069115653706
0.030097857334961495
0.04158125760463568
0.02976609786124661
0.029312288696364236
0.031635456886411145
0.026647884519442392
0.03200578253883391
0.032901878046313636
0.03226262808028155
0.02521652953284315
0.03436910657418104
0.029879459916936378
0.03842079614301045
0.027606461671903396
0.03216800943631918
0.030715562655136752
0.029080854465279023
0.031044215641132047
0.030424804367626516
0.031199962488160683
0.032384830975728945
0.033464654174801975
0.02683882839882221
0.03390692123271621
0.03214847167091182
0.03773309643953465
0.03201058664574073
0.036950464874956734
0.03695562809843045
0.03200147353442541
0.030568540229712827
0.04434158802969017
0.035207965588555316
0.034150088739354545
0.03674310719492123
0.03235101087723309
0.03364069554178665
0.035114198737219576
0.03465273448531755
0.03254000343496535
0.033708602127929525
0.034370233614493206
0.03361901301332415
0.031156470009330244
0.034032738479809505
0.029817987014002238
0.03704992531897442
0.030909068827690463
0.028256089662392743
0.034229689025624586
0.02763390490003169
0.02972057574183847
0.03136012847662175
0.02790819642931381
0.027039602506332673
0.03761278641237042
0.03129679318383121
0.03198635284968007
0.028597451416918863
0.028629515273869633
0.02995728982839351
0.030732643036529995
0.03147339761818353
0.029167129267928735
0.028168774944974873
0.03492916951594779
0.027079564778325266
0.030321881230562352
0.032852681994868016
0.028522113966158568
0.032340533635411145
0.028365493842806573
0.033246898838432314
0.03558985336298624
0.0313987710668395
0.030311736408979273
0.030848828826147395
0.03087145292188208
0.02762600573269316
0.029906812281562733
0.030771976675933753
0.023833620527950235
0.028062602766985013
0.026440024616134067
0.027975113482739872
0.027604417582281316
0.02539528183936058
0.027900747033364055
0.02298803722070984
0.0277856978507211
0.03468060057061032
0.024931036314079297
0.02319429377750613
0.02493106570820181
0.030288786997941013
0.025825577921783312
0.025748729859239972
0.028295865203313626
0.03165637391435806
0.02790385777106843
0.031269154133415446
0.027755315889058132
0.030520697128406774
0.027152925375431108
0.02897247710960726
0.028402346565435905
0.03512202438999875
0.030522276413410928
0.03149890893464311
0.02747961336460251
0.0350710003499467
0.030171740564326636
0.03253302404131645
0.02384438437129108
0.03617804946186833
0.030448267117697887
0.031152837126193426
0.03567012405628935
0.02839242310042326
0.0317867198064983
0.03060504888387349
0.03235432407848585
0.0332576169178654
0.03243759891235804
0.03286082171775305
0.028046404916863256
0.034172587890404824
0.030757418625916425
0.03080356149439467
0.028796551678216275
0.032387168125177807
0.02919483479136267
0.031636890900643685
0.023994615524171446
0.033416438752856964
0.04040495573172871
0.0290498575876252
0.030647543338963235
0.03689468637443124
0.029167364771442057
0.027547203035404286
0.029799389211723627
0.033637439544709664
0.03146328643943446
0.027065905437279398
0.02860001254385003
0.031167972051443008
0.03194618663528206
0.03087644641741346
0.03149818947676044
0.031027051187956182
0.03204510196079261
0.025273437786978693
0.03234220979077061
0.03453714848564675
0.03125147882204216
0.03197161576662881
0.03097745718834444
0.03282720337395007
0.02897692253329576
0.03437464917884567
0.025143038229539227
0.03199861312963409
0.03023754926935698
0.024469494417933627
0.02790678329840422
0.016953414041647474
0.029952459758034167
0.023295253154505282
0.028636156984766084
0.029060518863396
0.0295427819299034
0.026703699707734185
0.02811377359713123
0.029413089731212656
0.026088191576248695
0.028274487871199083
0.03496105004525863
0.025176357628832847
0.03191547573369462
0.029372108250166864
0.024619278722466567
0.033374693530360953
0.029238627647730307
0.029176269159562743
0.03101897542932047
0.032497407044157184
0.032048832246054634
0.02953229629410765
0.02976079971696704
0.028328520882552347
0.03152877444234223
0.02794438481199531
0.030182725398872907
0.028365978796799213
0.0342438967522377
0.027761834139864033
0.03335551957134157
0.02920580839391989
0.02870100116273627
0.02897303170011116
0.028499569999500332
0.02831660489063301
0.027959340137059394
0.028952524953712828
0.028392006266109934
0.03247851079616409
0.031217035697325347
0.03370281125356157
0.03469773917339551
0.030394068410663375
0.02877978696487844
0.03264598666021648
0.030243446839113647
0.027470200038992632
0.029094574316956986
0.028600231898450054
0.02863643306773156
0.027101386534885908
0.027413991739889846
0.030040944177800646
0.03180009036038357
0.025786018072334955
0.02938623534163269
0.02605525759848742
0.030077932280852482
0.031741891564049114
0.02990945887614567
0.025818392489618886
0.023348665095340365
0.029722468710791032
0.028450475855005118
0.02946490458606814
0.023189767513376397
0.030082389982775428
0.024259816009987098
0.031091452022202502
0.02706905774673662
0.02734294233892937
0.02837173209319679
0.028136795692784617
0.031563439544809696
0.029708317366431657
0.02466752419146733
0.03133868822389139
0.026998513194624908
0.02779794951291898
0.03200421329577997
0.02881117613407043
0.03245580938737243
0.029374726225162306
0.035886719606918256
0.02782823400891338
0.029436149849341467
0.034732757359308426
0.030360987175364968
0.03327778317377521
0.030686568796563035
0.030325127612405384
0.027723627167646415
0.03211698819859288
0.034124928911049394
0.0339856690643594
0.03155490842118758
0.03517905989555845
0.03105965338420505
0.02928024448800641
0.028222408461479994
0.026708057213340325
0.02606064120788151
0.03390576798343458
0.029372839711140842
0.032003645182629
0.034353037872829305
0.03188826773608199
0.03481125711188771
0.029605767154731812
0.029066551505970078
0.03099421134803635
0.028657704219819072
0.029059356524017997
0.030916056337464862
0.02901616655752803
0.02838524466840168
0.02967014568426888
0.03489832093577999
0.03134953789951093
0.03153622372028155
0.028707904856986342
0.030715127157954835
0.030539872900221664
0.03446539055424719
0.025336446043533776
0.03012285721906198
0.030315204801930427
0.030584420142575907
0.03244434502766802
0.0310000192732192
0.03315963538965055
0.033202642823259035
0.029093577274873567
0.02958369223603931
0.032591919861890625
0.029804179439312205
0.03156251854157651
0.02888219306090226
0.034117345879367815
0.03225248430748112
0.031172977843193506
0.02930378113195706
0.027595685864201722
0.028021463361055328
0.03164600571975685
0.03444550343526479
0.025332430948336156
0.03883272656747021
0.03154104575962545
0.03152642526831
0.030504098207725643
0.03226081286019717
0.03406727450484864
0.03258927250204485
0.03188728922381042
0.028062605561885553
0.03255356246462235
0.02968992886539453
0.028061312860219727
0.02819324728841774
0.02918309124562746
0.03500777028399543
0.0288885846393756
0.03198189295974608
0.02806075267905656
0.03196326380667205
0.04032461950256943
0.02412371438068266
0.033325530929514804
0.03062466129553146
0.0369063335863757
0.03671007479648464
0.029774033673441946
0.03802606373882064
0.03432499113145101
0.032627464885202545
0.03391099573375705
0.03207258391529859
0.03317262496058949
0.03204861621026141
0.03237170666032351
0.029242105812180598
0.03479387244173827
0.03207726476614017
0.03251403024903714
0.032337237676032464
0.030567327784434058
0.03149057782234778
0.03201668165409221
0.033104346605996864
0.028237069425029824
0.03277968899598748
0.031163594951608385
0.020903313017557733
0.03468195221132005
0.025457322027964087
0.028442370272181834
0.024180094454174815
0.02593690625523241
0.03089905580183348
0.02707118132100918
0.028707756358198822
0.028574438864747302
0.030066582328902604
0.029510571718072663
0.027333006792767452
0.026532783744541797
0.023587792406145197
0.03450477376881724
0.02922211781514283
0.028148846976602308
0.025702472288424198
0.0340400212527199
0.020790411015220275
0.025599007442808495
0.025296634982208698
0.02666241657944062
0.02922212036650401
0.025721806719397697
0.029418306222531755
0.030370694362462904
0.03156503209469613
0.030086359484042847
0.028384230301181118
0.03146623187185003
0.029261116723780733
0.029179554440466184
0.031193766257283876
0.027811331313419847
0.03247259682035432
0.028280954925606075
0.03410357497513103
0.03578460632039097
0.03065299260331533
0.03175821902076654
0.031930096669048696
0.03173014152472695
0.029404310130914196
0.03461685661093678
0.03251674616685472
0.026191324891092684
0.03111202546861023
0.028422986509767958
0.03476563075718542
0.03404103383080114
0.02872644392713809
0.029618776824850684
0.03249758524560513
0.02529189406419531
0.03294218892824108
0.028152106432482983
0.030658911042775846
0.03175674865010362
0.02814450789278803
0.030474919395652625
0.028229298155742863
0.032048853170962475
0.03694143930849513
0.0299764837038357
0.031489509121046214
0.031000961632563325
0.03031029673979785
0.023973475634090555
0.02900774932693308
0.026837587454475655
0.02940664668686879
0.02754656168488929
0.029029776468031253
0.029704678015938648
0.03096683570892753
0.02795143195380194
0.030181999746389174
0.026245130128592836
0.03250766531288182
0.03080112473033249
0.03168496880337047
0.02747265791182051
0.027296809598099058
0.03020633855362226
0.029799759612666468
0.02868344596369216
0.02679566645247411
0.02854988802733155
0.03367714756097531
0.031962832251342777
0.035935632899725956
0.030765080235850735
0.033020517961957895
0.032230237188737076
0.032368480033470315
0.03142400983309087
0.03360596786940452
0.031147178170533897
0.03415358108423579
0.030496660648033212
0.03301284770355918
0.02907451907925021
0.03755894685925271
0.021792589663229407
0.030401934082739245
0.028655030922546315
0.026461867410435866
0.027635136376771605
0.027169844259519894
0.02883433317870069
0.032535165361463066
0.030470722865384933
0.028140824650509808
0.035760734331023954
0.02710386821454449
0.029081497040505593
0.0276839766026779
0.030058575556643354
0.02907987111404789
0.0269747411324762
0.02909136209845877
0.02806889216343944
0.032464214537340476
0.033591913119651
0.025078227375454915
0.029013712717315707
0.03534553658667928
0.03000907501584898
0.03502590527313236
0.031182065609699258
0.03749667395515224
0.034075030165676694
0.03172320794614139
0.03725192528382206
0.03085310113771508
0.03211947550571028
0.025737332485508746
0.028872757316686405
0.03100160768789908
0.02938901241689634
0.03242641228149669
0.025675881849523508
0.028745587207287406
0.03264541458980276
0.02925531731437868
0.037611530092171726
0.029851529233826276
0.029069000612407064
0.037154088674026586
0.029104036416333072
0.026196549435217792
0.03741022438446705
0.02905700524122669
0.02804041850337317
0.02615625823162144
0.0309174391008221
0.02960276038875469
0.030746221418629805
0.03072249765197436
0.030111455496770734
0.028406367944710208
0.03130125687457621
0.02921008109831466
0.03266944322042549
0.026785805072778692
0.027651690423655777
0.030576752978735244
0.036248712806786314
0.024853126819839533
0.02614551954537045
0.027993072288182493
0.0280894250734351
0.023707110908789894
0.031834847233273116
0.026677981155565553
0.030278951745145978
0.030765546953233962
0.02622048911028124
0.026328717284680656
0.031366572586091185
0.03059330238939788
0.02831442995886438
0.027879686369105445
0.02750527722565517
0.028940193088895356
0.024463969166390598
0.02962009769339019
0.029396951684089474
0.028314233999938154
0.0286842038989282
0.03162685219393983
0.01951195605812618
0.030678497886476225
0.030062177749231266
0.03552819613235979
0.03252570197219029
0.03972964088942927
0.02875413078910265
0.03166806295317096
0.03392731279749662
0.026398831321962343
0.029437116657918056
0.028267750337284105
0.03137750173665177
0.031418001110059546
0.03245950545876836
0.027441413802667878
0.032280991471802384
0.027717254250922287
0.03315480498429865
0.030703031216622687
0.029527784052949684
0.03265950002600081
0.030878448219766888
0.03139707114762412
0.02571896300233232
0.03380732290988351
0.029705793131945074
0.035727967881263256
0.030863861347666572
0.03347828706744342
0.029227557511498723
0.02583143234085769
0.031632069842472
0.029556429932320803
0.029476071344927336
0.028652770774295698
0.030861742582130366
0.02723278142720795
0.027005725289927795
0.024424621055666836
0.031055532312557962
0.02627337930916371
0.030699159608980738
0.028229261014777688
0.02977465033137168
0.03214081379664071
0.03414247040983845
0.02677029905294498
0.026939580432372167
0.030409916411810674
0.024000269152188242
0.028560928527253848
0.033317451721105056
0.02642005170297731
0.03094344544582642
0.028767511752159455
0.03225755847703952
0.03165385078889533
0.030819720989212585
0.032058941903345003
0.03196099208604816
0.030432361380483667
0.027935115154981854
0.03230663641081311
0.025072065754853285
0.030999478554720274
0.028329739947683917
0.029258800165441173
0.03095535542218922
0.028728342015678303
0.03364973522779436
0.028512966266284006
0.027372646468649738
0.030027348785295498
0.034720457202937004
0.03363903510229041
0.035840105009106664
0.029517872190216364
0.031213978248855804
0.029666492384739028
0.032473381421769795
0.03420025988161797
0.03158472689191023
0.03121445320863038
0.028952960632495188
0.030671001519583976
0.03134365517061013
0.03453463114296588
0.01843719601434154
0.031745281986905655
0.031883214751724155
0.0282327577518747
0.026829239407267707
0.02439125600712708
0.031862470672692725
0.031538566168791686
0.030556077596683724
0.030760865794638027
0.030267128370738087
0.027948331142453334
0.03209174079939914
0.029757947815606037
0.029767815812598342
0.02862561970937233
0.0312156012834002
0.0281868230645509
0.0325943492538033
0.0259384136282815
0.03155308688687793
0.028451940416282295
0.025518045116824886
0.03212822358969462
0.02852767717603666
0.02807199857675303
0.028953641425304783
0.030712887493726342
0.02602471501405279
0.031490467389961946
0.026693134341323272
0.029194020155148628
0.029844487924464584
0.030655000178973213
0.0276402147675048
0.029157042634249546
0.02996604804857037
0.03023976339892938
0.02889856043785142
0.0290462072252875
0.033276995586661196
0.02249068181352833
0.03546861828363035
0.032397240348076686
0.02813920198360649
0.03421705675920328
0.028833231386073375
0.02733981349656227
0.024444330180995167
0.030929204662224482
0.02382500946580713
0.03359751966483413
0.026274378122709607
0.026082912416164523
0.028827030460636775
0.024297641929931557
0.0284132584842901
0.026813144782761065
0.02278224493842199
0.02642078737557406
0.028274875866452186
0.025876915835154553
0.02509626105415802
0.029761327839253518
0.028106557002338845
0.0234728027329066
0.03240370010384
0.02424345196408327
0.02840717033906959
0.02648425187724523
0.02880757445236668
0.029577042105404707
0.024354914056722264
0.020695240473529945
0.022498733577772212
0.0293938592406145
0.02284469415511315
0.026230760704940903
0.024889000466254613
0.026286269064421035
0.02573808663008281
0.02567078677403072
0.0270567880388206
0.0239149840177001
0.02238670264143879
0.025109736875254803
0.02704459159061886
0.02570031598995392
0.02511485126406814
0.03129048821776031
0.019817532955344993
0.03204055534696612
0.02536481411841053
0.026576704098484838
0.022623595448198894
0.032802181755108996
0.03238071024011916
0.03259168983890842
0.03206265711177809
0.02694840537628923
0.03140799114626134
0.03264527781985891
0.03045414083559687
0.029106129122635303
0.027868893901960783
0.03142761797674048
0.02828478563034225
0.030326066550333052
0.02780620663602932
0.025732424678295875
0.03076464589722514
0.03185219658204378
0.026852869879728996
0.02348049463919149
0.03174810606377343
0.030927547596795005
0.02871295438623444
0.03167630340754747
0.03271734932087174
0.028649126048175953
0.028033250115531233
0.032361381897368494
0.03190021546570978
0.030321928352201117
0.03183126494867536
0.029540181265343936
0.026934312855920347
0.027547928856876798
0.031396372785391764
0.028389819181309298
0.032375121642596635
0.031108743215848406
0.030311025034834762
0.03267315755753467
0.030657911808558334
0.03146020648642801
0.03732706132667282
0.028762704547709572
0.03081272423014758
0.03420467582797685
0.034628013704441865
0.03261343175105046
0.028393724135523185
0.029305530627831245
0.03410000220828806
0.030214225970065366
0.03350117040741353
0.035220870905546826
0.03340315398019858
0.03012710621353621
0.03205044922532323
0.03373288058960148
0.034095685256537625
0.024790999984058242
0.028441147814774945
0.02614308379438276
0.02908769859484612
0.02396877263974882
0.028714884703125183
0.035979886082275654
0.028894387876005987
0.023792665173608934
0.027415321164433126
0.031394034363023446
0.02718196174873111
0.02832156140715457
0.027485029812818633
0.028835794480087665
0.030351135136487965
0.026421362131189268
0.03039465825706243
0.029790987788986128
0.024274833382178958
0.02542723707589082
0.03666563705266573
0.02817608615807377
0.030576887394850833
0.03226623879506802
0.025080596531132378
0.031288641115250544
0.03174055098046292
0.02767342493297735
0.02375027228867671
0.019200384998037362
0.023580817920036422
0.026605442337369403
0.024980072462214873
0.028730902494862674
0.023237417116746283
0.02776813904623477
0.02532708108610211
0.026027441454397587
0.028131282513585085
0.027638348250034958
0.031101982579088937
0.02771525352847022
0.03097644806914151
0.02973247883387674
0.030374409788204597
0.02980159775634559
0.030495550825472516
0.029120298986657498
0.03185594681745921
0.032885549492232546
0.03228314287068012
0.02995626280705134
0.0296305265226879
0.02970012542179738
0.028244738780936366
0.03215845452609639
0.028672673965159517
0.030103056555032173
0.02889914232207677
0.03321699690818488
0.030345243658246965
0.03259675338064344
0.028031388129919576
0.030898021430505487
0.025996067887172104
0.03208801833515724
0.033354831734075746
0.032934757967133264
0.0305967450870995
0.037035273188331094
0.031823436470362
0.043380458438649586
0.03319982648730123
0.037148291055256355
0.03275948925397526
0.034912113872213435
0.03306772110100167
0.03395654102951551
0.034671638855107656
0.034666868757444604
0.03317240163883887
0.03503626930551269
0.029719404868172625
0.034625751996197954
0.02975857017475228
0.034688602296284024
0.02727954249846964
0.026987032734532245
0.037267696579995874
0.02568633263820233
0.033186143179922606
0.02495222932784833
0.03248373309018998
0.031259640430410705
0.03373484195759281
0.027277669964062695
0.029979442029472034
0.03132878583079825
0.029999394033951923
0.028501097592435635
0.028561089895755197
0.030126628957581347
0.026978523215541665
0.03409346402085458
0.029369571185909594
0.028054273506113066
0.03318249522857607
0.031693049436673906
0.02920932188482346
0.030893176276750194
0.03177222082330189
0.028963048961341907
0.026436374535021456
0.030209728509026507
0.03255523596241031
0.028657590431453755
0.030800595071345107
0.029322847623067597
0.02575956709527721
0.03371376903035129
0.033740214788271355
0.02816588807707796
0.029627944281897866
0.029869437016522848
0.030192606790791242
0.029611749856028324
0.03133797316106025
0.03292589688237804
0.03160918332884112
0.033593859191751105
0.028659489878732413
0.026819355704057486
0.025920495151121242
0.029638561112565534
0.027099082123440428
0.02963292122675249
0.02815027394755863
0.034282230942820506
0.025971748212125535
0.02863157323191468
0.02954632397923911
0.02584240539096451
0.03161108923287919
0.02836371692172132
0.028892240093615
0.0277471812418065
0.025318220121008404
0.029703102895739273
0.025705029853942015
0.028695103157466897
0.025916063993309552
0.03136392063927652
0.023881135640355447
0.0262204773673334
0.029985473905570614
0.02400460638081989
0.03372662803755166
0.021621722455184237
0.03264958336526783
0.031686888647695574
0.026103938371763946
0.032781031760625925
0.02991211316234862
0.030795752235765878
0.032922852371120824
0.03174685903836806
0.030652096478222982
0.02934079183987939
0.03165655763318332
0.03120234121959537
0.027269979500068493
0.034042110866926704
0.030709125491333766
0.035888405583309343
0.029722764153773777
0.031355226346222946
0.030328285021002953
0.03831900909053496
0.027393188403892474
0.029272589440612742
0.029672285662337136
0.03335301057757953
0.03401145159090774
0.028789502237804042
0.02915256985534842
0.031818825107079764
0.02559838100375297
0.027938382907543715
0.02932229620861248
0.027825486226281962
0.028576709123220866
0.027901557497889137
0.0297587781334863
0.031489687368202096
0.02992448990460103
0.0249108914753052
0.02774968570895278
0.024728411716429175
0.03152953449469537
0.031645759696869225
0.02453630809322931
0.03262775891060487
0.029716916006500237
0.030540671792382804
0.02928916494203851
0.0299485764240858
0.03197370062086683
0.03003238481838847
0.031845454572556685
0.03315540330714169
0.029357903177300707
0.030986663306323
0.02836381752217093
0.02893929712784787
0.02738613557900326
0.03147990009150444
0.026234399696859794
0.028961921651035737
0.022624198507625037
0.03143856711506557
0.030533193433299088
0.03049240785632999
0.03012475903229549
0.032933588577986644
0.03076632987657108
0.028149544201845015
0.030232184088359086
0.03315547909027933
0.03062199673955687
0.03530107824734818
0.03018137200210148
0.029511028149602516
0.0342764444485044
0.031170519152417395
0.032799906388763934
0.030036228510084
0.031112434348249687
0.027870422129173022
0.031842319100150444
0.02964957551851582
0.03110509780041563
0.030289611830010426
0.02904721284087431
0.0319041250518356
0.03455117113143131
