1.1348218785718274
0.37110717852110375
0.35626770968680294
0.3365634683662882
0.28644952656080325
0.25188028643755483
0.2578530415922451
0.22149433948619004
0.2185084579960228
0.1977569105903594
0.18026798275741152
0.1542766068268042
0.1461030855571899
0.13289765513902052
0.1302181675713748
0.12619756090257747
0.10651147329332068
0.10801253215087435
0.10496459745455725
0.09496978835668415
0.09518289977404026
0.09318052453215783
0.08702900031557641
0.08631202205717085
0.08128602561803583
0.07879035640328835
0.0728259871648147
0.06705965541171817
0.07015867150412539
0.06615466580499346
0.06760524885179714
0.06453969199150705
0.06878055377851408
0.05716656487769423
0.06261988671001
0.06388268309991615
0.05706411924284811
0.05851033622733293
0.059230084645633514
0.0596647284936924
0.06181632557477897
0.05492518635956236
0.06050809803359115
0.059088988889319204
0.05805975369906101
0.059024923809995064
0.057651495116834456
0.05858725401549003
0.06130922997059921
0.05763633457006505
0.056427744638700136
0.06047432911821092
0.05459501071033092
0.06006822556567689
0.055946538128102054
0.05646093494605082
0.058293103755642776
0.05669593928584781
0.056671288481746344
0.05675740841095551
0.058453565182235954
0.05927858131292921
0.0577642624403756
0.05698155763750084
0.0608928341872226
0.07543605468250834
0.06382008838640431
0.0662188862844442
0.06394988215791109
0.06353122422662683
0.06297113116120155
0.06535621631400994
0.062489280425227035
0.0627244573023815
0.06314680779842326
0.05956092742092621
0.06058504581809617
0.058840285006982206
0.059194528992669894
0.05901096269058494
0.05758307790622497
0.06375377118074073
0.061962841420123975
0.057840123623370744
0.05794769692270515
0.06034601802358595
0.05506570361888943
0.05867613419138182
0.058690722453861664
0.058323182286814046
0.055393918049044144
0.057485435316816734
0.05534123596556198
0.057100443238129794
0.0560850208469977
0.05556123482588774
0.054727888454754764
0.05645909229150185
0.056113635640567504
0.0569097663801259
0.057825504694110116
0.055372585454740775
0.055870783160655545
0.0534509176066002
0.056573811731038565
0.053440600820482735
0.05681487748948618
0.05510018901923337
0.05397802835318427
0.0552134769085126
0.05518909468649863
0.056351522140754146
0.05427718719658561
0.055032228310711875
0.05676562078476239
0.05429501643058104
0.055530427431520556
0.056568522725063256
0.05121094467393003
0.052511470020414355
0.0543788655117775
0.05325170120534797
0.05759487176636377
0.05523097076727889
0.05220097251152859
0.055813412668589406
0.05405284915573131
0.05542979352594091
0.05534587998229724
0.05464162981758515
0.054436787460238126
0.053489861358554124
0.05468177074053062
0.05394552708722842
0.05519845029458595
0.055605764725269416
0.055251025585815884
0.05184564331952387
0.054494738607452464
0.05643323305456971
0.053483649958760884
0.05516888388993744
0.05157331821795266
0.05594573393046187
0.05258111543774318
0.0569940066185947
0.05392434989723067
0.05248577181512538
0.0554425380903129
0.056285796319253935
0.05251184849319263
0.05349061066368356
0.05449567818894791
0.054283490429560724
0.054765185868391436
0.054744173489654296
0.05492660186241548
0.055964694034833555
0.054892464363589306
0.05332501861266792
0.05941953272439349
0.054379265864069264
0.05337978091556579
0.05549496674957948
0.05184465434808189
0.05517225995038946
0.05562525306267138
0.05605542234694346
0.051424481572272876
0.056445236656910334
0.053692736172785936
0.058801376482901666
0.052732130220661366
0.05574404074189564
0.05533477017560448
0.05427383724779177
0.05570392365543506
0.054859553705542706
0.054942540396363114
0.05508040423051287
0.05641476765143661
0.052032787477573714
0.0556644685811196
0.05457238474478706
0.057852111923962064
0.05372544774152816
0.05709837826494223
0.05647561828104349
0.053412715550392675
0.052339140001015784
0.060510349829490176
0.05501600360939614
0.05522614613545533
0.05593619867323492
0.05478987597788756
0.05442003921414606
0.055372121032231894
0.055534673714413285
0.054487020595190234
0.05523357615889742
0.055924963312916076
0.05553071317680849
0.0541617286636327
0.0565162403938862
0.052052195551088795
0.05711935594057043
0.05467438401403622
0.05264340271003162
0.05705684255390691
0.052981895620886905
0.05245091256995996
0.05542036657735037
0.05274891826706246
0.052415834940396824
0.05738997637676314
0.054637555468182726
0.05578215554571496
0.05365019648825416
0.053456062126833084
0.05380131853505587
0.054244003187602335
0.05397454135788557
0.053388041647700356
0.05258286311171758
0.05589248445959619
0.051471096707078126
0.053781193643450166
0.05565465154150166
0.05241017177856217
0.05505236463549618
0.05214977985701691
0.05401514988237371
0.05681585740620414
0.052917925263635625
0.053470467039957066
0.05387695825849779
0.05379950383391518
0.052304100817761934
0.05380620565325117
0.05366673970905443
0.05120977647005556
0.053008814652760826
0.05276906293554184
0.053050524645293945
0.05272704426330538
0.052035370510286436
0.05401891205603113
0.050552968682649614
0.05298173440656123
0.05684843802084334
0.051569802425682355
0.05082584120070514
0.052327566966414454
0.05397777525075258
0.05230927722624097
0.051542027082700184
0.05293127868312578
0.05456234177825256
0.052144179174986975
0.054684651025141084
0.05262097569289975
0.053336729489577316
0.0521660637922394
0.052706361667682916
0.052324473277594034
0.056656193098005576
0.05327405000809962
0.05404398370331201
0.05135147319808125
0.055659076089087205
0.05357500323428749
0.05477915895708765
0.04936630513745909
0.055972104511247615
0.05238237479665818
0.0540988593780173
0.05573097253218293
0.05185165894217789
0.054273603811191444
0.05305949800635855
0.054495592824278925
0.0539550475226954
0.054322360986127305
0.05401033301395961
0.052418856008742486
0.05610777318883592
0.05349641416747219
0.05399463512779524
0.052723662559396756
0.05481831183991371
0.05360888101650067
0.0547723145576385
0.049837166594508556
0.05579965670760243
0.05457647531830634
0.05295169859085805
0.05338287043552368
0.057185430640880115
0.053786537412983865
0.05197677079062813
0.05350550639335639
0.0562018099348419
0.05412417112443692
0.05272639439954685
0.05246392952827498
0.05433799759066926
0.05486618681118274
0.05270517312694723
0.0538739311377494
0.053871453961787316
0.05512193888007926
0.05061963631484944
0.055336666515526864
0.05583976958221636
0.05359615755852503
0.05466440117929895
0.053458638686256915
0.0541696539023318
0.053748571780175926
0.055953680260632285
0.050837308418554945
0.05498285160567134
0.05453220089801993
0.05216187728771892
0.05324888266145419
0.04863003290210588
0.05535350006300574
0.05098289889581979
0.053831956978552996
0.05403457515550634
0.0533543554886889
0.05176212408353025
0.05290792156488468
0.05431714479345828
0.05209369722168702
0.052822584829603635
0.0564093934192967
0.05124907225119667
0.05577699215724491
0.05432364288896609
0.050246650588292724
0.056646321625568166
0.05258438693813215
0.05294345384821869
0.0542896770633375
0.055025687207802175
0.054610824857790695
0.05205106420132021
0.05427488767876266
0.05272202589728225
0.05378731206441537
0.05257757057029849
0.053851194337655145
0.05301507592428094
0.05625835715028911
0.05239196377209364
0.05591124482273769
0.053315524593329965
0.05444385232284474
0.05341631216832843
0.05404588300137757
0.05275189846049612
0.053813255766932015
0.05273684599042799
0.052382555248765034
0.05593099666472811
0.05332846068180142
0.054620201939430374
0.05549060874976791
0.05312919714129888
0.052798923711555125
0.05496730318961617
0.05300791422263361
0.052466996107847455
0.05329351738954966
0.053435433072109635
0.0530787166285639
0.052480267151258884
0.05227385099666814
0.054286496894052017
0.05488242186868611
0.05194620477656523
0.05316268506292731
0.05189043208598518
0.053493941427829365
0.056187367079875025
0.05435780624572474
0.052154961424187206
0.05065008633208867
0.05341739408516635
0.053600657377272654
0.053719142419047274
0.0506124277993177
0.054859574616122515
0.050816342911611384
0.05501594167823593
0.052751125365447925
0.052367067905978705
0.0530629738401144
0.05283002528266456
0.054487769766591296
0.05351922256895938
0.050425250382305914
0.054810983354512316
0.05188943963939659
0.05321091067416068
0.05432290881454276
0.05312338314699726
0.05319919684507812
0.05244089532762957
0.05735797200483294
0.05078085091514274
0.05253918590262914
0.05623582128304033
0.05239960698542209
0.054484946838317394
0.05362030267357253
0.053453384828156765
0.05207447684369981
0.05412525487287591
0.05502072415338495
0.05499661524111453
0.052669260165510844
0.05572522761634527
0.05293622137739872
0.05233358775611776
0.05264451780046026
0.05209547965727651
0.051026609593715806
0.05592071544498396
0.05219070124081694
0.05387357665369144
0.05476492382705403
0.05472706390891033
0.05679507423311663
0.05222560290354662
0.054138278410746116
0.05434307339840019
0.05280820285985007
0.05311869886250068
0.053806375998717085
0.05342849192018501
0.05272009375337989
0.05265402227389411
0.05623618024401367
0.05295287194685676
0.05440175827616491
0.05263734869479846
0.05332870490025156
0.05305888282899291
0.055723120981994535
0.050583364266472364
0.05306901897912702
0.05356688846905644
0.0541257107630372
0.05408086089345698
0.054294249894192965
0.05462993721429927
0.05512972401741605
0.05232982713824663
0.052376623020077555
0.05410150296520442
0.05335664089518384
0.05404756339207196
0.052498189059611504
0.05499772096816928
0.05507115645883366
0.05430059763005911
0.05316824988485911
0.05240614000731745
0.05197391183449863
0.053542081882150316
0.055969825428791156
0.04990898394921365
0.057693572731043856
0.05343496442462007
0.05361238485202193
0.05383249484241391
0.05437553673564719
0.05540809602990078
0.054555449162562115
0.05413005409213022
0.05247544615099636
0.0550911125428497
0.05353455383879825
0.052503781945396885
0.05247033319125573
0.05314040911706308
0.05644588318641465
0.05201289175281253
0.05424548436302501
0.05172787916560013
0.054716952766578356
0.05901821310727451
0.049617059282265986
0.05483187605949262
0.05277309656943171
0.05613593636020923
0.05551603580347429
0.0519859127407798
0.056020704127298905
0.05473459187107017
0.053277872425193586
0.054273941098616864
0.0538740401651758
0.054057250022649384
0.0536842589559129
0.05354140776878175
0.05194081398539054
0.05533357198851613
0.0539706319785462
0.054354147168879326
0.05358086346994895
0.052870564448097956
0.054084226749359796
0.05476817026352271
0.05545619051091564
0.05207976458403162
0.054252140258606044
0.054751810111487526
0.049577123355956224
0.05637895076487882
0.05135025681318858
0.05355564038066241
0.05141109733734853
0.05165757193850974
0.05495468619733285
0.05266281233455699
0.053110915270801154
0.05247151151729318
0.0534451080683189
0.05367493778347778
0.052757547792787546
0.05159288949977893
0.05042853495762803
0.056570642883292374
0.05285449648658053
0.05227429134627948
0.05108276712827575
0.056988780934196445
0.0497916634946775
0.05221511743580683
0.05267998928335519
0.05262674527505461
0.0541797097103718
0.05162623947760902
0.05362614931490941
0.05409207577900722
0.05408074368292896
0.05300775776163508
0.0524801221031409
0.05399160508591777
0.053420691666169424
0.052219992394869526
0.054412877160864764
0.05129455053486312
0.05463230340825155
0.051891159979053414
0.05512809061433356
0.055804504951438266
0.05289339054471407
0.052899364073378724
0.05384209371076371
0.05281286021778121
0.05354559956034884
0.05516111522029417
0.05376792598623209
0.05093008131982806
0.0543485317283716
0.0521682889564918
0.05628951521566472
0.0558552148919075
0.05239482707439516
0.053104638149484226
0.05390885777425212
0.05112729390892081
0.055398611798404884
0.0515293673116666
0.05407425078611152
0.05433418522409808
0.05262552153868362
0.053545456249505664
0.052031774430846174
0.05381721924059093
0.05672855143292019
0.052394825525772876
0.054539631858754614
0.05330648696264968
0.05483377368475955
0.051263210967851754
0.054460971508151254
0.052268459933260694
0.05385264193113798
0.05272781165400281
0.05334244252851185
0.05397739906090861
0.055101357829064515
0.052423718947773944
0.05434104305966638
0.050779384788937676
0.05575785134942868
0.05403629693751916
0.05459441935452513
0.0521833547229807
0.05266516248110491
0.05432002977945675
0.053810211325971746
0.05359602473819485
0.05212924346291962
0.05220769758169085
0.05567011823579191
0.053715008590370414
0.05588267061393708
0.05319220940104853
0.05464761837099034
0.05379377248314902
0.05419082059942854
0.053355172585743744
0.05438095844255235
0.05368703885350185
0.055506018680544236
0.05342815724762682
0.0549137790621712
0.05345530193239355
0.058682349413179624
0.04921323559426058
0.055629019760407315
0.05315516299317376
0.05396661523920603
0.05270654336692622
0.05226282572063307
0.05374508761585905
0.055083248738605435
0.05359287428765152
0.05245886102127723
0.05647058622816052
0.05278129859003597
0.05385534348300634
0.0529415069709126
0.05445141912891697
0.05317730876820114
0.05264592204386225
0.053820285726434144
0.05314447661825957
0.05516365298655075
0.056536595858275314
0.05056148060561659
0.05270746496732896
0.05640487974414077
0.05265285491358298
0.05539894868285419
0.05266864314579811
0.05691061603466574
0.054297403136316015
0.052832915344968055
0.057315259225642644
0.052733944739119555
0.0551095580144857
0.05123027405247856
0.053373132006695065
0.054637924735195555
0.05324447466842591
0.055637546404240984
0.051336596540223135
0.05365600861752262
0.05513531004007046
0.05208998845639424
0.057642587022378275
0.05314196531887715
0.052111320783240864
0.057642005522472735
0.0533521805340663
0.050817778329245555
0.057141020888677584
0.05339362219764063
0.05265027150834123
0.051923132492587544
0.05437680442865269
0.05295978789993872
0.05372602528808877
0.05332766210552878
0.053406383353882494
0.0529047060232514
0.0542781682111896
0.05227788070825717
0.05596312106981014
0.051223172673072
0.052169364316460604
0.05428897708188742
0.057603856231659076
0.051229501276826246
0.051807474261985564
0.053358887470303436
0.052784170005589916
0.050756967900535806
0.05480288523368729
0.05277009636868173
0.05313026809718651
0.05414601019464242
0.05160763463100944
0.0525712371403829
0.054099291398261605
0.05505610574335337
0.053695878184113935
0.053293924487960075
0.05245170401146588
0.0541188356335251
0.05091270868941091
0.053721544029525455
0.0538426063536929
0.05230461959309207
0.05352626623920141
0.05456519009402165
0.04710249887206233
0.05364213679821636
0.05304794586621798
0.05574603961028445
0.05422653435454823
0.05862971371374069
0.05154164993287757
0.05344938677675926
0.05515633541851854
0.051141867719184705
0.05311906335767932
0.05283934001345188
0.05480643031187356
0.05427716144312842
0.05442134246576386
0.051523682423747885
0.05456439154819609
0.051387401832601966
0.0546346112070844
0.05342824090069208
0.05252611086918758
0.054430936825557205
0.05369806818317813
0.05414851217124707
0.050372556331328665
0.05634426908710828
0.05174707925448624
0.05638379907856385
0.0526897333162383
0.055123619026002976
0.053342686094439186
0.052402578213681966
0.054486286924937025
0.053230618173853515
0.05326747541817335
0.05341201685966016
0.05484855216569626
0.052520054661764355
0.05253755195209613
0.051071338156142676
0.05493324542692743
0.05191727172738562
0.054117710137357694
0.05219576056175029
0.052923798259013353
0.05509409817019239
0.056470435639270226
0.05111465228494639
0.05166724753769067
0.05491045457072174
0.05064283842997005
0.053241633946816316
0.055208455433304875
0.05164664534625048
0.05397249606784242
0.05334568928019741
0.054112478642939374
0.05377657912337245
0.05345560211974841
0.05388391491933129
0.05458174241014207
0.05345171583302988
0.05231661059033985
0.05483612258058901
0.05080029777346704
0.054603033466264606
0.052222100135464314
0.0532445003815855
0.05364435447069506
0.05285142872613879
0.055573240376244754
0.05299736531988646
0.05149011654146493
0.05292857370804995
0.055752065293610285
0.05408458882369674
0.05487764170751549
0.05249837361729871
0.053486590893366014
0.05322428157147115
0.05355784995182871
0.05525955257650751
0.05385376383514645
0.053741778104375
0.05212591070180329
0.053476102160624206
0.054293175759868556
0.05527168203813907
0.047070955362123176
0.05514357046773418
0.05468069759842295
0.052486275574073
0.05307533072116665
0.04999015924031249
0.0548251443882831
0.0547664747836116
0.053491489805925926
0.054415067919912054
0.053791305096819994
0.052023933931755334
0.05414216197394312
0.05297472686865009
0.053247920864930326
0.053031828238342245
0.054443999919562766
0.05175738668797585
0.055248531377396715
0.051519075071271986
0.05453025299506501
0.05258882048074156
0.05141485213385656
0.05448885492455119
0.053657384098579106
0.051704494159620924
0.053080396480165805
0.05458464761419843
0.05091400587131293
0.05441843864794534
0.051768808759366854
0.053829017114371824
0.05331296460846296
0.05355618181101118
0.05241732390310902
0.05316930050687053
0.05321387715625744
0.05346245468498614
0.05279055948858746
0.05224819830081497
0.05534389419122957
0.04853110041720076
0.055900659090958725
0.054329319507814944
0.052112081181854966
0.05601663352885785
0.05334113675277107
0.052774223499597074
0.051007151217438665
0.054281043780681035
0.05087777276535351
0.05648994754092433
0.05245672058170805
0.05282697239651894
0.05270520580025055
0.05212090200541589
0.053694350528530777
0.05330339602958888
0.05060941793430501
0.05343547422761241
0.05369082361173171
0.052974941115229365
0.05103792108786412
0.055244595001642714
0.05292643456098934
0.05020379706417234
0.05555981967944461
0.05152428067074372
0.05397273958899463
0.05224240735376206
0.05397970349862216
0.054540684557734774
0.051977358556662995
0.0498148001354331
0.05092357281738749
0.055325974822521974
0.0513553707078338
0.05422250278449307
0.05187300710926931
0.052357515490924315
0.052010810492225945
0.05268867263892809
0.05273552413683576
0.05140075387898833
0.05017843556841119
0.052356184543802954
0.05284057912082435
0.052300273723757035
0.05220832128543407
0.05519170445294525
0.049283370709954165
0.055413379314809275
0.05159679596515324
0.051775040002897954
0.049893358884713586
0.05534075444910484
0.05486733501072591
0.05354724688431582
0.05397270468708414
0.051374863998558465
0.05394650912330223
0.05384449447290256
0.05310236869188838
0.05267509083227756
0.05237698112793553
0.0537347918173346
0.05264325796339948
0.053935607225419235
0.05207851239874099
0.05161514412552023
0.05493787241419061
0.05433996405082349
0.05278776295077151
0.05013230566460735
0.05471862309063092
0.05370799895399847
0.052350291502900805
0.05393097518513409
0.054276897401238484
0.052904599868596934
0.05241299419938467
0.05447433676618414
0.05411939544853969
0.05406290256382468
0.05511357525411325
0.05397617640749862
0.05239484648590382
0.05251183852326507
0.05460060644321717
0.05202089123105487
0.055765265681279395
0.05474045297895105
0.05256028592777558
0.05320672956713213
0.0530436072868701
0.05252919816173231
0.0566525672801221
0.052412793156093894
0.05271828587596806
0.055161291264140835
0.05407849109719674
0.05380597305066215
0.052083040890283885
0.05219381264984035
0.05404966241465165
0.05241703504744249
0.05458012905318099
0.05486093301875278
0.05424795714923396
0.051953900998864225
0.05311436724240104
0.05416486268528761
0.05558256020244116
0.05107076038630345
0.05193193485805144
0.05168353888349464
0.05377093255758668
0.051274658758670856
0.05256204585222384
0.05647280006311261
0.053125978799727865
0.05014024139799846
0.05253401345048004
0.053952960010904535
0.05114264140287653
0.052380470707057376
0.05205808458969188
0.052644989817427136
0.053823248233096914
0.05090743422221679
0.054208678333685756
0.053491801948835835
0.050461870907710336
0.05183169807677563
0.05819129299324675
0.051815060764933245
0.05318622146195804
0.05502510155694416
0.04994453293307183
0.05505379961970716
0.054058186081238094
0.052338834898546335
0.05140022214812537
0.04937322220753114
0.051247870759107174
0.05367915286348225
0.05203106966502487
0.05481560573948977
0.050629817271748416
0.05394021847930092
0.05147811175407603
0.05136875315473821
0.05308220792406549
0.051925211386659585
0.05421375336889655
0.05226468387573289
0.05375953725992869
0.053944816808693875
0.05327529340552596
0.05329065178879178
0.052718279546556564
0.052466967300726815
0.053817679857811294
0.05465821862602845
0.05382201647481475
0.05305958362057423
0.05264227575538919
0.05295099994072165
0.05215250931811543
0.05410867925697508
0.052318075550003694
0.05302295520101698
0.052257539025054145
0.05499200209712562
0.05271311182743655
0.05433699051694323
0.051797699586798744
0.05322427561578269
0.051505812800799806
0.05459008237394767
0.054136417483767636
0.0545283208690727
0.05296295691962139
0.055473858589091554
0.05188359136167818
0.06049688094988083
0.05285778956678815
0.055485858930012164
0.05283275134861469
0.054391857938697705
0.05271680501815027
0.053789695244258605
0.05433410008151371
0.054495224635451076
0.053826008926933774
0.054876088722346304
0.052002493466417755
0.05564357898114488
0.051783253447725795
0.055317441924499014
0.051129001621992735
0.050939789248439366
0.057564137313658226
0.050005835339498636
0.05471913589594456
0.049708945151919925
0.05428561402174334
0.05387601972593425
0.05548570778173132
0.051862548304220234
0.05276008018065626
0.05317330517185231
0.05316437152453149
0.0521904001203485
0.05202234418322452
0.053208206116986005
0.051364423051619756
0.055475042728134076
0.05302525048669523
0.051423779642806415
0.054911327249824234
0.05304090600723448
0.052704397982989364
0.053756697154723296
0.05421918589585962
0.052930532617924304
0.051128561517749076
0.052559620573615226
0.05477775224687484
0.052116238592694014
0.05348765894722862
0.05333291724897348
0.0502954466549011
0.05478038975240615
0.05507987446557635
0.05269781413714951
0.05273654791108595
0.053100826600805305
0.053450028537414394
0.05273436473694463
0.05334851373560154
0.053593505200189656
0.05381400019276696
0.0556703004717397
0.05248071836092724
0.05208476185321044
0.05172222243287625
0.05393257289468192
0.05229169443751184
0.052989438368986626
0.05199658039790125
0.05615740257840699
0.05021494578104466
0.0520041847613473
0.053883342554745
0.050464780300330275
0.05383777933505674
0.05223966900808498
0.05287597174338328
0.05232166473944791
0.051524802124223265
0.05335848493000062
0.051696941780690585
0.05316184554487849
0.05144457702811521
0.054346473645777084
0.05052170919027561
0.05290142943640837
0.05368551772672874
0.04994100963589377
0.056128013360863316
0.048527477560445474
0.05460874886992268
0.054721680623240385
0.050819614223944834
0.054388612180422895
0.052982831208441314
0.05308097608697911
0.05452805800864903
0.05405712639614462
0.05330824628352928
0.052277317918980354
0.053940753375466624
0.05382476794736412
0.05132183681767529
0.05454167183548308
0.05221953865749618
0.05634959704027726
0.051791734755254136
0.052965627708591714
0.05144438263601982
0.057532529498283295
0.05094692086538252
0.05212022768190274
0.053165873072635476
0.054150827555582884
0.054857394327290164
0.05256697430502241
0.05263671305221625
0.054287757571691124
0.05131692015565932
0.05253666347155395
0.05376702252751551
0.052463265856465276
0.052994472425407134
0.051340075033621334
0.05374518399341748
0.05382263206649954
0.05335055244191048
0.05061742374374985
0.05366637702219379
0.051111555970512715
0.053911035107926296
0.055002753821034464
0.05040662270337821
0.054698636480129494
0.05290779283043379
0.05354207494140913
0.05319389945182663
0.053001731275939025
0.054136878782166886
0.053201858431268005
0.05418225964411902
0.054467313627425865
0.05270677206393045
0.05364973198455305
0.053061974951280996
0.05385382758059467
0.051682413283448955
0.05526281248372144
0.051656508052315656
0.054565892682577936
0.05003074560409937
0.05457660133759372
0.05420545731396534
0.053979622703403805
0.05355523304046633
0.05394206158936215
0.05351077868865851
0.051140698723089045
0.053503444058319125
0.05413870977966163
0.051915347415547916
0.05591404278201457
0.0529174921872954
0.052578523171802935
0.0549073952029292
0.05312470738023806
0.05406110319667137
0.05366146443232608
0.053459418855177666
0.05185162143614621
0.05336285784888344
0.05235797767885603
0.05341188792401973
0.05365180769063628
0.05190972638650773
0.05277057435984413
0.05529802157424199
