2.213212827535776
1.3906141571509532
1.2528347840675942
1.186163856738653
1.1076982197089074
0.9756592538112249
0.9349701236455868
0.8536622198728415
0.795433925359677
0.7239272669339791
0.6539890511677815
0.5587179298584278
0.514155604594793
0.4708729495604833
0.4441356815970861
0.4154922238145119
0.35954448729753496
0.3542112445219969
0.339775508030867
0.29579602756943457
0.2929303084810575
0.28517058252906186
0.25087220137700056
0.2437323041403523
0.2264030882037985
0.20442104953705356
0.18045941242554153
0.15886399952563432
0.16086907388436464
0.14780456051129687
0.15477700213131568
0.14000663047787756
0.14592388753797142
0.11657649272014028
0.12345566816556339
0.12615817042563157
0.10297105135396123
0.10542051805995213
0.10839419063383665
0.1090096585216741
0.11605761731147933
0.09754818488831798
0.10782200504715243
0.10709773919754811
0.1050766881810537
0.10811088324572223
0.1009735375463676
0.10549298704106314
0.1095617749253646
0.09970803161223347
0.09534837812071857
0.10564838294521905
0.09038608390181206
0.10548210079656341
0.09189372548164848
0.0924769625843813
0.0939657158883981
0.09143540812910009
0.09108022462534837
0.08965653028004826
0.09286775280212542
0.09598015633722147
0.09054780699079856
0.08659350810817276
0.09898884405459588
0.1535911522122124
0.1374247897317848
0.14414662881187187
0.13252997587357337
0.1326437601242595
0.13357776488872986
0.13874958607544285
0.1290725491502179
0.12897669126448305
0.12530714650078711
0.11327396620367952
0.11311224392118628
0.10922320011468867
0.11316931379678397
0.11012567705235993
0.10570667241666412
0.12380753265207227
0.11888289826516157
0.10649155469832178
0.10318224573722826
0.11206408182385927
0.09508782528364697
0.10539541660945337
0.1060904034305937
0.10637479581129856
0.09459279378105957
0.09770502341517176
0.09341343770382735
0.095400620616662
0.09262354920725696
0.09296436213338986
0.09004033278212703
0.09437301457943156
0.09382799047602114
0.09492350970566547
0.09729161589728812
0.09452578463257315
0.09091059802673183
0.08710717543368586
0.09321919252098991
0.08517937578122095
0.09351046725164334
0.09041985154796678
0.08498537536913481
0.08962287085118871
0.09035528157598888
0.0934615611886749
0.0876111067730026
0.08834726804365906
0.09344098055197929
0.08403153409614252
0.08878866404605408
0.09024342847465633
0.07576798010581674
0.07978953208538513
0.08295209547504782
0.0815146650124986
0.09256055739391834
0.08671751719099494
0.07664207108856107
0.08744530490515992
0.08247539448098112
0.0856977431055827
0.08588454310665838
0.08355411715172709
0.08294533019249614
0.08078810111858332
0.0848900151761392
0.08350674998737537
0.08639874822364595
0.08753471325109832
0.08696661750033785
0.07805116234036784
0.08547489555792895
0.0911891099793138
0.0829725123082216
0.08750654780514873
0.07835576260187782
0.08994849164670225
0.08095613304728594
0.0923787686342481
0.08368541853821788
0.08020282709517348
0.0878354892713758
0.09187607509904923
0.08022395315466639
0.08269437489708742
0.08623688716369753
0.08525986743267053
0.08590656874659591
0.08669751324117757
0.08722834110809251
0.09083427251689732
0.08683258077258077
0.08341263122781992
0.10099040442922463
0.084135304710183
0.08268224465995072
0.08712120699720123
0.07848305449916575
0.08716831962363078
0.08851747397349802
0.08830882842288329
0.0766314183564809
0.09080562668506247
0.08356291220033876
0.09721355460022982
0.08033037131699997
0.08790327352949251
0.08604208835914062
0.08334646645712498
0.08674051371337368
0.08527652785832732
0.08613431525412195
0.08745712492232903
0.08987220691319985
0.07886430071950412
0.08956422681811278
0.0867128494547871
0.0955774516846316
0.08572848700285436
0.09404091610288164
0.09342390070072351
0.08540724940651741
0.08290006427933128
0.10484409827130059
0.09021594081960548
0.08936761844192799
0.09267061043662043
0.08713221228185247
0.08805246214301755
0.0904786919673475
0.09017918950343394
0.08701915142681593
0.0889345190706827
0.09028703429354117
0.08914129824813408
0.0853100452819863
0.09054167738142543
0.08186361717994142
0.09416290092362592
0.08557606731684735
0.08089213021612988
0.09127938929297484
0.08060776040507242
0.08216306366995037
0.0867722670828255
0.08064870016463922
0.07944825865576068
0.09499601728151529
0.08592757912672078
0.0877612447216868
0.08223979123203884
0.08207767180507429
0.08375069356108537
0.08496880120991801
0.08544026945884793
0.0825474662359995
0.08074417905284999
0.09081453647500334
0.07854438795087239
0.08409704658059547
0.08850066482435721
0.08092506548288302
0.08738525247720715
0.08050845793257348
0.08725459222228099
0.0923976513835488
0.08430861667267238
0.08377352241390887
0.0847168807579109
0.08466222595889121
0.07992122734961016
0.08370429284076612
0.08442976286467642
0.07503355449208847
0.08106292651075189
0.07919999868661248
0.08101753829321705
0.08032353996263387
0.07742297793290792
0.08191186917515901
0.07353320326312827
0.08075940046781817
0.09152179088873359
0.07649280405916775
0.07401259629390179
0.0772511065058587
0.0842584194696265
0.0781272435751863
0.07728323322334267
0.08122002756855905
0.0862118411246532
0.08004091115823636
0.08594601168073356
0.08036808536017839
0.0838489874624289
0.07931167004832951
0.08167133332612232
0.08072012157943577
0.09177139511284156
0.08378968379185654
0.08553601894497824
0.07882425081796753
0.09072426789655136
0.08374127898326454
0.08730704125184088
0.07320565283656694
0.09214441035038386
0.0828242579583998
0.08524528191550276
0.09139381701795336
0.08023722244737048
0.08605377229765648
0.08365717794005878
0.08684330906432408
0.08720564470859245
0.086753461865756
0.08686461669589894
0.08045832564791616
0.09027384143107786
0.08424809685078426
0.08479215969392755
0.08151402914921234
0.0871997576359158
0.08279853894029003
0.08640408581906321
0.07382688753721782
0.08921133598957498
0.09497648084607835
0.08199734851473178
0.0840263555963667
0.09407561099349271
0.08295024624142873
0.07952010922330933
0.08330107908516836
0.08983500193123921
0.08558335606141601
0.07978805312737584
0.08105960831867728
0.08550143171697318
0.08680767810019926
0.083576898253187
0.08536760530177838
0.08489456950582024
0.08716287991197673
0.07588904813843934
0.08767500877401266
0.0903727517152826
0.08484301737596234
0.08663096255883992
0.08443113335853036
0.08699182206108115
0.08272040545737419
0.09032396839794297
0.07597595025383784
0.08697729940400817
0.08476559912744097
0.07662701976122872
0.0811511318739623
0.06557848249854616
0.085301369552811
0.07427404169649937
0.08246426221269827
0.08309081160255935
0.08289244207866991
0.07846071693138816
0.08101699926460591
0.08372580587643032
0.07817729036681927
0.08109245971143723
0.09136641197121487
0.07642134939908432
0.08768854772086995
0.08369201029865787
0.07486233820270102
0.09001755066729414
0.08181928865289172
0.08211651869798796
0.08530504332522515
0.08751957782585985
0.08665619999982226
0.08157954616987038
0.08403184748350237
0.08104571435475148
0.08531103815662508
0.08051725114544239
0.08402976897389938
0.08137666414826153
0.09049763100591894
0.0801490649019774
0.08926243210041251
0.08251644240316147
0.08313952449165159
0.08238450288936758
0.08253985128831118
0.08106268656377394
0.08176642985513004
0.0816835422882249
0.08076908928372013
0.08840395206233295
0.08453980747077507
0.08831766254838723
0.09018349457138146
0.08351822353523368
0.08157349914709369
0.08760851891174053
0.0832465400477537
0.07993277786538387
0.08238352643928896
0.08203118251135143
0.0817102037406025
0.07957685096189379
0.07968322625115085
0.08432342117907515
0.08667800939130337
0.07772828670433507
0.08254478391236028
0.07794186325142315
0.08356828593099729
0.08792565086414703
0.08426336475218145
0.07796908133746817
0.07399481307171905
0.08313563745528556
0.08204648627098113
0.08317950227393363
0.07379748831407573
0.08493684802938682
0.0750712479924401
0.08610209955786093
0.07981380123871928
0.07970375330178052
0.08142867137510808
0.08096106777755686
0.08604566401515443
0.08322208509810317
0.07508713212688842
0.08614387166984297
0.07888247036339285
0.08100335144822915
0.08632125930669599
0.08192910178540609
0.08565002362249802
0.08181032620053977
0.0932389596877142
0.07860276662410261
0.08196903101604384
0.09096271616066448
0.08275394439462196
0.08775552229699082
0.08429885646835782
0.08377127629698804
0.07979151698408457
0.08623578926691643
0.0891392292162681
0.08897520479722283
0.08421740679261394
0.09089774251176724
0.08398884713160208
0.08160738124935074
0.08086002410974545
0.07879668511450291
0.07708092334483249
0.08982049329340673
0.08155693757491043
0.085870816565465
0.08911231284116347
0.08660957301423575
0.09160068958000733
0.08182569972525995
0.08319902237719641
0.0853317296167146
0.08146065472123715
0.08217283836148011
0.08471803737920709
0.08244070871613729
0.08110179995329907
0.0823201369592705
0.09112978235710985
0.08429804367299837
0.08593347608634175
0.08134113068077474
0.0840394562140528
0.08359376729633182
0.09018308343395638
0.0759144909070948
0.08318702574544706
0.08387718934607573
0.08470533726892124
0.0865208490483033
0.08529006286333196
0.08778488650494136
0.08832802147640345
0.08141824289475783
0.08195537766173053
0.08668881965508589
0.083155624750921
0.08560489045862013
0.08137516300432766
0.08910967631536784
0.0873185531513837
0.08546844901731954
0.08246700112373592
0.07999690926800936
0.07999048718454269
0.08518335539608812
0.0904103379848843
0.07523618928120973
0.09652113480932223
0.08497132669465664
0.08513441746517156
0.08433198321204728
0.0866316930141273
0.0894708492633165
0.08713941279804716
0.08601244213955048
0.08053312724671112
0.08763984178776109
0.08321973139611193
0.08055984886842242
0.08065968203740433
0.08231962438999639
0.09144887268388023
0.08089640660723373
0.08622203545618014
0.0797840505754814
0.0866750926070381
0.09933836754036095
0.07373708393066548
0.08815331950586719
0.08339349866256295
0.09303741780294775
0.09222097236481018
0.08175446247287954
0.09404183459969667
0.08905445429830788
0.08589987273399646
0.08817957665872736
0.0859406968124975
0.08722357325590192
0.08572582558083992
0.08590604113444733
0.0811766284789976
0.09012201100430946
0.08604286235984032
0.08686245588424545
0.08591191527442649
0.08343161727803258
0.08556868440399949
0.08677868391775216
0.08855417460824053
0.08031089714644715
0.08702581774470253
0.0859092699248905
0.0704742018539363
0.09105501987983305
0.076801402192527
0.0819920501359425
0.07558461952356037
0.07758798227549936
0.08584825692172998
0.0797279941335989
0.08181265049878185
0.08103958853305532
0.08350559112627823
0.08317974849054828
0.08008423337283042
0.07811938279236738
0.07401021048889304
0.09106819741748787
0.08206990770223013
0.08041662546859768
0.07677877746337355
0.09102230622845058
0.07057565303865629
0.07780753090165747
0.07797030789825396
0.07928231881412033
0.08339499834304055
0.07734171529569162
0.0830381631021364
0.08445672731785378
0.0856394214475026
0.08308804109453773
0.08085884198722991
0.08545259187529342
0.08267633194530694
0.0813937255145552
0.08560133522662979
0.07910053838963788
0.08709931917106493
0.08016593154502633
0.08922548729729338
0.09158258284927191
0.0835405965910701
0.08465182509583731
0.08576620789095521
0.08453744229120322
0.0829441265274699
0.08977219306010133
0.08627855578849379
0.07711514015226828
0.08545473729594587
0.08058518243308824
0.09105010345661774
0.0898915450175245
0.08111653865482181
0.082719034965759
0.08640264451469426
0.0764147789695133
0.08833615260291247
0.0796767405520838
0.08472881836858459
0.08608609366182907
0.08076482920979078
0.08401525561960461
0.08025660063378895
0.0858611245926183
0.09366454394199909
0.08236540564909005
0.08602317340719776
0.08430141614537719
0.08513837267886488
0.07523104147090075
0.08346290669106589
0.07909973674119473
0.0832528401318436
0.08026787995238406
0.08236557552650667
0.08367624545637041
0.08606205352168614
0.08036897612514739
0.0845165769185256
0.07701798918573424
0.08825818318457608
0.08482981560847316
0.08627166771120989
0.079648472298868
0.0799555697872375
0.08452012295825766
0.08360366037664696
0.0822739645363375
0.07891980427293441
0.08075294236962995
0.08934234760967322
0.08567303113328914
0.0918135252297641
0.08395205327124597
0.08766224256862934
0.0860187135827847
0.08655431642232893
0.08477422315179585
0.08798182910451523
0.08482890277518891
0.08965409299215445
0.08391979416647258
0.08792159093509559
0.0825248911188772
0.09623638876401878
0.07100058135827286
0.0860265354348275
0.08180522174419215
0.0804233497599713
0.08033651643533794
0.07942779110266994
0.08257413245230101
0.08761326199731766
0.08405786042149441
0.08059384469366379
0.09222525998036592
0.07987899339887708
0.08293146294159576
0.08061998498070842
0.084504298092678
0.0822518324069022
0.07961512301355983
0.08290627702943032
0.08120724348208079
0.08762129885801234
0.09012157785861442
0.07563318125187204
0.08171482596528501
0.09174410596680947
0.08265563423822944
0.09041916377340944
0.08384440970989183
0.09440130860461161
0.0883657256330853
0.08454997311122357
0.09456129274629534
0.08358156012956244
0.08722365761201124
0.07696203623558036
0.08224032181255424
0.08563357900159481
0.08262743419319844
0.08805768649028137
0.07700607978114977
0.08239542205865757
0.08777425182768359
0.08133963369768119
0.09524837922400389
0.08298721338699883
0.08117456852274839
0.09479075274072014
0.08245050258806143
0.077008907216441
0.09454588528292683
0.08244520263591161
0.08068499646682399
0.0780742236210081
0.08528903807776096
0.08255766308364587
0.08446731947254962
0.08404510797371563
0.08351308974402528
0.08130576219170904
0.08557390372577804
0.08148185595846139
0.08862607226168247
0.0780018040901035
0.07981372320075304
0.0848588242691058
0.09384622468063847
0.0760761985673199
0.07794668464279637
0.08134561868456121
0.08086762690606217
0.07445769811449095
0.08663088152907454
0.07944073019943272
0.08340289336330711
0.08490470063705476
0.07782144099533654
0.0788932553038019
0.08545907503143192
0.08564298823356438
0.08200446050315617
0.0811684506927402
0.07995262335066516
0.08305401029124952
0.0753708433622542
0.08333635156980167
0.08323468945633906
0.08061432738382465
0.08220541053511297
0.08618692534058564
0.06660930369211994
0.08431563890769142
0.08310523169407717
0.09126945213229658
0.08674720547278411
0.0983543082110536
0.08029137218717294
0.08511361655676947
0.08907996058786431
0.07753656192392391
0.08255212624461795
0.08110312673573693
0.08618014652333492
0.08569097171704738
0.08687665845201804
0.07896101681652885
0.08684143655917022
0.07910111497517508
0.08778554980810253
0.08412753654231962
0.08205054864967959
0.08708671149857437
0.08457231609626877
0.08554173892107195
0.07608756683378791
0.09014784876475086
0.08144887621001078
0.09210738710856113
0.08354900038430993
0.08859797389759945
0.08256695513518002
0.07823035425554292
0.08611463729310065
0.08278299183823551
0.08273961815672616
0.08206133983927803
0.08570653217014833
0.0797489477512546
0.07953939309630256
0.07549188169994009
0.08598445457860063
0.07818684160831767
0.08481338384015731
0.08042141845429657
0.08269455541665546
0.0872311992606578
0.09060923698334358
0.0778812484905267
0.07860308592230117
0.08531636346597224
0.07463835191686088
0.08179846424892999
0.08852273171337752
0.0780637305122442
0.08491305608626228
0.08211056160955475
0.08636727042056662
0.0854275432182476
0.08427172832561132
0.08593930401302015
0.08653906051379939
0.08388041126876114
0.08024831868660373
0.08713931277131615
0.07586919330344058
0.08559881854223651
0.08054820258149471
0.08249966783377413
0.0845951468558409
0.08157579092882
0.08921869339970633
0.08150622731564232
0.078858079411573
0.08295123337126988
0.09046839668522948
0.08771899263165557
0.09071360035345723
0.08201203101959366
0.0846962474225177
0.08288652700706362
0.08602666368660254
0.08945569287275132
0.0854345066114687
0.08495205063969852
0.08107473546734605
0.08414297104277349
0.08563299953030087
0.08980308157438113
0.06550492564699828
0.08688458241582013
0.08655944363414071
0.0807140521872311
0.0798991195935135
0.074375660383311
0.08668269526522356
0.08630042994642655
0.08404283607393527
0.08517088098212694
0.0840540798179483
0.07996783239337114
0.08622963787981858
0.08272773498670759
0.08301010088224967
0.08165168514540896
0.08565393038189564
0.07993876342721379
0.0878379136419449
0.07745231332911107
0.08607712889706584
0.08103489896666127
0.07692724343438526
0.08661066746333232
0.0821791483380366
0.07977070433120483
0.08202832131497323
0.08529180226118441
0.07693260388974196
0.08590345485165762
0.07845648930778201
0.08301761505217889
0.08315231364219634
0.08420697537083656
0.08005350350808256
0.0823223673643019
0.08317601157304569
0.08369874204867161
0.0816859687320688
0.08129109078003333
0.0886180802321551
0.07101854903516001
0.09136642913128105
0.08672358784287308
0.08024833880929061
0.09023003836269848
0.08217049314691208
0.08010993359195522
0.0754473870429091
0.08520596670703245
0.07469803733775057
0.09008369071958348
0.07872787079757426
0.07890686118446935
0.08152948100469075
0.07641549385391558
0.08210487516950637
0.08011353598215068
0.07338899796924148
0.07985416331018011
0.08196358500430599
0.07884939127147962
0.07613168894044625
0.08500333719848874
0.08102997807809749
0.07367356418690178
0.08796071390746735
0.07576505170645527
0.08237662781925442
0.0787235076915656
0.08278428494575052
0.08411440103869282
0.07632877276837229
0.07050642657081764
0.07341900743687382
0.0847167903655925
0.07419658236739894
0.08044974969711918
0.07675888215967577
0.07864043374552589
0.07774519012152897
0.07835572514748679
0.07978846849903512
0.07531225027170223
0.07256141820704588
0.07746242665072293
0.07988190728997907
0.07799668523370294
0.07731922678660619
0.08647845218089432
0.06909723030522656
0.0874499669842081
0.07695754207681882
0.07834780484420033
0.07251392641352514
0.0881399206363802
0.08724493119083583
0.08613606481144999
0.08603163345549733
0.07831955700754546
0.08535035752739088
0.0864854170782611
0.08355235209493027
0.08177773984364019
0.08024242750036184
0.08515900507306633
0.08092450774487449
0.08425891469501388
0.07988169216610587
0.07734430229816681
0.08569971941656265
0.08618948461043123
0.07963745467956566
0.0736091888608196
0.086463872428076
0.08463253939094452
0.08106010800902134
0.08560449408922488
0.08699168285343031
0.08155091336136534
0.08044365738094665
0.08683185714195506
0.08601637568133763
0.08438120056122828
0.08694155697698872
0.08351316665872359
0.07932584098635767
0.08005626413565224
0.08599253226107416
0.0804066589099164
0.08813651963946774
0.0858446285695745
0.08286712938167441
0.08587492894596205
0.08369707423471248
0.08398472279525147
0.09397501523236339
0.08117133984491468
0.08352749239898119
0.08936241235519096
0.0887026112635608
0.08641509761577114
0.08047248714675125
0.08149507343922055
0.08814552669437267
0.08262731484167325
0.08807767594818217
0.09007863843274745
0.08764834862011366
0.0820785995506389
0.08516191776053837
0.08789432441326192
0.08967488624621182
0.07585790384477244
0.08036929470343658
0.07782323481932951
0.08285536351613701
0.07524018077082217
0.0812732976298624
0.09244874535003104
0.08201697726035491
0.07392946387975453
0.07994610727764666
0.08534328028625356
0.07832079580320846
0.08069849093952097
0.07954026279994883
0.08147799024979273
0.08417163122145352
0.07732619726194594
0.08460055597257825
0.08327948496041175
0.07473383656828306
0.07725608736957208
0.09485437905024857
0.07998812611282725
0.08376006221709152
0.08728887562532552
0.07502313558645068
0.08634021383537076
0.08579678200655438
0.08000999986841821
0.07514863229761175
0.0685710755931303
0.0748258374380291
0.08028188135597306
0.07700845413029385
0.08354353881202256
0.07386413377706702
0.08170536291160178
0.07680241364078262
0.07739343102185581
0.08121092532618114
0.07956106975041807
0.08531317861589531
0.07997742639212774
0.08473344587076169
0.083674186329023
0.08364624845293853
0.08308894777109321
0.08321090250827136
0.08158440840555928
0.08567052958749581
0.08754064036437716
0.08610228668384923
0.08301264704555834
0.08226948196146017
0.08264771401031444
0.08039366165355134
0.08626395915961416
0.0809873802957531
0.08312315924081187
0.08115399641175874
0.0882062936315122
0.0830553902235503
0.08693067754785984
0.07982644482951563
0.08411998884597173
0.0774994581269148
0.08667549630656886
0.08748822119892934
0.08745986127909512
0.08355605843020245
0.09250541227072692
0.0837033724394412
0.10387353823215772
0.08605465661280622
0.0926313717986863
0.08558870907828141
0.08930013380625333
0.08578041529011292
0.08774237530828358
0.08900218991830815
0.08915888033150576
0.08699494105411502
0.0899087590440057
0.08171809447327784
0.09026549093735715
0.08153755494112817
0.0900022928429863
0.07840471827822068
0.0779231201711063
0.09482786901823531
0.07568869502283633
0.08790156584507666
0.0746572560000902
0.08676566444344831
0.08513267419826336
0.08921714247575997
0.07913654452364799
0.08273599255089022
0.0844986776749675
0.08315968088125093
0.08068696697129128
0.08057928638687978
0.08333062902242185
0.07833884348501437
0.08956448901384974
0.08239042191849782
0.07947280283074062
0.08808884150169503
0.0847283334005624
0.08190850645799237
0.08464465324695293
0.08598603130891345
0.08188815114285367
0.07755962838194906
0.08276455472887626
0.08732812577106346
0.08076895963387916
0.08428307779622861
0.08265034012609902
0.07604950606399097
0.0884888127207374
0.08881464392627375
0.08085832308786801
0.08235908119628826
0.08296491492491884
0.08363762729180356
0.08234047295454029
0.08468161333615008
0.08651480506747387
0.08541834928358022
0.08925951607924594
0.08113623604951546
0.07889983721722205
0.07763796205220458
0.08356620331432145
0.07938660795872028
0.08261748170224541
0.08014153251663232
0.09043380219835596
0.07618074461919232
0.08063053783291999
0.08342496871101993
0.07630255953942348
0.0854450821601905
0.08060034786094314
0.08176420078648684
0.08006507126638332
0.07683908310679656
0.08305852795676448
0.0773985387367877
0.08185189183277544
0.07735555633292115
0.08570560746115799
0.07439838540546286
0.07911783383908466
0.08366712840954559
0.07394174380639855
0.08985047085271873
0.07014477547282019
0.08725434149360248
0.08640547919934854
0.07692003276748344
0.08716574795947124
0.08289048349834047
0.08387202859784548
0.08744746112527374
0.08580056204436681
0.08395696461367874
0.08161487998261761
0.0855939458421348
0.08502403074839654
0.07858854451766
0.0885803422699563
0.08292529485785426
0.09223481747411334
0.08151125134273361
0.08431788035608732
0.08176922774575172
0.0958482122896478
0.0783367586954111
0.08138960629682211
0.08283531833678866
0.08750021291168358
0.08886565680015618
0.08135315269613877
0.0817863092976973
0.08610390766392438
0.07691214292023618
0.0804718875008686
0.08308644478436178
0.08028588174537828
0.08156786668741216
0.07923799664056741
0.0835010665997218
0.0853093022808958
0.08327236032256713
0.07552514089848279
0.08141296524270915
0.07583695152816523
0.08543780333756541
0.08664592797614228
0.07494048764212774
0.08732406183486231
0.08262194830637712
0.08407996140124921
0.08247984932192291
0.0829471200871735
0.0861076408253911
0.0832316362828864
0.08602462691696695
0.08761987918584895
0.08206191716950016
0.08463394018487097
0.08142329291261446
0.08278995066140898
0.0790656974797364
0.08673954283824573
0.07788771114144952
0.08352495857204
0.07265222061743351
0.08601230108460863
0.08473564458037847
0.08446887461468577
0.0836769616846234
0.08687257109962117
0.08427406365010076
0.0792869312868555
0.08373190593959477
0.08729025518927627
0.08253360389700481
0.09121152385412595
0.08309552409710028
0.08208626288844523
0.08918084686895152
0.08429193873919594
0.08685728258853301
0.08369368401785883
0.08456741793391605
0.07971751659941406
0.08520052744439827
0.08200259055428875
0.08451214454223355
0.0839365383478789
0.08095217417531575
0.08466989727219185
0.08984492699591777
