24.874145813610244
5.470595584399458
5.166308386602264
4.879688314769579
4.872673648854961
5.1782376183115915
4.078720538944438
4.76323108655819
4.3151005515153855
5.754253255284351
4.052549038676248
3.9288240999415303
4.312350893582123
4.190169966523198
4.641189398756926
3.549873169997464
3.7254619166470957
3.291840622174567
3.2952287503774613
3.8823974663796634
3.1808739652236304
3.785891756415367
3.883199350989383
3.2719040245249653
4.224773777783781
3.1620468482159185
3.9718515896710795
3.601002552803012
3.138823115091393
3.1158076040986655
3.0884994471418685
3.2653673229658087
3.6442701664307844
3.083884343990813
2.4107779042552346
2.847731016036393
3.6162396989006926
2.8554505910454453
2.665691092286421
3.558734211476817
2.7312176403576047
3.478124340051326
2.4960975960113
3.142899938251661
3.262279982260172
3.2650821171161057
3.371704919506674
3.0185413703970285
2.8472152562353057
3.2159250253352565
3.4629007957983706
2.959504752919294
3.0933536442293637
3.088851203845031
3.237394078162269
2.7908192186791827
2.541150524186483
2.550826713172854
3.219397298127845
2.197939958477366
3.0600544149461
2.644817060642484
2.669177264784989
2.8752113046745458
2.5951316402010294
2.9350975401483583
3.391392221107431
2.40483760687968
3.205598033586706
2.6691101683654646
2.448058316781037
2.68737156316638
2.307450270631175
3.1927564128207555
2.93287235185288
2.685707141685745
2.5598617548635905
2.6768859768475313
2.8260326488078507
2.8243365362826465
2.4737743404356465
2.747798061835161
3.1062240894829882
2.4784494384151436
2.6776446156419706
2.214198088840298
2.828946702506231
2.8406184372910555
3.1111321163674197
2.714700335231812
2.704468970227501
2.6604589041916356
2.134120978684961
2.677111369220243
2.567856552808181
3.0785183036780874
2.374176471885564
2.326747090002333
2.426252735832679
2.03490846377352
2.83015335113674
2.9899375417634197
2.4263143298634584
2.5413679136638194
3.6599458647163017
2.1727794095657873
3.511096340590629
2.5136068797521833
2.9030896572639113
2.1980863701066244
2.78728627845429
2.510400210385737
2.2986038126375363
1.9903162072642127
2.2146282252194225
2.529013967114514
2.3872692092065364
2.326253683913661
2.2982074134591697
2.2087760388959143
2.13116161333586
2.3900786758387
2.3818477481279685
2.2191386266031126
2.656785755701687
2.252891645429359
2.120781026672626
2.0043394656554945
2.4271395371659943
2.0206832848489285
2.3035636348244934
2.507912802307502
2.127243524606245
2.1987580680220886
2.2180313334624837
2.559567797632105
2.52941705537555
2.473774616215108
2.087381980260429
1.9194039073435292
2.3860606809241185
2.297601970695499
1.9254475889754468
2.1339114144228506
2.558156210605217
2.287994441076897
2.16483424903582
2.4053175629966934
2.1884982154529165
2.5054791523548574
2.4694242637766446
2.6411462058245703
2.1053413526843423
2.3743766159683033
1.9565979211010796
2.683903492825187
2.3744793717034054
2.207593736657198
2.004071044695118
1.935287500286232
2.1242320740568466
2.054418440314307
2.349879788369804
2.182810057548509
1.9982645267863637
2.0782203353617503
2.1679397939123968
1.9387083875042372
2.003115182121595
1.7589574818080966
2.184302905412472
1.8411549885311853
2.001277240263163
2.172274053690658
2.1071394089123476
2.089154448657148
2.6042497591587943
1.9260554427847913
1.8557791340340306
1.753643324436701
1.7700479381002379
2.0762034231068
1.7855798967884502
1.6752804687003726
1.8876830131571363
1.9002832789513944
3.0252948634974333
1.9735272759706646
1.3551426730726077
1.946616608325554
2.1726650143636093
2.018426255147526
1.6607061984098477
1.8376872990874276
2.2346438348995172
1.8730166571997646
2.0696031758426754
1.860740878632751
2.034386754305898
1.9792103794389877
1.6445868143379905
2.1032262008259264
2.29290075176328
1.9739519396013971
1.748862374951874
1.9868650921498952
1.8534242834463932
1.795057868315042
2.0416632901769187
1.7918352071951698
2.0700719409986683
1.965293836604426
1.497262288397853
2.2650390062481165
1.7533948538635953
2.5056566625725534
1.932379813729853
2.4967523630492496
1.8103103949215964
2.238616786667726
2.081887880772136
2.0371893242919357
1.5671907749863854
2.286449534845525
1.834003091722295
1.9353253881082586
2.0380246254035095
2.0413660601699264
1.629183880417891
1.8611208765727023
2.2507261029728083
1.9400402956466745
1.9437403230509465
1.5787013990777559
2.1063381005078554
1.7358992172243155
2.027894910343963
1.8887793962992188
2.2377388990767626
1.7193845293444137
1.664279749131073
1.8044769391687452
1.7563104437313217
2.018089991143864
1.941520300126918
1.9365665540369092
1.9036967736547408
1.6329865907251402
1.9682123515538978
2.193235425548493
2.04420897671008
1.9489771674616614
1.6610046540913375
1.999189099728845
1.8330181609785212
1.50912073444899
1.8335580818787
1.6872605944754204
1.8697983828926648
1.9928716353370228
1.630854150428828
1.8510906887713119
1.9822511800254385
1.3253197511658072
1.6462196172215044
1.9447636178330234
1.664318692708469
1.5083110039324865
1.569565619767198
1.6991616075291582
2.0356428269026936
1.6457901150123149
1.6473676488613305
1.3130297066940777
1.7686620532008617
1.5888805861274402
1.9086680972705716
1.5514323491387176
1.7986662177557962
1.953238437006223
1.385399911377201
2.286680313124173
1.7182409973356172
1.759336532107082
1.616473495690287
1.7894654726420625
2.251846250727017
1.6058593522622318
1.5641410084765242
1.6903866621112262
1.6391322670936368
2.4226563099258835
1.665630145025426
1.483936446138482
1.6190028002458638
1.9455191698735175
1.6076867126495293
1.455127343778377
1.8686155349934015
1.6640962384965108
1.5108461874550667
1.6444070800882427
1.8386039513878631
1.7641755342213572
1.3680369177347291
1.7668874769107155
1.733222395910517
1.8819756906857525
1.824287424619863
2.0947411677030767
1.5230766033375824
1.5081392942482363
2.0616835369795994
1.4763144055698607
1.5784712643025145
1.5638617033921722
1.8167012204834516
1.7625146257569608
1.6661537332946192
1.6252505484887438
1.5785229504513352
1.480987184289573
1.5215678849406
1.4723313570535486
1.6038068017611902
1.517993360136946
1.8251757589776232
1.5950902798685476
1.669850976759757
1.5941651685676281
1.5245062603034836
1.702379156956854
1.8292071468642224
1.719592557599147
1.5786852967803893
1.7522598098072668
1.378417939744026
1.3009028469981707
1.4830901148877498
1.7870097034408345
1.8280174088515881
1.715332911869484
1.6432509162071822
1.7339644588773018
1.5582502019335178
1.5056476771588558
1.204382383291596
1.5863962380782417
1.5832646990977768
1.5120520260846377
1.3090147466088335
1.426902793550297
1.586773947643899
1.3254730188746706
1.7543236789010141
1.2289899611319213
1.5720036572547278
1.3722831126896367
1.4996406067081767
1.2170223644934595
1.2093527447972177
1.5372222059176883
1.7238204988677972
1.3100061203096656
1.4851328652568054
1.4466787685869613
1.7840372786411773
1.490395633166359
1.6646260538043967
1.4909990071251555
1.477410851140925
1.7412701121234484
1.3522391250033095
1.6082240184364112
1.33761457843787
1.2772093296482943
1.489823038527823
1.3877907867502908
1.3890347807546672
1.521473612933271
1.560525179138758
1.5156121384757368
1.832134029922494
1.5504292603312195
1.464539856892889
1.5489788588568352
1.306097725413038
1.5828783596136973
1.4519742381205594
1.338708956361465
1.52291658056387
1.4474080623518946
1.4633114828822622
1.3604333202584067
1.436101159175345
1.3667238222408122
1.230856101339062
1.665878177822932
1.3119309097798406
1.844247289393367
1.3910431862552313
1.3094580795858866
1.412027909433928
1.5906363421700138
1.5027776547113731
1.4355145665560511
1.6680795285256877
1.4963514457956173
1.477042455199188
1.4039994127562512
1.499850891476524
1.3837696326005717
1.4589027943143593
1.5209939873277925
1.1312213052415114
1.3604265538489688
1.3811135082033232
1.5699871218884769
1.4262527688743845
1.137362176552415
1.5663353014008508
1.380749739288096
1.3481859297869538
1.363697548572352
1.8142483537287817
1.1798108400561023
1.2788261521094735
1.3478854246761487
1.2921333434330164
1.5742296641017648
1.0819568505267734
1.3275961600567983
1.4481488894806176
1.3230925907070439
1.6636468262506137
1.4049136715171777
1.604431208709012
1.472095946551881
1.3780356844806152
1.1607727840326834
1.34209949295104
1.3202291461166695
1.2773738687291094
1.1434774002789154
1.676784289109966
1.4155345441152651
1.2691999480560205
1.4898217952391808
1.339070135322602
1.357167629349599
1.6731868622473616
1.400944835000226
0.991965319475402
1.2822328807003256
1.8090148770614811
1.3724668354902794
1.5044384396540513
1.180407651335649
1.5338990388546085
1.2178305258056608
1.1721429630601103
1.0967270071631756
1.1580784562975168
1.3137947769862586
1.3848546256270746
1.0852453460363483
1.404366081357812
1.3095627556608962
1.383233471368642
1.1559137866994285
1.2753584646903302
1.2015771221207536
1.3833648408425674
1.3526982792815112
1.2424787465766396
0.9918056261739221
1.1086198994214984
1.3459546509860218
1.170470957354089
1.3597719076804924
1.306112431941311
1.21433951223836
1.4854487404834642
1.3784787722363852
1.4108226262302934
1.2302616124810732
1.3019820901875694
1.1464652230936117
1.6034970127545514
1.5424173143759803
1.4120022274715744
1.526215670151177
1.2983992759246326
1.1294080913201838
1.3044700522812596
1.3839882339377874
1.2761353103686934
1.2071735210433279
1.4607745385323854
1.1222627424108593
1.4083326096929933
1.3657912059174175
1.2703089628071673
1.090770665191762
1.1034435455457887
1.2141871670989886
1.1704460849067655
1.1266265445240382
1.3406389150768518
1.3751517390778316
1.2398253665778085
1.3045046673817695
1.2447014919927586
1.2890395063137554
1.1336798871988836
1.3293663239565447
1.4225777954848455
1.1521312373123416
1.345509956644821
1.3859694394741908
1.218658713488907
1.2075282486452572
1.1145228433112304
1.0914322355951087
1.1062795973882296
1.4161855835413588
0.9740843444225796
1.1436638003620117
1.0501846679607811
1.0514088149681904
1.228301631151766
1.4677388413768748
1.0850540622528912
1.239212706313887
1.673549386524204
1.1834622008752995
1.1694832003769884
1.2048141787476514
1.3485164634100553
1.2061695448203904
1.182186123361622
1.4000857733055085
0.999855901647791
1.0617374566829074
1.0442914699636183
1.0415255121373828
0.9793738309982354
1.320373050706542
1.2516878898714439
1.2527848236343784
1.1345214901114071
1.2362934560987398
0.896285280018397
1.1218601480477315
1.0418531688105692
1.0556159440589987
1.04098817181733
1.2087593088061481
1.0566161150666142
1.0791985243221447
1.092203318350611
1.4597406187162236
1.229398903760897
1.2710621915082785
1.298687120474389
1.217687912184097
0.848104758836005
0.9841180035668978
1.1508624828758016
1.0450206932652255
1.2017851384775038
1.133926367778601
1.0788861173272566
1.2476740241644606
1.0762600728135179
1.0769252635646558
1.0625133234737576
1.1365861702656401
1.3971967207929255
1.1413087947631553
1.1671365947071193
1.211380685693112
1.0843000271344099
1.0061740480984251
1.0833506003373128
0.8791581305229793
1.022064283321463
1.1816427935913638
1.3237833969591968
1.4882507685544915
1.003190914897815
1.0235796039249154
1.31518202279087
1.163759345634152
1.046208113728874
1.1972076749645066
1.0504094634771994
1.2187510100395784
0.9659442462000078
1.1058667752945768
