14114857.076539855
12091392.36990489
10620048.401140738
19050052.656525984
18184880.586956523
19355828.064830393
27347175.65375906
46069823.729090594
19234325.90375552
35537756.75542826
43656869.127009735
46128830.2340738
59992420.073028564
60730191.1190557
49968913.6665415
76091382.74927731
77908332.85773325
86340702.91644022
78115568.32313891
68515771.22013788
86016415.27609828
93382662.80899358
92834884.64232337
122328622.39840212
137914479.2510473
164758087.40081522
122668231.85346432
100673475.84938292
114511282.24869438
139779997.53340128
112432990.51360531
106233203.66089995
92321764.31884058
119226021.33895741
102516669.39368635
110956121.40592448
120670607.90149456
100575909.69095334
175004987.18761322
149378261.2839674
148082166.9771003
108858086.7369084
118659634.75996377
114359025.45747508
126258499.18478261
168578774.95553103
102065238.20442708
102104329.60054348
138020589.58903703
107547500.29922132
133785688.92481884
106197633.01082976
204597949.59561822
184889897.27462634
156359248.11564657
158915168.56204358
192363611.1270522
211768714.42366537
197835080.75533572
252887593.9177989
283878801.40602356
302662994.8456465
275175741.6531292
276972015.4798743
321823299.52216375
345517293.651721
290523644.51675725
335694008.9369339
306084187.5878977
368243511.3673573
407060263.1430452
398121233.32382244
447777825.46795744
498382324.8050555
537566058.4409534
523508423.1533451
583758035.9838089
601321880.4756478
761963661.5905797
613583570.4505638
744830022.7674366
654484759.2843071
669275169.6280571
861214668.6324729
633371394.4525553
1080455012.981141
814435865.3520437
817646826.7992527
766627335.3480915
1007001744.2232224
926014036.1249434
1013427082.5158515
824951451.6890851
1077458968.2236187
812707321.0878624
807708698.5190217
911141207.9113451
753323761.9821105
957555633.7252887
881536651.3930027
686624234.2031746
740017843.2390022
805085314.02187
774420233.5889101
1099766032.7296195
940818366.8129529
605662281.1970233
797693718.9025136
690870515.7813632
623550462.1364464
782853047.5295799
720056163.4612064
877233156.0520834
626350297.627491
581837121.8667523
704546400.5930706
709051555.109877
741736333.7820001
439755669.0208333
738533379.5108696
658796551.0751175
743365702.445086
679278465.1801687
561750910.3750566
597383171.1847826
702207765.0133039
736794313.1312698
565890282.4737885
761239479.1014493
526641437.69870925
598044415.5648777
655187246.0932767
673325372.2640399
478003905.13216144
691319212.1094347
609682260.5638304
566140155.022805
614203064.3368433
501745135.1757246
636284560.7065217
658441926.3213315
578230661.0506114
564672038.5837862
469252689.508989
493763727.79505104
527388963.473095
470090594.7791584
461137398.2158725
488743459.9828358
688964741.4961504
554853530.4488083
407658633.98927194
559549325.0470237
516538521.4508039
571875772.4483696
475411930.7512455
484157255.2700266
512396854.56725544
372220495.0547061
417224454.61033744
377289844.9564297
408868368.9845731
445525183.48478544
520448443.8502038
597990996.9447464
445470637.0812953
422727907.6234149
366877742.7664866
404003265.0279665
300321596.3899456
318003330.51621944
417387956.9378397
488538011.28234684
444046050.99331975
400879855.51086956
514645439.5344203
367624319.7859488
326122376.74592394
374416277.23414856
353264141.5785071
397181540.63946444
339153732.62522644
270379282.8527797
328705769.88530344
361280656.4269701
377188917.8647532
385580921.87749094
485558024.6512681
424235029.7458673
377167764.859375
417785220.4880265
366003221.1268116
518668737.6304348
348971076.1082994
358963888.74626356
265537216.66237828
331358849.91715497
312971811.0661232
336820118.81172067
325870090.1585145
345246758.37335825
308267698.0399683
357342914.75631225
319727752.2897419
308670799.6605702
323361048.48641306
281328699.2140441
274716906.8072209
267386478.53917572
369973321.50769925
236540495.49216098
339413055.99071556
199911664.9277627
313471173.6158076
247534052.59267437
255813675.31051856
208054073.7004377
285577118.2312189
353704755.9164402
218649006.24692878
253398909.17844203
268425341.84057972
277380607.3884171
279773815.56000906
276109739.02994794
264665587.87242413
245101159.94686934
286413003.1891984
219232274.19194496
276923269.26313406
264530137.61243206
233646789.6709692
406604099.29834694
298282394.7666157
186352197.9752604
258856628.39061794
231479092.38291156
171922439.75480497
175233241.11138475
139504647.57246378
222956628.2992244
253663321.74048913
248464626.0238046
223459653.57849297
215513822.5009624
281198823.1415308
174502992.92210144
241643155.91077545
200620230.62115037
227431612.58418253
196873020.60546875
157491436.45986187
246160111.32155797
152806582.12955728
250076192.4656363
297707858.5833333
204840876.067029
202768974.1259058
209225961.58695653
268977456.85456294
253463526.11673328
167451616.4067029
261473265.86707428
277573753.64767325
194337075.51718184
280374824.4831295
228566800.7297894
156232654.83511662
183303391.35960144
134301589.6956522
204490614.48635644
222175462.70604762
182691314.322577
208987473.30811253
177824076.9861866
224260453.70093128
192189547.1682518
166491041.77038044
161084585.4779778
160499635.76418138
158875121.55334297
187369949.78849638
216285833.95108697
139574122.66828012
120233427.28543931
169029122.1530514
156725774.43458027
116854557.98843694
130546499.67391305
179686627.557971
201300947.49915436
119418556.38889833
168352125.7858356
142622178.50623444
117413439.7454427
146430365.52173913
122973344.1624632
102090601.00392814
109019819.31743059
156030463.33288044
146951863.16348222
201828794.28521287
111678570.25727469
81182214.42210145
122685647.88949275
146435392.82291666
154880755.73737544
112760463.03730752
191899514.63962013
139185534.28617528
138025516.61524853
122186015.0482337
118276898.22589377
155094676.23737544
154127163.41349638
92442561.92379981
107314048.78962862
90964548.22826087
151465005.71716484
104449735.19084013
97778254.19880123
127579210.76392663
94972782.40605186
59360646.3648947
75065413.82823822
87310926.03848222
114864251.18492414
93178755.55412138
124755844.43509397
164225925.48985225
145027195.65149456
114072900.94154778
190787840.8010643
150661314.09074956
123810968.45695053
119327649.1553442
93908330.23414855
99419605.01886854
85230967.6429744
108597011.89855072
97375614.84574558
93587990.4526721
105920066.72758152
116328966.338018
165590454.3717165
163915367.6897645
176253036.09943953
110814931.0229846
77596604.97923389
116527673.87248075
89467187.79359148
97264298.49552763
90293239.09451427
105534593.1231884
159396331.14280456
141233990.57750225
108863147.49615036
110455090.35235508
95199151.78487319
151053154.6704031
58510310.28640172
107359618.77095364
54683303.0882586
87713398.1551381
115620393.99609375
86992743.15750962
103746143.16168478
90852360.1557971
59134955.61629055
55384101.87800045
78901445.03011775
91413722.24343297
88249770.43716033
53153458.612674
87360376.45204936
68030917.55706522
81925009.00724638
58195899.05587636
71987969.32806839
130503724.40605186
141472170.2884539
92913351.43352298
75174544.94964334
92435996.32699275
50332494.09103261
81293720.90115489
82370164.2233471
81688894.88088769
97910874.66346808
68612126.99286684
49322112.182971016
64404421.69950181
44103752.09057971
50688813.42663044
44798499.98997962
59254675.30603027
90842406.98225911
150788146.2863168
76054328.06552877
64915558.95558763
85613411.28985508
72870118.8161055
76201208.46010247
59258671.24292346
79876492.7678895
77929374.45952219
69176511.02694747
43596501.10088315
46042193.16168478
49634776.97463768
77178545.94293478
47256152.29864413
88142324.02400362
108478491.27055027
60691659.47995924
72772235.21767436
73251562.51488905
86843543.80434783
75436453.75526495
60392365.38824728
58327161.11316802
68833064.91276042
71563868.9655231
72248528.80123416
139385199.58718297
109969617.67328323
91196729.00300045
65623101.97409987
118071956.23131794
62278642.76483243
57037463.96133379
37787004.17926291
76877740.10869566
71912611.72189198
93923606.49862361
73545969.1576087
75251730.55978261
46390744.642719656
76463689.27626458
43792575.15625
46275490.981884055
41936980.498584695
105770557.69468977
37526434.558423914
65416086.10076993
66819209.879528984
57812021.86693274
87661736.43240489
73135731.17391305
59383538.198695086
59844367.04854506
64424385.4995471
84548975.89761308
36368709.97067482
62659495.31907411
34627255.461064875
37669425.998641305
42766046.236865945
39724501.30182858
35366787.02609828
34571422.181435406
92840667.36192255
78089841.71880661
56425844.19497283
50123290.02570199
77020691.04438406
76064979.78011775
40145790.30018682
49233140.81697679
64327798.98607337
76547588.71957088
35167845.24864838
34358495.63192705
51590388.25905797
37738598.10926177
36959029.07789855
83129542.52887228
37696249.45425725
75853989.3736413
75209008.4562953
66380014.88884171
44731841.715508945
23657565.52063519
23081081.771625906
18952485.670289855
21955163.039628625
48334748.50748698
49844245.619338766
39015807.36033741
59186379.56544384
90416538.33310689
34094247.71520642
29871366.19021739
34826404.46105073
35918353.509963766
36801922.35122283
72506645.37160327
95817789.72390172
70635412.63892177
48823874.8405231
46671721.77704654
70602847.04528986
54252686.00091995
24338123.275673687
50081659.721476234
47854499.1599298
59208786.73120471
82885210.78626019
35900497.813066125
32733561.917176176
35013641.90398551
33385893.90036232
31864436.379245926
31578138.536776777
47638595.121068984
67593450.3455386
79848320.55949955
46625055.68266673
51265943.55834851
69387248.10597827
72184446.43115942
60347487.48378057
47741907.58364514
67519179.70785213
77600529.1385445
27297777.170952395
30210065.08571105
33489849.236639492
27586102.153985508
75852719.08508831
50320329.09386323
27467428.58532184
43982276.45822011
51531032.78006114
56805725.89056839
71840089.50985055
69630167.53623189
54269348.01913142
33602482.74462183
61444460.51120924
64157038.02615489
69643455.28321728
139614474.96756116
99393047.15704258
26266219.160326086
50953609.03391078
89871686.0293818
42781190.21369735
48001297.78204257
16105105.639658168
15554281.371744791
12207735.689311594
49865336.623188406
52011027.578500055
42506730.16743093
53357775.72860762
69098740.76842731
77091219.71948595
24406629.30352695
29454920.383152176
27500701.6557971
30413935.63722826
29263726.295148324
27067464.19191576
22023259.12441265
29597591.014039855
60487177.66904438
49069112.86039402
38425731.64821105
55675269.74261209
63929800.46195652
39031694.17663044
46606252.22259964
21512681.045006793
84777681.3415492
25324431.758965977
54469256.55106431
24287569.340013586
29102055.807971016
29507766.753623188
29862816.53988338
25101595.7665591
27525743.184725996
24345615.3029794
54241314.884567484
45931979.71222543
40603380.606176406
21536203.32816569
13055422.881906703
11879733.673007246
12592162.05978261
12378754.305253623
27697080.379755434
39615179.93113112
34986922.08152881
30608774.093452785
60360619.99847147
69269464.92221467
21367454.751387
28567573.587112207
