5.681499573909441e+21
6.657613960613993e+21
6.178612452708383e+21
5.47369604317994e+21
4.633838646770634e+21
3.764757230913055e+21
2.9177171255003746e+21
2.1579360619076743e+21
1.5131773091889737e+21
9.907937705196117e+20
5.997996386619629e+20
3.1203330278417465e+20
1.4436229773993027e+20
5.2520638108070265e+19
2.603973687444427e+19
4.573301559510309e+19
1.1338626269869287e+20
2.108472435066374e+20
3.19689218954137e+20
4.417201030552578e+20
5.6186056889226206e+20
6.791884257539157e+20
8.070367851700991e+20
9.268014431831105e+20
1.0335523865773875e+21
1.1326029197538572e+21
1.2454069634300017e+21
1.323495384133036e+21
1.400085227150615e+21
1.4709386777841044e+21
1.5376623406511544e+21
1.593316509114331e+21
1.651551975490093e+21
1.6888491685773653e+21
1.7259029927266345e+21
1.768991705835877e+21
1.7931355798073898e+21
1.8268421515371002e+21
1.8532349483861994e+21
1.8677449627068562e+21
1.8894835359044196e+21
1.902542673274774e+21
1.9047815928808037e+21
1.9414345497507408e+21
1.9365971895332532e+21
1.9447757155466753e+21
1.9566918506778811e+21
1.9616473572893723e+21
1.9617539053869518e+21
1.9697446788630014e+21
1.9654669912701366e+21
1.9769787014092232e+21
1.9727787892799814e+21
1.9848940592293035e+21
1.9704197649559818e+21
1.9681172800086996e+21
1.9769775144139725e+21
1.9696939500898733e+21
1.9756019342019165e+21
1.969629854528316e+21
1.9673499192178309e+21
1.9629003976976137e+21
1.9586932337692626e+21
1.9596126695987114e+21
1.952843141859406e+21
1.961606113568366e+21
1.9552535593683974e+21
1.946056280498279e+21
1.951586785937776e+21
1.9496082612328753e+21
1.9502128018415763e+21
1.9339711501912305e+21
1.934351087951364e+21
1.9367000577273582e+21
1.9306051644118847e+21
1.933828879864339e+21
1.9167329243849695e+21
1.9255465812275267e+21
1.9256805153129565e+21
1.9154841279211443e+21
1.9204369714302395e+21
1.916468715388807e+21
1.9148226857276164e+21
1.904680966667618e+21
1.902367337275037e+21
1.89598043003605e+21
1.9061120061779925e+21
1.888678660390492e+21
1.8957379415255904e+21
1.8876742376648773e+21
1.885376773445668e+21
1.8829079378781382e+21
1.87846335089792e+21
1.877375263553937e+21
1.8779476756487267e+21
1.8752791695878337e+21
1.8662511302749334e+21
1.862295494785945e+21
1.8683630555719941e+21
1.8517411061353818e+21
1.865208832800127e+21
1.8497521581284364e+21
1.848293691172657e+21
1.8452404317293547e+21
1.845997729244312e+21
1.8417177560309964e+21
1.8334655992184342e+21
1.8269901168228227e+21
1.8295701502799894e+21
1.8229488398446994e+21
1.8208849060311678e+21
1.8239147768676845e+21
1.8268333221689355e+21
1.819016636602028e+21
1.8196859437300798e+21
1.815056390596561e+21
1.8032810136824877e+21
1.810954787421394e+21
1.7963074373138446e+21
1.796002150426895e+21
1.791032194766599e+21
1.7939841308552038e+21
1.7874283222653663e+21
1.7889475899980917e+21
1.7824789731917378e+21
1.7790866575011983e+21
1.7777343524331468e+21
1.7748904045466537e+21
1.7719339550395272e+21
1.76507586305348e+21
1.763457329569956e+21
1.7551960400944866e+21
1.7639499096882115e+21
1.7548256692105964e+21
1.7503675496117303e+21
1.745610900707332e+21
1.75566617531082e+21
1.7450121903400092e+21
1.738952554492839e+21
1.7369845032754437e+21
1.7382509639305401e+21
1.734747880199747e+21
1.733305595873152e+21
1.7257922595980058e+21
1.7177031684399746e+21
1.7246829874435664e+21
1.7236560718125455e+21
1.7181353961774677e+21
1.7170639311309468e+21
1.710177844385588e+21
1.7185694622302158e+21
1.7052998350357078e+21
1.7052848524936335e+21
1.6985310557143638e+21
1.7027015657094106e+21
1.6936979514421637e+21
1.6877732555716194e+21
1.684544640490791e+21
1.6837364200067915e+21
1.6768984665734382e+21
1.6741749103348327e+21
1.6830773987162608e+21
1.6679465182382538e+21
1.6681943602282124e+21
1.6656163341894843e+21
1.6671791389005843e+21
1.6659079848138994e+21
1.6583411813850378e+21
1.6537363053154654e+21
1.653536372984915e+21
1.650200354471694e+21
1.6548604814608229e+21
1.650149370407308e+21
1.6458436913280964e+21
1.637124428973659e+21
1.6289647105072276e+21
1.6232337370619338e+21
1.6339468677804673e+21
1.624361528742457e+21
1.6318207749095786e+21
1.6211342817609342e+21
1.619770647870564e+21
1.6168471331176894e+21
1.6112996879031405e+21
1.6101008085171618e+21
1.6122045448561793e+21
1.609327153814895e+21
1.5985149668153135e+21
1.609492668738119e+21
1.6071975763274343e+21
1.597433395944338e+21
1.5889266559252237e+21
1.5850965833685787e+21
1.5826557087397236e+21
1.5835722861798742e+21
1.5743620430960027e+21
1.5796731115164467e+21
1.578328587376821e+21
1.5759716904799712e+21
1.575341162530397e+21
1.5693850080127463e+21
1.5683517973793394e+21
1.5655285575414236e+21
1.558700849579025e+21
1.5660162053016568e+21
1.548937142684843e+21
1.5460088908608485e+21
1.5564452094865879e+21
1.5456434534259687e+21
1.54732162469293e+21
1.5396920796189688e+21
1.539600596978573e+21
1.5371754620376598e+21
1.5329258761209583e+21
1.5362761582149755e+21
1.5270070552223115e+21
1.5261953643045876e+21
1.5217231895036866e+21
1.5146109943459314e+21
1.5118689753126325e+21
1.514829028354054e+21
1.511221578502245e+21
1.5116080665560228e+21
1.501583731289219e+21
1.5033339677871364e+21
1.4963393124339e+21
1.4934532644005995e+21
1.4946522419755237e+21
1.4900485583561435e+21
1.4809449004634533e+21
1.4844873110488414e+21
1.486672211461085e+21
1.4763625685757366e+21
1.4824789827260575e+21
1.4769888078503747e+21
1.471952399002845e+21
1.4719966069390128e+21
1.4677659365771413e+21
1.4677690077091547e+21
1.4602450059325656e+21
1.458911991719313e+21
1.447828855597964e+21
1.4519880956840593e+21
1.4498729574265085e+21
1.4550119213545064e+21
1.4426760743033766e+21
1.4501036196239932e+21
1.4407213876924336e+21
1.4415809719047417e+21
1.4330083983797372e+21
1.4275504545708643e+21
1.4281388103684045e+21
1.4343477326881062e+21
1.4253803795983822e+21
1.4183393070577075e+21
1.4179228004613554e+21
1.4150253221438263e+21
1.4124039205929896e+21
1.4088516889310887e+21
1.4077726164232784e+21
1.4147861393278606e+21
1.4039108299282692e+21
1.4044496930424045e+21
1.3960958572129642e+21
1.3928308718557848e+21
1.3922118494686308e+21
1.3893270440709836e+21
1.385565431029023e+21
1.386566060388382e+21
1.391127625314154e+21
1.3797053227557511e+21
1.3850702816333642e+21
1.3808224914833744e+21
1.3734308549510656e+21
1.3731890373983994e+21
1.3695852892698307e+21
1.3577187842865533e+21
1.3629040028447358e+21
1.35478835375896e+21
1.3604291777515385e+21
1.355190098192871e+21
1.3594246513820372e+21
1.3552255847687138e+21
1.348832111962247e+21
1.3468358903364266e+21
1.3404376073626253e+21
1.339805704767816e+21
1.3317222583831552e+21
1.3320621721471817e+21
1.340312389182579e+21
1.3235557845172824e+21
1.3225247820441578e+21
1.3271687547697973e+21
1.3178481931328445e+21
1.3210710968900174e+21
1.315582916340914e+21
1.311450060715426e+21
1.3142385885791791e+21
1.3089553130852146e+21
1.3015156381568808e+21
1.3065949621194643e+21
1.3087469201405384e+21
1.3047035779215977e+21
1.295610241869042e+21
1.2906501269230482e+21
1.2960099570647483e+21
1.2953167791130906e+21
1.290269675307434e+21
1.2788717661560245e+21
1.2804598185179422e+21
1.2761291132585338e+21
1.2820469959072584e+21
1.267674422108369e+21
1.267206375043607e+21
1.2714551814491813e+21
1.2639295950121127e+21
1.2608051725851634e+21
1.2642937821744215e+21
1.251937972219711e+21
1.2474975517237408e+21
1.2524052354093925e+21
1.2610624379864062e+21
1.2530971003566532e+21
1.2575122797477348e+21
1.2461406219563625e+21
1.2352644506760286e+21
1.2374493167221413e+21
1.2285157771777302e+21
1.229435065723761e+21
1.239367740519079e+21
1.2270979146238237e+21
1.2257966721713145e+21
1.2262046030542773e+21
1.2176519111542267e+21
1.2097222444773362e+21
1.2205178522734931e+21
1.2132786698981925e+21
1.2146952025373834e+21
1.2089031921161805e+21
1.218087112380282e+21
1.2021635869124807e+21
1.2076908990292768e+21
1.1958182894210685e+21
1.195425193796762e+21
1.196756828455332e+21
1.202388746710566e+21
1.1884041758026836e+21
1.184718247345304e+21
1.1903211884062785e+21
1.1950046789094626e+21
1.1756541459602422e+21
1.1756823938288351e+21
1.1767727296996669e+21
1.1855413560008916e+21
1.1722182240135723e+21
1.1680933178742e+21
1.1633009009189821e+21
1.1602686189983627e+21
1.1641208997124723e+21
1.1577800872738867e+21
1.1625743392713946e+21
1.1530564216727188e+21
1.147485273646759e+21
1.1542328239726212e+21
1.1474263128215502e+21
1.1423463849969526e+21
1.140791107559503e+21
1.1396135575399281e+21
1.1354028991761103e+21
1.1349946671803818e+21
1.1324815047589613e+21
1.1244275968820306e+21
1.1301998713252154e+21
1.1389972380762425e+21
1.1243677398099484e+21
1.1278812670260693e+21
1.1172823447793361e+21
1.1253519497956656e+21
1.1206342955399305e+21
1.1017814343512768e+21
1.1095065227240187e+21
1.1131126230233231e+21
1.1057877544283679e+21
1.0994098647530246e+21
1.0978679819242052e+21
1.1089304432721198e+21
1.0972464802661808e+21
1.1004116472869972e+21
1.0951917276645348e+21
1.0910084269228719e+21
1.0874653748363742e+21
1.0784132399562815e+21
1.084044738181027e+21
1.0806958252773033e+21
1.0856848655956129e+21
1.0816131849560518e+21
1.0738514437409937e+21
1.0800083602857832e+21
1.0682492407335918e+21
1.0705360601801353e+21
1.0544434380745808e+21
1.0653337103784575e+21
1.0734866701724832e+21
1.0690546819249435e+21
1.0604112050715032e+21
1.0561387029459418e+21
1.0569664002982428e+21
1.0599460780368775e+21
1.0493480662198657e+21
1.0404729310966394e+21
1.0420014149528756e+21
1.0425680879038087e+21
1.0424263314323981e+21
1.0363792075843383e+21
1.0356195071676904e+21
1.0348684271949513e+21
1.032246764352421e+21
1.0264853648804294e+21
1.0262980378284871e+21
1.021762928823055e+21
1.0222947861559384e+21
1.0201537631104131e+21
1.0147696601159248e+21
1.0210833200381523e+21
1.0053525640173372e+21
1.0054463044579823e+21
1.0030068955718839e+21
1.0018812804129828e+21
1.0030714095274471e+21
1.006823764988342e+21
9.997111350717565e+20
9.920535990569427e+20
9.950239019332718e+20
9.967520830120838e+20
9.92058438680961e+20
9.917963483840418e+20
9.887453581963655e+20
9.810348863391292e+20
9.847359691692376e+20
9.754966779768685e+20
9.697744537121008e+20
9.724079745062662e+20
9.792901424217168e+20
9.751120849697364e+20
9.641503409325292e+20
9.660984750678514e+20
9.654139617451278e+20
9.661851028103931e+20
9.585190456316042e+20
9.553816595363961e+20
9.549781466104805e+20
9.469047291356002e+20
9.45405549770108e+20
9.46314611391985e+20
9.47158572106603e+20
9.436453465487421e+20
9.536827262169374e+20
9.402743400413232e+20
9.373120837490668e+20
9.313142643889331e+20
9.318582267822977e+20
9.311436987354587e+20
9.234648513555477e+20
9.342299769391105e+20
9.309715189648211e+20
9.234005305049104e+20
9.167564544171437e+20
9.200608353611798e+20
9.122583353694068e+20
9.12217553136444e+20
9.189065430297969e+20
9.108612430504099e+20
9.10226814272234e+20
9.129489625904618e+20
8.860987792685966e+20
9.164532644096715e+20
9.106511383451195e+20
9.023526101666266e+20
9.03089639301284e+20
9.011145386631058e+20
8.958290806470835e+20
8.946043988427455e+20
8.970560153422234e+20
8.900354015593035e+20
8.857098839491751e+20
8.932105854890295e+20
8.740322230370461e+20
8.698167997819073e+20
8.742363742192824e+20
8.801472112656827e+20
8.668096645956897e+20
8.641658737833333e+20
8.659217648735154e+20
8.667913479934263e+20
8.644396272904794e+20
8.647941144759746e+20
8.604790861726819e+20
8.600744097077638e+20
8.557645848730812e+20
8.574605048829055e+20
8.559733187515954e+20
8.592395178332384e+20
8.525244560474206e+20
8.385320278419327e+20
8.50374710005088e+20
8.488595902098101e+20
8.440111559157678e+20
8.322628933334629e+20
8.450836568556624e+20
8.389820725090563e+20
8.359569365616827e+20
8.26276252239265e+20
8.243950987840111e+20
8.164698942491931e+20
8.169310386310961e+20
8.198408527531276e+20
8.218645089157767e+20
8.124550213694667e+20
8.135244200841819e+20
8.002795741430014e+20
8.157096439744511e+20
8.132468950305455e+20
8.000419279840305e+20
8.099390076501716e+20
8.065938062885827e+20
8.025489754161315e+20
8.041290793829221e+20
7.958943652910095e+20
7.959610339484294e+20
7.976085053506345e+20
8.047594736864317e+20
7.89038436189231e+20
7.917759696242091e+20
7.904883988913536e+20
7.875090211744964e+20
7.702560473886417e+20
7.828757985018915e+20
7.858297496458527e+20
7.855146051342825e+20
7.805614725132925e+20
7.819055526206875e+20
7.794617950552978e+20
7.611965156079981e+20
7.6528246037385e+20
7.70644276114223e+20
7.651866928769773e+20
7.665451042064423e+20
7.586863299481046e+20
7.629026069015738e+20
7.678919352407898e+20
7.515312365856138e+20
7.54157040819662e+20
7.529504612383902e+20
7.580554468818449e+20
7.370609266014973e+20
7.463131945539845e+20
7.394446018057247e+20
7.443299229590695e+20
7.410667350050843e+20
7.388038000195007e+20
7.315041370723147e+20
7.338500869927448e+20
7.322358421841568e+20
7.524587348184654e+20
7.314219180134198e+20
7.261454230116269e+20
7.220260869129275e+20
7.252427802193061e+20
7.305513737328327e+20
7.23008370213339e+20
7.328236672158979e+20
7.118681164914831e+20
7.157362307185268e+20
7.090066195129827e+20
7.17388599567129e+20
7.122082053591289e+20
7.013803724965975e+20
7.050441489824088e+20
7.049515753537312e+20
6.975915158407575e+20
6.959604970873365e+20
7.099622303318802e+20
6.824471556570343e+20
6.887085032366425e+20
6.928754964309627e+20
6.891309295354117e+20
6.82501439960973e+20
6.867991624626453e+20
6.852794605165837e+20
6.814462731883942e+20
6.867284713314303e+20
6.718377479219245e+20
6.701531796451726e+20
6.699614373636537e+20
6.849782893829271e+20
6.703273362865768e+20
6.685572508933541e+20
6.717964180128443e+20
6.608421461543791e+20
6.734903597881664e+20
6.649701616103547e+20
6.625326946833979e+20
6.674498639666657e+20
6.642749034167905e+20
6.617743432737604e+20
6.559315637128627e+20
6.585159354849321e+20
6.607344901581995e+20
6.556334080708172e+20
6.538501675408922e+20
6.591095012970121e+20
6.331984715085602e+20
6.390561776983827e+20
6.421685556147006e+20
6.391948251259372e+20
6.420826121945586e+20
6.230256590097828e+20
6.327025925144876e+20
6.284280240571206e+20
6.255429380027377e+20
6.294910407631341e+20
6.304389118384134e+20
6.292142390347286e+20
6.192420693726204e+20
6.248324059732279e+20
6.191755823647494e+20
6.215701739977247e+20
6.210263637972256e+20
6.17875054782312e+20
6.11293992541221e+20
6.115689739556783e+20
6.007085598190986e+20
6.139728859015452e+20
6.125063306313914e+20
6.058382255267175e+20
6.067290542796816e+20
6.009560396009476e+20
6.044522970180614e+20
6.01691849283453e+20
5.887402279900314e+20
5.931605792110632e+20
5.940140849821589e+20
5.860219723179932e+20
5.8579917641876754e+20
5.9322168901044e+20
5.771851955245148e+20
5.956530507669718e+20
5.886690767345086e+20
5.7959483925006726e+20
5.847729088347859e+20
5.813163693915662e+20
5.815409984238524e+20
5.826614523899392e+20
5.70218991781933e+20
5.816536582377867e+20
5.799767746097449e+20
5.7292013748474734e+20
5.669416223440195e+20
5.663931961721e+20
5.810292818256397e+20
5.700910240386694e+20
5.569361557195499e+20
5.585445648318184e+20
5.5987093547192864e+20
5.630509969375156e+20
5.519846958563431e+20
5.556468737715744e+20
5.516452154874115e+20
5.540547940264142e+20
5.525420345842839e+20
5.448150009794355e+20
5.457791253253902e+20
5.38920317378283e+20
5.388347806240231e+20
5.449820877440264e+20
5.4040267970490506e+20
5.296563278476959e+20
5.383635686022556e+20
5.336586082679266e+20
5.365561763192417e+20
5.376589385466034e+20
5.270302012266105e+20
5.3988612102795054e+20
5.2501849384037096e+20
5.25100442879666e+20
5.2787750745679476e+20
5.1286005430297815e+20
5.201977998326236e+20
5.1900397363161924e+20
5.099017959372804e+20
5.123101861172971e+20
5.1882992445256086e+20
5.122367159661813e+20
5.12904529531275e+20
5.101034580297518e+20
5.0439503585773735e+20
5.0365515542520535e+20
5.0133203498006656e+20
4.974833509815749e+20
5.130979350244295e+20
5.044532488104789e+20
5.0425729504144517e+20
5.0697708246103104e+20
4.920037175074182e+20
4.941507104408218e+20
4.867371090414352e+20
4.935788850249807e+20
4.8909894947893713e+20
4.80223961366382e+20
4.883520995405138e+20
4.727468213549561e+20
4.842120082079938e+20
4.968163774774582e+20
4.764132644888752e+20
4.8069722553710766e+20
4.7489803750399856e+20
4.8867904036288116e+20
4.7203748013915596e+20
4.760139510496035e+20
4.685248587160561e+20
4.735042432425774e+20
4.790780232777671e+20
4.606683567135624e+20
4.678020958896659e+20
4.704314368349766e+20
4.6540563184805197e+20
4.671021925407448e+20
4.609292589242427e+20
4.552854467147603e+20
4.5863603073978466e+20
4.533891530696255e+20
4.6860495116604264e+20
4.729485388150828e+20
4.541416485996602e+20
4.514069228230255e+20
4.480536661494577e+20
4.4792898173542826e+20
4.4959344773484636e+20
4.5179157556176604e+20
4.411683414594137e+20
4.472291285719681e+20
4.410804604440832e+20
4.4059121520425835e+20
4.311477387362692e+20
4.388734530635378e+20
4.3489995482341114e+20
4.36354196381575e+20
4.290913611075774e+20
4.4351135253015967e+20
4.2996594913623114e+20
4.300435767709419e+20
4.2730038901644624e+20
4.297836474490619e+20
4.23945849067912e+20
4.266722407850619e+20
4.300741544450107e+20
4.2062245301636484e+20
4.144500629847742e+20
4.160131821732464e+20
4.1251074403476904e+20
4.211902445030338e+20
4.014072249793504e+20
4.190985180357698e+20
4.1326967803214896e+20
4.135069979856235e+20
4.080497889573585e+20
4.0821901187700516e+20
4.0327914267330445e+20
4.074188082476475e+20
4.058825611915449e+20
4.060579051009468e+20
4.0653828251526994e+20
3.867505856520753e+20
4.0529646046678326e+20
4.007731796835558e+20
3.9577595149819104e+20
3.8885381495428874e+20
3.847510806970209e+20
3.8872378087921936e+20
3.965128287127303e+20
3.8528459605934565e+20
3.915592386949032e+20
3.860802794515047e+20
3.9014029851732135e+20
3.8425033807718796e+20
3.828986153241317e+20
3.7491045503776404e+20
3.7641213740312186e+20
3.7639349705008565e+20
3.871298161790551e+20
3.790630559146705e+20
3.779141980686664e+20
3.696789092986764e+20
3.830561049375545e+20
3.69509799841811e+20
3.648692798213362e+20
3.7132093885133174e+20
3.748120290751956e+20
3.6918970878937104e+20
3.6367892650878e+20
3.5391467112023917e+20
3.603749467756845e+20
3.6297445437368166e+20
3.705978978229297e+20
3.563138083558906e+20
3.670442767874518e+20
3.4715205233697554e+20
3.6547146662281924e+20
3.569996259551051e+20
3.690187828370164e+20
3.461402678951822e+20
3.4917901637609515e+20
3.46536914413599e+20
3.465336940889381e+20
3.447758699038942e+20
3.4075283806830205e+20
3.259735036077558e+20
3.4722248408572645e+20
3.54371903354537e+20
3.4186688929690996e+20
3.4251064697951e+20
3.3264812450356933e+20
3.405350840350473e+20
3.403746432983222e+20
3.3614636110979976e+20
3.302025196222713e+20
3.2682168508328916e+20
3.307027959809873e+20
3.208622412359688e+20
3.232711301340038e+20
3.248977798884767e+20
3.2216149795343145e+20
3.3313220555036217e+20
3.2387354549753184e+20
3.2372573226830116e+20
3.125194160693895e+20
3.2444651890579236e+20
3.100497677155896e+20
3.173882676636319e+20
3.0752637141496496e+20
3.308522557842822e+20
3.140569957676783e+20
3.159393403093888e+20
3.0904563751120804e+20
3.180567719606815e+20
3.092725596644891e+20
3.083723514125192e+20
3.049034703007348e+20
3.043503906546727e+20
2.9421214161927825e+20
3.020905370291175e+20
3.0544415932013314e+20
2.973983794422757e+20
3.003804096243931e+20
3.0332989603518435e+20
2.9707360941384204e+20
3.1255747751395105e+20
2.8323928845751776e+20
2.9847273492587584e+20
2.9513134534097007e+20
2.9549847408043386e+20
2.853812702089958e+20
2.8733079849096872e+20
2.8663025541379382e+20
2.8924818462167666e+20
2.7353275044029147e+20
3.024923975169066e+20
2.8233580669520822e+20
2.924891325067898e+20
2.861676823827359e+20
2.807897711558676e+20
2.704587563555724e+20
2.7681035566804743e+20
2.7684957287832e+20
2.8153122997569634e+20
2.7743701006372687e+20
2.658494128253596e+20
2.7446386775402083e+20
2.7436162101411594e+20
2.7188808274159718e+20
2.7364928448998808e+20
2.6409689725292154e+20
2.8050130662635592e+20
2.643090729267178e+20
2.6409882052888887e+20
2.584260264884469e+20
2.6279995929467834e+20
2.6353187660374134e+20
2.6289893197874948e+20
2.469488638570396e+20
2.5769085135200086e+20
2.543675858099269e+20
2.5877887419130157e+20
2.5139363235043335e+20
2.599997841764022e+20
2.5348981264098443e+20
2.6451399980162253e+20
2.5647735735974593e+20
2.5132690109756083e+20
2.5313712885911912e+20
2.531074753884985e+20
2.4952916869754133e+20
2.4293535184882113e+20
2.5590662961448993e+20
2.5307262267684736e+20
2.4185055738021986e+20
2.3800018480461506e+20
2.3984978892436157e+20
2.440480566615157e+20
2.440637434365259e+20
2.4482469330750358e+20
2.4649564373214822e+20
2.4106940881581896e+20
2.517063499585706e+20
2.398754030108687e+20
2.418198506967867e+20
2.222608652076553e+20
2.3916764290983602e+20
2.3968943205736068e+20
2.1553425026505366e+20
2.382271369600739e+20
2.2599937302703617e+20
2.3095345971727853e+20
2.278583327804199e+20
2.370271686314164e+20
2.19231880389997e+20
2.290738260087013e+20
2.20778043165846e+20
2.2603758639171594e+20
2.294260238916606e+20
2.195217678409753e+20
2.1759838277482617e+20
2.1191785308197195e+20
2.034761775583826e+20
2.3330704519194608e+20
2.1178231278904413e+20
2.1657326141040817e+20
2.209605082285104e+20
2.2143936698714525e+20
2.2503235278906088e+20
1.9830091658662196e+20
2.1223835843721193e+20
2.0693450581326397e+20
2.0523009164142445e+20
1.9814445332042534e+20
2.0544988800474277e+20
2.0349624315123545e+20
2.0534286600912834e+20
2.0480975601713703e+20
2.1758164776463742e+20
2.0413225004396085e+20
2.0438873211561735e+20
1.9008551871498623e+20
2.027712918705387e+20
1.961645204223998e+20
1.985712394811158e+20
1.94687186665329e+20
2.1543722144935366e+20
1.8250145305584855e+20
1.8681275365674258e+20
1.9016106249389195e+20
1.8582193698692442e+20
1.9575957932463663e+20
1.9477712739834875e+20
2.0157321552012218e+20
1.8806050461286004e+20
1.8940142624099235e+20
1.9191282719364504e+20
1.9155049512053588e+20
1.9064985872385212e+20
1.8338273368393033e+20
1.912357118624605e+20
1.830653078476761e+20
1.8015719614467152e+20
1.7184016698689536e+20
1.8912345633688414e+20
1.808477426325936e+20
1.8101582717415496e+20
1.839379837148056e+20
1.8110421556722323e+20
1.8197070143958873e+20
1.6729937277334002e+20
1.7938848661953937e+20
1.651661779778573e+20
1.7423420712529415e+20
1.6707472703529573e+20
1.6603540577652212e+20
1.6896764714010286e+20
1.5769857265852046e+20
1.7231353875634032e+20
1.8315306817242785e+20
1.6878086490043377e+20
1.7126995268799952e+20
1.6856735324329964e+20
1.6888383176079144e+20
1.6965430848237984e+20
1.6767475804393384e+20
1.6387329720047393e+20
1.566663744622389e+20
1.645195287671898e+20
1.622564165641971e+20
1.7077135160997708e+20
1.6623165383964495e+20
1.5236102827082672e+20
1.6230653895240096e+20
1.5894984914327064e+20
1.577206167586224e+20
1.6325020904092746e+20
1.4801766966113898e+20
1.5158191528599942e+20
1.545020115634666e+20
1.6121963935372316e+20
1.5606140564063725e+20
1.4885206574967705e+20
1.5848499315104622e+20
1.5064203004038287e+20
1.537376241247864e+20
1.4229710076652855e+20
1.5931228022356636e+20
1.5398437785393388e+20
1.3687994232720992e+20
1.4573747933214287e+20
1.5275181890964082e+20
1.4456775415327231e+20
1.3808267787945748e+20
1.364911340141039e+20
1.4258509726206735e+20
1.3490347106681582e+20
1.3714190791053115e+20
1.301187482382688e+20
1.3604721892826818e+20
1.287545601940383e+20
1.3087205355435573e+20
1.4438466190871939e+20
1.3589328730037954e+20
1.2583772890356477e+20
1.3403117472723486e+20
1.3007671593729525e+20
1.3263352784525677e+20
1.3583979628129524e+20
1.067346428019846e+20
1.3864545354750077e+20
1.3806878346182078e+20
1.2651065218046316e+20
1.251385345606533e+20
1.1734221638123227e+20
1.2377629058935423e+20
1.1246081044389704e+20
1.3072843237941123e+20
1.295139477697964e+20
1.1883826583771747e+20
1.2488759938026204e+20
1.2121194704378914e+20
1.1900003614822426e+20
1.2674631894575687e+20
1.1454173401338126e+20
1.3478969391041402e+20
1.0625774526525324e+20
1.3012981235955538e+20
1.1919825412706345e+20
1.157019287959292e+20
1.2198625589581083e+20
1.2417290649191236e+20
1.0547241361312612e+20
1.1900369426602659e+20
1.1146206982390784e+20
1.1054964724216185e+20
1.2157065836544462e+20
1.2487503255899079e+20
1.1736708385672741e+20
1.1660771919172323e+20
1.115474604880181e+20
1.1049364797283086e+20
1.2419829525524591e+20
1.0631875206851764e+20
1.099039501574239e+20
9.367183217636563e+19
1.0470309163444727e+20
1.072222072720812e+20
1.2539060972151888e+20
1.0293426357112598e+20
1.0180849373054257e+20
1.0140615388977709e+20
1.0391649085610793e+20
9.312386302625604e+19
1.1361429718271402e+20
1.1726399105540997e+20
1.0240720457517289e+20
1.087029198539542e+20
9.011136365521702e+19
1.1138492471285809e+20
9.649471727262284e+19
9.55270242017181e+19
8.764645353171183e+19
9.090952055646465e+19
8.308127382082822e+19
9.67598927480295e+19
8.546348566883577e+19
9.917061569964641e+19
9.562942269127431e+19
9.883845889639701e+19
9.366425031920771e+19
8.97837228274933e+19
1.0106533276443387e+20
1.004194180616271e+20
8.089712919071667e+19
9.188312688613702e+19
1.1035082240109088e+20
9.868966176620308e+19
8.34829948666776e+19
8.236547023822086e+19
8.211208838023409e+19
8.545312799655505e+19
8.827547513330916e+19
7.993166719084826e+19
8.679476309693029e+19
9.04189923826071e+19
8.653362690335693e+19
7.860431387713654e+19
8.936136181755406e+19
9.296893965592584e+19
9.239498469914545e+19
7.969616613644653e+19
8.315783646346232e+19
7.539445839095428e+19
8.972760706106984e+19
7.801521961690312e+19
9.209725350268156e+19
7.740671860141225e+19
7.686006808110816e+19
8.805468487966609e+19
8.31515226926684e+19
7.085365043776524e+19
8.543083417946341e+19
7.091035206489604e+19
7.039563448180718e+19
7.001071513280526e+19
8.16660701246914e+19
8.446152895176529e+19
6.5006233920969466e+19
7.614950569144014e+19
8.673160046672762e+19
6.313914386720918e+19
5.9527723227174986e+19
7.342546258226725e+19
7.79852529303655e+19
7.3485082125744546e+19
7.248851178828836e+19
8.062973467923815e+19
7.666106056768676e+19
7.558715700893565e+19
6.730175265237188e+19
6.282175689741249e+19
7.419091980314452e+19
7.42537301975524e+19
6.989188346178715e+19
7.303493971288957e+19
6.520771531850667e+19
5.737217125204687e+19
7.615449171244838e+19
7.563413389040941e+19
7.124284351175421e+19
5.576088528891269e+19
9.002217486882382e+19
7.393621341719685e+19
7.014145771953027e+19
7.374980385230613e+19
6.503716425700039e+19
4.959331667547324e+19
6.8850906773192745e+19
7.614799255888001e+19
4.531609971620179e+19
6.019216983196406e+19
6.771144467169192e+19
6.349610622384541e+19
5.1059817668959986e+19
7.477118420085906e+19
5.0887949332860215e+19
5.792310473664502e+19
5.4177168020072686e+19
4.193383994592631e+19
5.683717369690779e+19
4.922741632915141e+19
5.664218532465321e+19
6.412158498589439e+19
5.247946885553776e+19
5.584370168946187e+19
5.53451014808207e+19
5.509988633494438e+19
6.6442336435212665e+19
5.490057816901788e+19
5.036141869059934e+19
5.031272331506809e+19
7.669621983852175e+19
6.579931055857267e+19
5.70913440411052e+19
6.904423140536423e+19
6.105782028005275e+19
5.232789566304401e+19
6.8499499021449855e+19
5.196194774792842e+19
5.168020613538635e+19
6.361463223915434e+19
6.739497579410442e+19
4.7032514686692925e+19
5.50108807749191e+19
5.0625791096350425e+19
5.063791692822549e+19
4.219854548239226e+19
4.2306893599833285e+19
5.314056670162748e+19
5.355693031032784e+19
5.328992365370686e+19
4.122992683151891e+19
6.111331887951919e+19
6.460430173479416e+19
3.65738886320785e+19
4.0204179989881586e+19
4.811423033096113e+19
4.013823842927316e+19
5.9574341659334754e+19
3.5497724703289356e+19
6.753631296803421e+19
5.523930230407992e+19
6.342378575277163e+19
3.5046926397655024e+19
4.692510294403816e+19
5.467431247531867e+19
5.023866389390655e+19
3.812913312253421e+19
4.1978537599459115e+19
6.126378510671913e+19
4.568032251035842e+19
4.972841043456829e+19
4.111767338514955e+19
4.5486503822438834e+19
6.178420886962405e+19
4.910893733714208e+19
4.471309106813211e+19
4.894001123236398e+19
4.4844686439058784e+19
4.502527374468492e+19
4.05594011867526e+19
4.84478725232796e+19
5.225190924334381e+19
5.18294414944778e+19
3.5885303176415486e+19
5.191472846569204e+19
4.792630391733146e+19
4.357304449309849e+19
4.370912334003275e+19
3.965666144882951e+19
2.3144651804851274e+19
3.913855974687521e+19
4.3201845473457635e+19
3.4662649497985053e+19
3.44893220385722e+19
4.708772536753312e+19
4.26563034627711e+19
3.4537549259738284e+19
5.917579836669675e+19
5.506117549452394e+19
4.6573332961811915e+19
4.256756056243635e+19
5.0546787324819005e+19
4.662956967717798e+19
4.243963789861673e+19
5.03011017339283e+19
4.237596951117739e+19
4.6726349147719246e+19
5.085204864386174e+19
3.831163094361336e+19
3.843486503521718e+19
3.4238208304737456e+19
4.639586459564656e+19
3.000690827748765e+19
5.9006252759564845e+19
2.2069569092061463e+19
5.478519250221662e+19
5.070340764059e+19
3.014567622462112e+19
3.83998448003976e+19
4.640558469235109e+19
5.878879776364113e+19
4.275335867314267e+19
4.692834008366246e+19
3.868864362139732e+19
3.4327621778249544e+19
5.9211391870045454e+19
5.876429503727807e+19
4.6551887314062836e+19
3.8381954189104914e+19
6.2677890163273e+19
3.4226359931212325e+19
4.662334406867834e+19
5.073381223746509e+19
4.664494256292682e+19
6.3194755508084015e+19
4.265788763848515e+19
4.286003842392189e+19
5.064555195774443e+19
4.633853976596439e+19
5.063999712112262e+19
5.080387572546543e+19
3.0037827063319392e+19
6.320272791507492e+19
3.4353315044509733e+19
4.229853363150757e+19
3.823738209588243e+19
4.668418853842659e+19
5.056227231707174e+19
5.049825683288249e+19
4.246750832255386e+19
3.825602965008051e+19
4.659765378132755e+19
4.662324253378698e+19
4.655553155053088e+19
3.415655961643411e+19
4.245065091764996e+19
5.044675210499296e+19
3.861400864105745e+19
4.653882730163039e+19
5.077009096935178e+19
4.25080958359495e+19
3.850579006036277e+19
4.654608989236107e+19
5.043939360691008e+19
4.253322121830438e+19
5.058020089081458e+19
5.0771049517622534e+19
3.8475274831522636e+19
4.642761915947397e+19
5.882990646206232e+19
5.074623143651531e+19
3.85012132057732e+19
3.8479255410941534e+19
4.249752051044113e+19
5.052504482171544e+19
5.027640755616846e+19
3.846501401854531e+19
4.6782574201549914e+19
5.483633787731748e+19
5.9035829196184715e+19
4.231371529332644e+19
4.23206187502119e+19
4.244273774738071e+19
5.496682168140895e+19
3.011103847495112e+19
4.673125343623232e+19
4.637839523740982e+19
5.0687675730201305e+19
5.4945587046668304e+19
5.501987026212825e+19
4.667033188294141e+19
4.277052180726961e+19
4.672637744895677e+19
4.244657953529767e+19
4.670471053994117e+19
3.025347540928386e+19
3.858076719497731e+19
4.656760595839627e+19
5.473974353118673e+19
5.882731905816533e+19
4.254783175201939e+19
5.067947073335168e+19
3.8306554101026914e+19
5.064899357829792e+19
4.241428022685109e+19
5.48986700209242e+19
5.079209477480302e+19
5.476778071065843e+19
3.861319851460413e+19
3.8485326143852724e+19
4.23331583596358e+19
4.672003935945873e+19
3.0187188912061022e+19
5.079868894716477e+19
3.868280053000982e+19
4.6778450985001935e+19
5.0760643867960164e+19
4.253586230756126e+19
3.849502285249596e+19
5.057165316436444e+19
5.871284778071216e+19
4.687304730275782e+19
4.266463960674675e+19
4.654822190933242e+19
5.0739784985991225e+19
3.419618617637731e+19
4.257486333221985e+19
4.2348079418021356e+19
5.056759848883564e+19
4.635881113103333e+19
3.0246531481953694e+19
4.69236123280272e+19
3.438578766880374e+19
4.654166005643311e+19
3.4467265642478313e+19
4.2491344913206575e+19
5.488228835296711e+19
4.2590403997370204e+19
5.49054000309158e+19
4.664285927285885e+19
4.26865686571269e+19
3.833101313032612e+19
3.4276149654821827e+19
5.872402680522552e+19
4.258244334886775e+19
4.23487086577652e+19
4.652597031103683e+19
3.843596564955284e+19
4.244692146263826e+19
5.103291755231478e+19
4.254006245369896e+19
4.642529927037844e+19
5.056130993542614e+19
5.4696691552505274e+19
3.4357591754265997e+19
4.245567211717049e+19
5.477562387282758e+19
4.241045320030389e+19
4.620648379715144e+19
2.188010097375155e+19
3.0061302490505134e+19
5.474874029573519e+19
4.648432451663404e+19
4.232824466667588e+19
3.4597953255220056e+19
5.10671158201554e+19
6.322645156553398e+19
3.4283534420791505e+19
4.650773207454681e+19
4.656701884795333e+19
3.024114521633916e+19
3.828193393414352e+19
5.082431330323835e+19
4.251849227027676e+19
3.837715366487088e+19
4.659531412925631e+19
5.846114807856284e+19
4.247335512745665e+19
3.4276149020365263e+19
5.0714430281948094e+19
2.6075263837629256e+19
3.8497204139734e+19
5.492631444727799e+19
3.446381480019721e+19
4.254412650490832e+19
3.841561925293678e+19
4.242837865183856e+19
3.842084406773416e+19
4.256669508750526e+19
4.245771632130475e+19
4.256636311170379e+19
5.0658891814530966e+19
5.938162704409845e+19
5.059506010007295e+19
5.092349135360124e+19
4.272152835168561e+19
4.2670503700724105e+19
5.0779363330964505e+19
3.825778695253025e+19
3.851237108333254e+19
4.237711978039572e+19
4.652610124081754e+19
5.454650315601894e+19
4.258214250139111e+19
7.123518463604415e+19
5.058572573058572e+19
3.841010551056206e+19
4.643520910475449e+19
5.094414248913407e+19
5.538668098862932e+19
3.833669791228218e+19
6.313974568308743e+19
4.271985990778097e+19
3.415485025034743e+19
4.649958551269161e+19
4.248450908907124e+19
4.25454508219164e+19
5.015265957179426e+19
4.249061100357818e+19
2.614013703571039e+19
4.664892705243067e+19
4.259749190745269e+19
3.847196428564673e+19
3.836895306606777e+19
5.079765235647493e+19
3.4600910088631472e+19
4.675939437572139e+19
5.493156166302667e+19
5.098475722929294e+19
4.657033202274875e+19
3.83700194335994e+19
2.6030739990568972e+19
4.242479915284658e+19
4.672408747414199e+19
5.507861672625175e+19
4.672908226460779e+19
4.6491459600240116e+19
5.892811962704673e+19
5.0792640069710725e+19
3.846758055196432e+19
4.662835066930537e+19
4.251999393254407e+19
4.2512725062770975e+19
3.024243809978009e+19
5.06592758791631e+19
3.854755425842398e+19
4.665900809845311e+19
5.083248984063584e+19
3.860827064199281e+19
5.072462315746567e+19
5.896138755676086e+19
3.862085049546003e+19
5.514319506503949e+19
3.7963708988393325e+19
4.2504184946337e+19
5.089766691091601e+19
4.241014742526787e+19
4.241087875019161e+19
5.048236516196269e+19
4.261172002686843e+19
5.0855831457682645e+19
4.65111991687178e+19
4.669699379870272e+19
5.095578275717716e+19
4.668592005935294e+19
4.256567078588216e+19
6.316900118323697e+19
3.442887174427522e+19
4.656118342438093e+19
5.040035936623962e+19
3.022116537314097e+19
4.664172019852272e+19
4.253241802878925e+19
3.848695748350159e+19
5.071940265601404e+19
4.241950199987938e+19
4.647392227471192e+19
5.096096314296836e+19
5.500529512586898e+19
4.27308833977447e+19
5.457722111424066e+19
4.243286615885607e+19
5.051252373458773e+19
5.4892254337015456e+19
4.243270097161714e+19
4.263786439387666e+19
3.825918141401197e+19
4.660329810668934e+19
4.6667119514823975e+19
5.042784267152321e+19
4.658514002587548e+19
4.257372150217942e+19
5.914885513257521e+19
3.020180506425914e+19
4.260411865710808e+19
5.907542527238112e+19
5.4765190784383754e+19
5.063094329064218e+19
2.611885823086019e+19
5.456373299758026e+19
4.690386761464481e+19
5.512617057378864e+19
4.658663313762867e+19
5.476149434082363e+19
3.435123307076601e+19
3.028330650270512e+19
4.669419994924531e+19
4.2480588670624326e+19
5.471552595815686e+19
4.258509005714045e+19
4.2585095561623814e+19
3.452731685294218e+19
5.486565607466712e+19
5.0883109912336925e+19
4.2399631905414504e+19
5.48967953333559e+19
2.614567250036497e+19
5.4620100747670725e+19
5.867668587886114e+19
4.251789587098486e+19
5.913317593588497e+19
3.42286598975194e+19
4.669421884124161e+19
3.0186823609444168e+19
5.0569854394238525e+19
3.839041629747955e+19
3.862371511425888e+19
2.606532473674675e+19
5.5160677057005765e+19
5.072109096038017e+19
5.0780204643275235e+19
4.264529170252953e+19
5.895388531258169e+19
4.6559904889460195e+19
5.097784446917538e+19
4.260794223063474e+19
5.078784320305752e+19
2.6084929673115324e+19
5.878569423758609e+19
3.833588159255261e+19
5.059923902414465e+19
5.05272995045509e+19
4.23812677689833e+19
3.82839895441128e+19
4.682906577755562e+19
5.099295114153115e+19
5.098129428119704e+19
5.4607618479589425e+19
4.233638994257125e+19
3.831145131196659e+19
5.899666144635598e+19
5.475913377192871e+19
3.839974812860781e+19
5.059715630966889e+19
3.005743555498865e+19
4.664731985729004e+19
5.86902739418743e+19
3.823009691215882e+19
4.664047364745767e+19
5.893908231785295e+19
6.7601821918760935e+19
4.675504061651585e+19
4.246824061860631e+19
4.670238077228768e+19
5.488976740152616e+19
2.605849937235503e+19
5.910236733560802e+19
4.242794008946513e+19
5.0791083564506595e+19
4.241594918055835e+19
4.657170646821793e+19
4.263844480923136e+19
5.893477247518743e+19
3.860848805390322e+19
3.834096208632739e+19
4.6424144960561414e+19
3.4246397351210545e+19
4.629163526527716e+19
5.491811016745485e+19
3.01472241366944e+19
4.248710406063402e+19
4.650843553292366e+19
3.817224939174877e+19
3.83963005156094e+19
5.461951772150862e+19
4.2681593046320325e+19
4.690154712731694e+19
4.24405616364772e+19
4.661101080040387e+19
4.644455787603283e+19
5.503944244487646e+19
3.833514682206628e+19
3.0292909886037275e+19
5.909048533641768e+19
4.230784487768994e+19
3.841375319419083e+19
5.857826815677014e+19
4.257063252014882e+19
3.8479472935253565e+19
3.841229722824471e+19
6.327522714042353e+19
6.71561218850029e+19
3.853025361768952e+19
4.68451324498145e+19
5.4686759719373324e+19
4.290493432408902e+19
5.517759921643241e+19
4.689314053895242e+19
5.04053313157364e+19
4.6379463042723365e+19
3.4412631236244816e+19
3.850355593796859e+19
3.0052549620435665e+19
3.826795842006634e+19
3.8417405217268105e+19
5.108291142071401e+19
4.255091972936058e+19
4.646974915130985e+19
5.092550265176033e+19
5.480497117846907e+19
4.662270896007809e+19
3.443875135060485e+19
5.062517645656548e+19
3.0227114363372966e+19
4.6155674169965355e+19
4.628268706089413e+19
5.072381732837685e+19
5.472375152876548e+19
5.465983904228684e+19
2.5866274654539416e+19
5.06720396222211e+19
3.3986745070569255e+19
4.2430891508953735e+19
4.657149116050855e+19
6.308730862633743e+19
5.45393752868925e+19
4.2470168041714156e+19
4.640183235375364e+19
3.854872262909828e+19
4.666010328181927e+19
5.486196826845271e+19
3.4170069210860896e+19
4.240034999731094e+19
4.232504993922103e+19
3.833673299064516e+19
3.422285342775319e+19
3.011730934614673e+19
4.260691634739827e+19
5.060674420048801e+19
5.476738299056067e+19
3.861916275203662e+19
3.0456084902554903e+19
5.0811433830189015e+19
5.080046595026325e+19
5.077044026672307e+19
5.887718859172278e+19
4.6770932419014795e+19
4.646818201962416e+19
3.831191484028574e+19
4.662049000657615e+19
4.212562451176447e+19
3.4397314275897725e+19
6.3279834814899356e+19
6.657461172250197e+19
5.064876603426001e+19
4.248074741794268e+19
4.238511662381947e+19
3.020729361908115e+19
5.1251593297004495e+19
4.245919032691257e+19
4.661264541994281e+19
4.25426286616327e+19
3.836963515108924e+19
4.673061234584134e+19
4.6726118978490786e+19
3.8371823599003296e+19
3.821985949869603e+19
3.846282639526497e+19
3.4384287490664047e+19
6.255875739493766e+19
5.480197233188734e+19
4.2414898576422355e+19
4.658765771199884e+19
5.900393193503209e+19
3.838121763990282e+19
5.056227291317324e+19
3.856917203620997e+19
5.506407479801373e+19
5.071916414189719e+19
4.667112284038967e+19
5.069012770931801e+19
5.514505994330202e+19
5.084745805975997e+19
5.083661072871225e+19
5.059235168863535e+19
5.07157374425262e+19
5.061324738453359e+19
5.0867114812744835e+19
4.26986498628934e+19
4.651462484315644e+19
3.4346039787021554e+19
5.4610079724115894e+19
2.195051004081349e+19
4.2551652164982825e+19
4.63681863641046e+19
3.818994915040974e+19
4.665794006673819e+19
4.674679140907078e+19
5.089891358343873e+19
4.269319990071644e+19
4.674648486799904e+19
3.827643775838482e+19
3.4213380968341946e+19
3.424311971077711e+19
4.238730191809553e+19
5.041891074513283e+19
4.661185143937028e+19
5.047690607980556e+19
5.057742055831842e+19
5.047301039664131e+19
5.076892548010113e+19
3.436041041358535e+19
5.47131740180843e+19
4.644659361115747e+19
4.646858225783794e+19
5.087345925000477e+19
5.458350138455602e+19
4.673598767547031e+19
5.0514726468162314e+19
4.255195824952285e+19
4.68463867826944e+19
4.638950406258051e+19
4.6545002027352826e+19
2.202738823476143e+19
4.673744441970445e+19
4.27372190383789e+19
4.246860405833938e+19
4.651000395962522e+19
5.44498669091195e+19
4.286738607498162e+19
5.0901649350022455e+19
5.040975322708346e+19
4.6578208044014666e+19
5.079625777353553e+19
3.848338407337487e+19
6.709660332932469e+19
3.0350370106939048e+19
4.22706811678585e+19
3.836203933215794e+19
5.086391862460157e+19
5.050194220301809e+19
3.012355882534213e+19
4.260257107424904e+19
5.507512793750176e+19
4.669281589743253e+19
4.668596974460004e+19
6.314366599978691e+19
5.065054913155084e+19
5.9217005278035214e+19
5.074750608212674e+19
4.651580308439806e+19
3.846111449295016e+19
5.477512722917858e+19
5.057606001336107e+19
4.641839883821538e+19
3.8199285270911844e+19
4.673736346443189e+19
4.6847078981198545e+19
3.831230233663004e+19
3.0197398736784736e+19
4.675428009646868e+19
5.082079153659746e+19
3.4396470059256857e+19
3.423424464629111e+19
3.8244766703637496e+19
3.825179775447914e+19
5.463164919903496e+19
5.073519629620309e+19
3.8488432626443395e+19
5.873061414506007e+19
3.8354283211995775e+19
3.8395027208163295e+19
4.2254189435271586e+19
4.657941257018979e+19
3.7992643485483885e+19
3.4252138520959873e+19
7.525141124737835e+19
5.056193130199553e+19
4.667986825839124e+19
3.4547406000594272e+19
6.739228554058995e+19
3.4332654404380738e+19
4.668086405528193e+19
4.67014059646691e+19
4.262337811403165e+19
4.6689063843301745e+19
2.6121178490188562e+19
3.0242912806467457e+19
5.501705416727061e+19
4.686040765375707e+19
3.4398027431711433e+19
5.506162664694477e+19
3.8561420648635654e+19
5.069207124954033e+19
5.488960458271199e+19
4.660129291284408e+19
3.842767792297658e+19
5.090982703114642e+19
4.253606687052765e+19
3.8469610624391e+19
4.677466949709404e+19
3.841054759893718e+19
4.651315017326034e+19
4.234628969915613e+19
3.851038971383734e+19
4.695280714035543e+19
4.6738004491963195e+19
4.6401914860807864e+19
5.4584350280513815e+19
2.5884875421428027e+19
4.253368793755116e+19
5.486939808510013e+19
4.250933979591737e+19
4.2431220370537685e+19
5.056498935573356e+19
3.411598434789035e+19
5.512207821068759e+19
4.651690309677241e+19
3.817490915405851e+19
3.811924755412409e+19
4.233508890761534e+19
3.838146273351005e+19
4.251647660230475e+19
5.038981886499198e+19
3.013544453032347e+19
5.89789117158504e+19
5.10412760791296e+19
4.693067498290292e+19
4.258207549830316e+19
3.408768995141722e+19
3.0080934478375633e+19
5.481614191136495e+19
3.8313795412159005e+19
5.095708367387165e+19
4.658227218738269e+19
5.8860006459590435e+19
4.640141326829112e+19
5.493183417996679e+19
3.4507331255420056e+19
5.076066988440827e+19
5.059866812776926e+19
4.243465274645707e+19
4.217172595771198e+19
4.234061066246796e+19
3.833944209034293e+19
3.848965071965443e+19
5.922413246795752e+19
6.307067803459452e+19
3.825447699210167e+19
3.0143955845306053e+19
3.843825305670966e+19
4.6438626577603486e+19
4.23251682464591e+19
4.671060791065924e+19
3.4066990202448036e+19
5.097122580764259e+19
5.500411347156001e+19
3.4404649978291847e+19
5.064728157476838e+19
4.274470830536433e+19
3.0139014476509127e+19
5.457198520471039e+19
5.101158635339159e+19
4.657429368726485e+19
4.273064968440245e+19
4.669731227565504e+19
4.649639795177257e+19
3.830206461499503e+19
4.66202790622872e+19
4.224874108507243e+19
4.261611360235187e+19
5.051876521515566e+19
5.069584283065669e+19
5.065344830878857e+19
3.8679164854710075e+19
3.4515610838471967e+19
3.815556893417038e+19
4.23767879766593e+19
3.861420014146345e+19
4.663892879792914e+19
3.858602066792734e+19
4.273916093998796e+19
5.05767944562313e+19
3.0407437850666242e+19
5.0835256350395695e+19
3.871571166234093e+19
4.650834401030024e+19
4.256838474015817e+19
5.091127297310499e+19
5.484618738132005e+19
4.2407844905685975e+19
3.813084374794526e+19
3.4252294276583793e+19
4.22833455809082e+19
4.656236793773975e+19
4.631380620395375e+19
3.8470189259431805e+19
3.831282354402937e+19
3.402984815523304e+19
3.857084805577103e+19
4.236150681702874e+19
5.4869410372568736e+19
4.663163049491163e+19
3.418723541658863e+19
3.850828860944363e+19
6.722673295642932e+19
5.069117036703203e+19
3.4406736046970593e+19
5.4928544420400824e+19
5.092000210991765e+19
4.67285815984722e+19
3.413422882560045e+19
3.817762422116387e+19
4.6392861905568506e+19
5.5135062945461305e+19
5.908837856133537e+19
2.593382696985082e+19
4.6930955236910326e+19
4.680772619538898e+19
4.6872083035854635e+19
3.4374241975274627e+19
4.2770314595140755e+19
4.239449088576201e+19
5.481183522819723e+19
4.635713049927669e+19
4.665778590764351e+19
6.344146399690929e+19
