2.1222850710994944e+16
1.2804047132164096e+16
2.316059531857101e+16
1.4222557303537664e+16
1.0710923056513024e+16
2.289875910708429e+16
2.4573224025063424e+16
2.6608204876087296e+16
2.345175541297971e+16
1.6462172617965568e+16
4.859713721938739e+16
2.4630525998137344e+16
1.958294739274957e+16
2.611772860347187e+16
4.486661252789043e+16
7.394443988985446e+16
1.5180020269973504e+17
2.465447349846016e+17
3.530629249331364e+17
1.1122423305569567e+18
5.654510017835958e+18
1.3725486421584642e+19
2.4631126513250468e+19
3.629439209283204e+19
4.712643395992106e+19
5.632765990844708e+19
6.369297727856679e+19
6.972025441862497e+19
7.425383223052678e+19
7.766933412289026e+19
8.038992102699932e+19
8.23029798624255e+19
8.367113654060555e+19
8.472506695177942e+19
8.544667244735916e+19
8.592488400170045e+19
8.649104329212428e+19
8.666884930318159e+19
8.671179430321717e+19
8.695627057621421e+19
8.698501744516137e+19
8.701289473784991e+19
8.712232267053164e+19
8.70990295166972e+19
8.717304877691804e+19
8.720351088400453e+19
8.707408929444436e+19
8.715155552361828e+19
8.711878210565125e+19
8.701720523574765e+19
8.709117075733768e+19
8.696588429357063e+19
8.698939308912306e+19
8.695084764742707e+19
8.681015743807173e+19
8.691669791577997e+19
8.689826652748566e+19
8.680051650780253e+19
8.680478384986889e+19
8.68017005443867e+19
8.667966684833146e+19
8.684794724040153e+19
8.673429594611856e+19
8.66081221764679e+19
8.662166706021047e+19
8.655662462523566e+19
8.652195125117583e+19
8.644996553771057e+19
8.642520742207108e+19
8.657595733818684e+19
8.632638551598983e+19
8.649085610026965e+19
8.639416408565036e+19
8.625419213226587e+19
8.632737150304204e+19
8.633440535380283e+19
8.618528216514036e+19
8.614964987950216e+19
8.612918893018192e+19
8.615542437713229e+19
8.613439841627433e+19
8.5969690062605e+19
8.605775269765264e+19
8.599059645157343e+19
8.60221426771249e+19
8.596249925655934e+19
8.586901479223617e+19
8.605714617955097e+19
8.577902045269747e+19
8.572136632354446e+19
8.579163611167562e+19
8.569330307595187e+19
8.576815700293714e+19
8.562602986932326e+19
8.558904697108929e+19
8.560099893736112e+19
8.553679034451703e+19
8.551177837913047e+19
8.550285144422456e+19
8.532472932357426e+19
8.545732712734917e+19
8.544777608215554e+19
8.534154759087168e+19
8.529847284846402e+19
8.53501008292631e+19
8.531397321363659e+19
8.51559960701525e+19
8.527160353306024e+19
8.504942961648206e+19
8.498437384992876e+19
8.512433577026965e+19
8.503082532998427e+19
8.501329292988462e+19
8.481030205523729e+19
8.492234641327627e+19
8.485865610272571e+19
8.468556905813587e+19
8.479596442361109e+19
8.47592557160893e+19
8.479952285555543e+19
8.464741298099506e+19
8.480389685024968e+19
8.458651804131918e+19
8.461819455899854e+19
8.45856778769966e+19
8.467861272294484e+19
8.454273370159474e+19
8.445881278940997e+19
8.434627282650477e+19
8.429945424700454e+19
8.430946420086381e+19
8.429313164282796e+19
8.424757942584502e+19
8.413557258864034e+19
8.404057904460805e+19
8.401731805148873e+19
8.410181249642634e+19
8.397223381414235e+19
8.39393349144108e+19
8.377253845072137e+19
8.386688328289328e+19
8.374161234972797e+19
8.377559907877624e+19
8.368961328375451e+19
8.368627832754851e+19
8.365301232837224e+19
8.350391731469523e+19
8.342831283358505e+19
8.345554058977948e+19
8.325199143810315e+19
8.32450463729063e+19
8.31938311212845e+19
8.324831700768208e+19
8.319429621470305e+19
8.31874560154277e+19
8.312863667882715e+19
8.304041337764289e+19
8.29383461255533e+19
8.292248539544473e+19
8.286708993805307e+19
8.289962558663059e+19
8.268967837679223e+19
8.27450666873583e+19
8.261948582935291e+19
8.262161365923057e+19
8.252897952971253e+19
8.258494893217389e+19
8.232860961590791e+19
8.236829044079854e+19
8.22198494991011e+19
8.22359801593143e+19
8.21422488546307e+19
8.204997797626669e+19
8.198331334932405e+19
8.19506537308105e+19
8.174834166715436e+19
8.172334880578234e+19
8.17716746782853e+19
8.149714078104184e+19
8.159021650191738e+19
8.156930722673092e+19
8.122300421981287e+19
8.132065253467043e+19
8.124637681336241e+19
8.140771969937808e+19
8.116273985005552e+19
8.116386602484027e+19
8.116849414415948e+19
8.088592405386756e+19
8.100165851036831e+19
8.060353139726457e+19
8.077697908166833e+19
8.059146027142008e+19
8.062315795469828e+19
8.0266939414482e+19
8.034287869688283e+19
8.014672719687713e+19
8.022703112812338e+19
7.99541946019553e+19
8.036239475339795e+19
8.0021910636892e+19
7.972159923929114e+19
7.970529719270297e+19
7.95985098746343e+19
7.950652322002606e+19
7.927595370753609e+19
7.936743444935659e+19
7.931408188456934e+19
7.911600665153189e+19
7.904256848320633e+19
7.888573661852153e+19
7.863955307884446e+19
7.874017241155922e+19
7.855445720104645e+19
7.818980100859861e+19
7.809184620487482e+19
7.798648495338737e+19
7.794913385619705e+19
7.775426452418829e+19
7.778848311275107e+19
7.724554317144365e+19
7.758287498811277e+19
7.721131248825296e+19
7.715217381224402e+19
7.744220188990715e+19
7.718396371706e+19
7.68725005914939e+19
7.682867666935087e+19
7.680446913415899e+19
7.644487660507392e+19
7.652912675227173e+19
7.605869554836701e+19
7.638717011167963e+19
7.580885262783427e+19
7.593924295585799e+19
7.575241277183518e+19
7.56368013231978e+19
7.53236834326319e+19
7.537597393790619e+19
7.510306704299393e+19
7.492368914262576e+19
7.514885689192743e+19
7.51123116680408e+19
7.463968315886744e+19
7.441571367108162e+19
7.408990288084573e+19
7.416030948945507e+19
7.381444745541924e+19
7.3676633568482165e+19
7.345958543767372e+19
7.33326754075493e+19
7.3629366388237795e+19
7.320388349455447e+19
7.324027300010682e+19
7.335635435252613e+19
7.3135275686968164e+19
7.255127331569035e+19
7.25895095884605e+19
7.243371724330028e+19
7.229224699916452e+19
7.224309340056427e+19
7.177252015350114e+19
7.1759253858517254e+19
7.11618267251422e+19
7.144875335538128e+19
7.116313644964931e+19
7.065212302747763e+19
7.12310250391921e+19
7.086692705505378e+19
7.020537729690003e+19
7.060368624173921e+19
7.012958988454278e+19
6.9847548521904865e+19
6.954008122775254e+19
6.918735617957508e+19
6.951435911529339e+19
6.9029848664995004e+19
6.8546672403337445e+19
6.824594539034129e+19
6.803642595924561e+19
6.851310644364522e+19
6.7677816737153155e+19
6.8227932572379775e+19
6.76938157995684e+19
6.740227177024848e+19
6.770130594765472e+19
6.697865131182365e+19
6.66369927107408e+19
6.697060020664874e+19
6.69253064436178e+19
6.602204224823702e+19
6.6205013490043716e+19
6.6018148946282545e+19
6.603383134934899e+19
6.555608859927799e+19
6.541604050471328e+19
6.535277604876006e+19
6.451091298072081e+19
6.4334243246211334e+19
6.4699208057829196e+19
6.399180729040765e+19
6.388529416305115e+19
6.3628834862578794e+19
6.332262499741178e+19
6.372527220281731e+19
6.3178498676780696e+19
6.3376908298791944e+19
6.2391922077043e+19
6.234359091314033e+19
6.191843017636394e+19
6.242676670003885e+19
6.1711483121440915e+19
6.16107150797785e+19
6.1360047869122314e+19
6.0717623703416865e+19
6.101035389962473e+19
6.0521268106565255e+19
6.100577759479097e+19
6.0259932197145805e+19
5.9796116136230126e+19
5.9741203089565155e+19
5.957037767167417e+19
5.948617610914641e+19
5.855591917818164e+19
5.936282409864947e+19
5.828060064195281e+19
5.825557836864474e+19
5.8348702261873476e+19
5.745165504883353e+19
5.786771945719385e+19
5.734240867300934e+19
5.71012853607212e+19
5.704121251214551e+19
5.70470798497887e+19
5.636942836232146e+19
5.623086495205163e+19
5.584997433298072e+19
5.598044169553786e+19
5.564217611861885e+19
5.473790085357686e+19
5.5054630983437386e+19
5.495109615820263e+19
5.4651860564010074e+19
5.4046257118573494e+19
5.398275551170606e+19
5.3996461817499484e+19
5.343218674640827e+19
5.362763613952016e+19
5.268972571427288e+19
5.25139267929726e+19
5.244322152951736e+19
5.1708569160242954e+19
5.177813642916345e+19
5.122495144466684e+19
5.133883336151374e+19
5.139266435129803e+19
5.0846589839778775e+19
5.03576287038501e+19
4.992477358470254e+19
4.992153806557938e+19
4.941011871745861e+19
4.941251043012693e+19
4.86827010659755e+19
4.821738107931145e+19
4.819127606192793e+19
4.905721279961838e+19
4.7789660748185076e+19
4.789775779076086e+19
4.770503697319225e+19
4.747333791866316e+19
4.688139191947205e+19
4.678070180569625e+19
4.651546022481651e+19
4.6389163516021965e+19
4.607918033310686e+19
4.565552737036953e+19
4.58893275916193e+19
4.5149920178152145e+19
4.52146062339206e+19
4.488384977166349e+19
4.39445663999905e+19
4.472838370657881e+19
4.495303008121048e+19
4.293617264083809e+19
4.371808872002329e+19
4.246658445311423e+19
4.248546382367739e+19
4.219181539782138e+19
4.213655456188465e+19
4.154674024086189e+19
4.1500013676741e+19
4.118232556301504e+19
4.061809914531335e+19
4.057804991530795e+19
4.054037573349776e+19
3.982786100005647e+19
4.013101896454216e+19
4.0116308838992314e+19
3.903701887931856e+19
3.894425799672568e+19
3.878155154449288e+19
3.836285542069174e+19
3.818272665696102e+19
3.7532617145495585e+19
3.7623523495569785e+19
3.7065791686894944e+19
3.6711487224623923e+19
3.7040330742807134e+19
3.722872831501507e+19
3.6714538335031263e+19
3.6364380921382568e+19
3.586483447777565e+19
3.5533459608947393e+19
3.585906994446965e+19
3.513146905250182e+19
3.5246463159719952e+19
3.4546209149159473e+19
3.483254018769368e+19
3.3930867672833065e+19
3.382184484146669e+19
3.4001387050103734e+19
3.3200621390248542e+19
3.313519433236244e+19
3.293664730575746e+19
3.3301134310853575e+19
3.2467196969303933e+19
3.2492663960705696e+19
3.188783436529664e+19
3.161223473204822e+19
3.0650086431960072e+19
3.124429206498522e+19
3.1030919017432875e+19
3.066268992759084e+19
3.0383416516756374e+19
2.9933696779024335e+19
2.955213576709813e+19
2.9387379893910634e+19
2.921052715943461e+19
2.8948495087356084e+19
2.831815335184905e+19
2.888686474619991e+19
2.8688080946637832e+19
2.8249073166579663e+19
2.763101919506753e+19
2.798563547196424e+19
2.7165875164623667e+19
2.7419463537156686e+19
2.656032178132589e+19
2.6569990989659767e+19
2.6443589140065812e+19
2.5823538936473977e+19
2.5900021789935796e+19
2.6168298778822443e+19
2.5366619287365616e+19
2.4745276023739777e+19
2.5148440308848e+19
2.4636831569849352e+19
2.4322034862466793e+19
2.4416528712823996e+19
2.418273443580897e+19
2.4133931684497195e+19
2.3340226572919505e+19
2.328038280071951e+19
2.2614544431821357e+19
2.24546930161489e+19
2.2226167186537316e+19
2.2005914546269585e+19
2.2089843258114966e+19
2.148784646851553e+19
2.1398287587121037e+19
2.1291117415667597e+19
2.1175576163975692e+19
2.090512358517506e+19
2.066657374857121e+19
2.0530279747480977e+19
2.0445572890640777e+19
1.981425162771235e+19
1.9606466624669876e+19
2.000670421598339e+19
1.953305858983487e+19
1.9458442878915707e+19
1.8699898877883974e+19
1.9182290414656815e+19
1.8729044611853976e+19
1.8511026024595063e+19
1.792423396897928e+19
1.7703390186592797e+19
1.7613588794164904e+19
1.759306417624947e+19
1.6670693767312835e+19
1.6741191429228855e+19
1.7105560666321715e+19
1.6579668824601657e+19
1.645029781257637e+19
1.6335328135132217e+19
1.626536346147776e+19
1.5803355702052782e+19
1.576187416917364e+19
1.5170805889499136e+19
1.5162545945834422e+19
1.4871798650127778e+19
1.5117799705234375e+19
1.451705874689242e+19
1.4432606306734965e+19
1.4175421345768145e+19
1.4113376059231568e+19
1.3876967504342942e+19
1.3754218953930965e+19
1.347182834173241e+19
1.3161980570546209e+19
1.2962977332515045e+19
1.3071154794058482e+19
1.2384330467627762e+19
1.2556081777388552e+19
1.2102278925917356e+19
1.2391942274957705e+19
1.1634325136458383e+19
1.173975424842911e+19
1.1114289774704198e+19
1.1400880624400073e+19
1.1600433678374666e+19
1.122925684939817e+19
1.113469968263309e+19
1.076561335167851e+19
1.0358853577648112e+19
1.0817105293683458e+19
1.0551854504393834e+19
1.058876792723682e+19
9.679970774596714e+18
9.863661200087187e+18
9.538017217791132e+18
9.235353380702913e+18
9.035301191398982e+18
9.44175480298065e+18
9.132138101034975e+18
8.838335314054349e+18
9.036056616016806e+18
9.059568460996018e+18
8.684401908049248e+18
8.109802843680014e+18
8.483374778348995e+18
8.388526137923338e+18
8.084672466045108e+18
8.101653662926897e+18
7.810001945891963e+18
7.603051008318505e+18
7.389541891907256e+18
6.919299842657223e+18
7.018448565684929e+18
7.361689192201454e+18
6.70127693466121e+18
6.348547780495016e+18
6.373631347281363e+18
6.538278265738494e+18
6.467823093933933e+18
6.180038389358658e+18
6.120650300303868e+18
5.74465554881341e+18
6.570695759765701e+18
6.082985494407283e+18
5.508501109959819e+18
5.713612796508242e+18
5.562166112143016e+18
5.187147422035345e+18
5.084238893226656e+18
4.905887958193668e+18
4.640038613671739e+18
4.834803736889e+18
4.881598316111987e+18
4.5886387385857475e+18
4.15780835721583e+18
4.3946189897628385e+18
4.498857618403492e+18
4.070965172905181e+18
3.7940828363414753e+25
1.222570237775669e+26
9.571972697637028e+25
6.54280230807907e+25
4.166155341231241e+25
2.4983713546532672e+25
1.4071223036717786e+25
7.950605607355542e+24
4.228470546793978e+24
2.6599115511021314e+24
1.5936331688602504e+24
1.1548023361638263e+24
8.838399736480214e+23
8.849174580996512e+23
1.1063217495061499e+24
8.863011246625755e+23
7.542791519276772e+23
9.124586825962551e+23
9.303802802484748e+23
1.4928597547553238e+24
3.9390101188015914e+23
8.690286473613036e+23
1.0180507692843829e+24
6.872659277525497e+23
3.921486391693636e+23
1.1578138204733674e+24
1.0037067042661162e+24
8.490541590783189e+23
5.30951998856794e+23
9.936201703895391e+23
7.647991525009063e+23
8.427079090245818e+23
6.767891920118955e+23
6.78651662393194e+23
4.457801954884e+23
9.995786050647891e+23
7.518799455158681e+23
1.1499654510413241e+24
9.238533805046629e+23
5.9895071883992656e+23
9.148442071955415e+23
6.848300704312465e+23
9.87834179669921e+23
9.959058640829137e+23
9.1987722789932e+23
6.849465521301432e+23
9.226416482869252e+23
7.663867800892641e+23
9.185729548016454e+23
5.1522987249792045e+23
1.0036477135145533e+24
6.784517380707702e+23
8.504202055188073e+23
6.059063761512535e+23
9.95470327894272e+23
7.583653826586044e+23
9.200293495023709e+23
8.361400297963075e+23
7.58373064321825e+23
9.925120182892186e+23
6.024539883122929e+23
6.839570391992315e+23
6.77707160020255e+23
7.582655625894792e+23
6.842886926496716e+23
8.470248463397156e+23
1.2374575739760512e+24
4.354987515198186e+23
7.634257425342896e+23
7.57205785517528e+23
1.0780587463265912e+24
8.367654893255286e+23
7.575084492971667e+23
5.257590678910684e+23
1.0597476525384298e+24
5.219089564377812e+23
8.340529737680538e+23
1.628557050741126e+24
7.641618786224877e+23
7.550143270075282e+23
8.378420499762848e+23
1.0086277355060732e+24
5.969216150613091e+23
9.217904070883885e+23
8.449807055345236e+23
9.192385472089678e+23
6.014792498621712e+23
8.372662234750649e+23
1.1606074525099775e+24
6.0046686951712344e+23
8.436286079031654e+23
5.2223273573130095e+23
1.614151321557152e+24
7.573138851027244e+23
9.097507887523447e+23
6.028686316337601e+23
9.937641038503331e+23
9.19391883165437e+23
8.31651380149375e+23
1.0743530926164265e+24
9.090023882716458e+23
7.580477082406701e+23
7.427999798075447e+23
6.722887212251818e+23
8.281393401982094e+23
1.0660847622552481e+24
6.745412212078716e+23
6.0378631647829305e+23
9.921672863502763e+23
7.546887346984991e+23
9.249308354366045e+23
5.970146112270208e+23
8.363614404758941e+23
5.979998357107405e+23
9.994402594452328e+23
5.992027124442359e+23
7.579154862147852e+23
1.0769687538658683e+24
6.703219170772159e+23
9.133867273032277e+23
9.048853254930493e+23
4.407757988546125e+23
6.797974283816804e+23
8.373696378564974e+23
7.555187052904427e+23
7.609100885348326e+23
8.463219405891337e+23
8.372410890438742e+23
5.993965787566578e+23
6.041912240377127e+23
1.1559629522443183e+24
1.0002653002492498e+24
5.2271718572660175e+23
1.1509469261200243e+24
8.415149868999284e+23
7.551538967617583e+23
7.628944959695123e+23
7.498408337889006e+23
8.414533583583979e+23
7.640249556830167e+23
7.591238672266346e+23
1.0798181337808345e+24
1.006387361359827e+24
6.867480293117101e+23
1.0058122376488473e+24
5.253712628216024e+23
8.367435420882758e+23
9.989717118713224e+23
1.0034147924083753e+24
9.168196566011265e+23
9.10665822947022e+23
9.944908494055425e+23
6.798797139671315e+23
9.263205611002462e+23
8.26053111213806e+23
7.620286605221315e+23
1.142688560395234e+24
5.197848911296115e+23
9.164484608070862e+23
6.032404648982539e+23
1.1377914607207468e+24
9.108518314280722e+23
8.337526840891061e+23
1.0024854193858032e+24
9.139851818768926e+23
7.549284555012426e+23
9.180570889971659e+23
8.376574752935816e+23
5.977144454171038e+23
8.414568764613552e+23
7.599855087144546e+23
6.087665640720068e+23
1.0052384091801573e+24
9.222350135970485e+23
9.974218591396328e+23
8.367594092549254e+23
9.216853184410179e+23
7.592412400753075e+23
6.025110918445056e+23
9.220456764984768e+23
1.1552367684427937e+24
1.0781801556319833e+24
6.740755012260242e+23
9.090297017941452e+23
8.372389791074488e+23
1.1505851375715495e+24
5.1917952550084344e+23
1.0724921532830795e+24
6.0312312966167474e+23
1.0722396731140885e+24
8.416935898798945e+23
6.628367359511144e+23
1.3141435285396582e+24
7.62622238365903e+23
7.602054909085344e+23
9.235794828695097e+23
9.14252077716447e+23
5.2366924960813076e+23
6.035006568131036e+23
1.555359229157091e+24
8.471203557251256e+23
7.566043140598784e+23
6.757805062370233e+23
7.647612868333737e+23
1.1570529886151377e+24
8.430551263875686e+23
7.603271737724194e+23
7.618482590226174e+23
1.0694916920613919e+24
6.754086933090966e+23
6.670678881727805e+23
6.793697239527907e+23
8.436644055388597e+23
6.728947617429831e+23
9.965710962374503e+23
6.752560981595818e+23
5.90194634459802e+23
9.90407499377488e+23
1.065895789068637e+24
5.281248311525868e+23
6.835520844927532e+23
5.962924963925751e+23
8.403990133136926e+23
7.568843959113762e+23
1.1410033984904836e+24
8.337887992285742e+23
7.594002034202486e+23
8.385078862816745e+23
5.1798975543853234e+23
9.13179934604344e+23
6.0270587608201096e+23
1.0733019566855229e+24
1.3812456905215066e+24
8.368906205393533e+23
7.591925885681423e+23
5.210193829565692e+23
1.0741677858524933e+24
9.918490951794691e+23
6.859447353347625e+23
9.268067477961533e+23
9.235223058019593e+23
7.572415238675554e+23
1.1623349844911284e+24
1.0007761012985516e+24
2.8229284127495746e+23
1.0015223649619648e+24
6.795932297737744e+23
8.331821015546632e+23
9.945244167742589e+23
5.193728780510641e+23
8.407401025794082e+23
1.002446529958596e+24
6.838093435438987e+23
7.501592845148206e+23
6.725788229173474e+23
5.1980322275041975e+23
9.91533469019756e+23
7.536014268405509e+23
1.0062190848171471e+24
7.651653671378368e+23
6.775251051367277e+23
9.152261579989083e+23
6.734162116415647e+23
9.992755730455121e+23
6.77448612552588e+23
8.321531699180349e+23
7.645918580025079e+23
6.763972644599206e+23
8.276648423136601e+23
1.0645136667126193e+24
5.1562067080747315e+23
1.3026288752144817e+24
5.222081749285206e+23
1.0008061085717625e+24
6.793414047201995e+23
8.429636435720691e+23
5.993538035322127e+23
1.2435139533230254e+24
9.889585016632285e+23
7.604507028306767e+23
9.136890377262175e+23
7.575820265394196e+23
1.0012052465274783e+24
8.388043314346528e+23
5.211445401364605e+23
1.155726676624921e+24
9.09397573227973e+23
7.606852969185632e+23
9.142223966375497e+23
9.240097110030406e+23
7.516980149739117e+23
7.619680467506686e+23
1.079721427704561e+24
9.143384812808073e+23
7.559164737648436e+23
6.835924419527015e+23
9.988631977086697e+23
9.099967486590533e+23
9.147372952940093e+23
8.243426422809277e+23
5.161945168683492e+23
1.2219612438880077e+24
6.802553861984638e+23
6.057725323721059e+23
8.408094853519269e+23
7.620567991181565e+23
7.652584602013092e+23
8.440674757351845e+23
8.40513712079718e+23
9.233382610310841e+23
9.215307346356083e+23
1.2362200375398236e+24
6.0171373913581324e+23
9.185722665953274e+23
9.954888107726958e+23
5.166168403049247e+23
6.767431048473213e+23
1.2243889124689196e+24
5.9580787606972904e+23
9.06917926281593e+23
9.078404401811952e+23
7.591121973444689e+23
8.221978141997994e+23
9.055834878976925e+23
6.718605857525496e+23
6.849192882176084e+23
9.100754499421509e+23
7.633312298869565e+23
9.228031899074686e+23
7.532356969387146e+23
1.0720077764360882e+24
9.087817536185699e+23
5.917821418583448e+23
7.558156571687477e+23
9.090766051657832e+23
8.292069338302638e+23
6.793761756759163e+23
1.0708359588477917e+24
7.541590726443267e+23
1.0091860295819048e+24
8.491619162492061e+23
7.557004239521103e+23
9.111817426187752e+23
1.0811681473010964e+24
7.60347852190846e+23
9.156620383698739e+23
7.562019145128699e+23
1.1575788606791175e+24
4.455420763134583e+23
7.558040127248831e+23
7.63948922466039e+23
6.823961256620414e+23
8.431095446133191e+23
6.820731591978856e+23
9.209632500851278e+23
7.513455159440933e+23
1.0759622789362006e+24
8.358010330507531e+23
6.786615139470102e+23
7.571765113107095e+23
5.9737643714129884e+23
9.158552082076503e+23
1.2313367937173556e+24
5.238458940148401e+23
6.081158702759392e+23
9.991020332374271e+23
7.597858178403396e+23
6.811196325612714e+23
9.212704471600039e+23
9.945357838597184e+23
8.419098302863714e+23
6.76711611632524e+23
6.03313515852669e+23
9.274304126761073e+23
1.09238070778344e+24
9.203408370299483e+23
3.6461696937602856e+23
8.386586569807591e+23
5.9937628170164033e+23
9.04399311728331e+23
1.0842311025822757e+24
6.877597071304004e+23
9.192449455925853e+23
5.185891490479039e+23
9.951806556273677e+23
5.2338283886215036e+23
7.589241346238543e+23
7.585834349546908e+23
7.679942659483351e+23
5.2163878046477e+23
9.244550612389578e+23
5.225434498360111e+23
9.22832250685886e+23
1.2360692840810814e+24
6.766152796716789e+23
1.0678103402371107e+24
7.572714693570089e+23
9.0312626085542e+23
8.358621842283153e+23
1.0756006291197049e+24
6.106348599649764e+23
9.980969796508387e+23
1.0793085452553637e+24
6.792499983075641e+23
8.389288544162372e+23
9.118905225761992e+23
7.587607608475031e+23
7.594316547656431e+23
9.058652640174439e+23
7.613337828249135e+23
7.571298620054224e+23
8.313180937394497e+23
7.482054213196465e+23
7.691476828137166e+23
8.352971057259357e+23
1.0772813545566098e+24
9.190682209655075e+23
8.422327734584729e+23
8.439851052146593e+23
9.225314418967125e+23
7.567221365296422e+23
7.569489107500944e+23
9.202894601061368e+23
6.834287737535247e+23
7.6321176184411e+23
7.58353224593276e+23
8.420851540124901e+23
7.618724446896225e+23
8.402517509890865e+23
9.092614020026118e+23
1.0757469270758564e+24
9.123694620303278e+23
9.234211915812599e+23
6.695033893226849e+23
1.3924891769762008e+24
6.760194325414607e+23
6.803915798010858e+23
1.0585838592387694e+24
7.519217030323506e+23
9.868849390175928e+23
5.207582228381683e+23
9.882502046113114e+23
7.59718942974679e+23
5.1867512547398707e+23
9.986423603232419e+23
9.098694932239481e+23
9.264564788222066e+23
8.346924928316241e+23
4.398765784870768e+23
1.0750932071774986e+24
1.002709497304677e+24
8.354060713744511e+23
6.778128926823723e+23
9.955351745216191e+23
4.440611213025337e+23
9.956880156450792e+23
1.2395771186553574e+24
8.331927601676063e+23
7.547313621837658e+23
8.431889831849338e+23
9.976862576980095e+23
6.759305963296142e+23
7.567419994095081e+23
7.513434845391863e+23
9.979399594683994e+23
6.056635221098067e+23
1.2375304340200634e+24
5.187141227061104e+23
7.635434811596947e+23
8.44792315458511e+23
1.2358166525489217e+24
6.786458852248502e+23
1.0013387724158241e+24
6.13489016756588e+23
7.510000089989869e+23
7.675805124748224e+23
6.014226080544734e+23
9.026629335164277e+23
1.2338474840815202e+24
5.171455926319724e+23
9.036781344518484e+23
9.19687513096514e+23
7.586763942119962e+23
1.160209191806211e+24
6.628706441156589e+23
7.591842328075368e+23
8.362418022814243e+23
1.075280396340523e+24
7.57852399122702e+23
3.656791211116207e+23
1.0847263868660894e+24
6.739989297937066e+23
9.1286586120134e+23
8.371555624148038e+23
5.9849841399065356e+23
8.243003993960323e+23
7.674886080098078e+23
6.831870658605909e+23
6.783572816128793e+23
1.0830578922382022e+24
9.18386502153082e+23
9.946702304175286e+23
8.374157119676696e+23
7.608215645842884e+23
6.0083456358653155e+23
7.69438820474534e+23
1.2384335386367246e+24
9.131236770099894e+23
9.239030230500367e+23
7.614653793430314e+23
9.212039758239069e+23
5.9482229879231044e+23
9.109441617295421e+23
1.0029863661720922e+24
6.057220773140275e+23
6.803079794460185e+23
1.0719103249437077e+24
9.197157850764935e+23
9.096903357030935e+23
6.0226747307073146e+23
1.0726734388251267e+24
7.559115045000517e+23
8.381226901685833e+23
9.956829908241637e+23
8.348649979025103e+23
9.999018315414546e+23
5.1783562709481935e+23
4.4584543442149585e+23
1.1404704814244961e+24
1.0728109003317812e+24
7.590776162436239e+23
6.735346476915934e+23
1.1532135927734764e+24
7.595303015766967e+23
7.5890367068936e+23
9.118634277245723e+23
8.339559562749029e+23
9.926646929378222e+23
8.400340754824408e+23
7.492956361456011e+23
6.79719333430867e+23
1.1534275842300738e+24
6.787220128766826e+23
8.356716873824708e+23
6.770652344863713e+23
8.335684030903567e+23
8.460206645866832e+23
4.3693383180940765e+23
1.1610120244808562e+24
9.974897818310785e+23
6.063938892276196e+23
7.601875795298664e+23
5.9779020743294146e+23
9.217334270533218e+23
6.829054351754416e+23
1.0767582871796667e+24
9.160765397927685e+23
7.595220083387204e+23
3.56677637223874e+23
5.970827559318544e+23
1.472055149161564e+24
5.1513923463511674e+23
1.0714630842514781e+24
6.83628060605495e+23
8.360569555531561e+23
8.25948174105526e+23
8.26706481168399e+23
9.911493858939071e+23
5.217568799410953e+23
9.215015114813137e+23
1.2188644528517217e+24
7.653551947065554e+23
5.9929735098125234e+23
6.76707934900825e+23
6.760501625720431e+23
9.062706186646797e+23
1.0759808520977232e+24
6.899361960622669e+23
8.507687513733154e+23
5.1940030205249194e+23
6.846581349249757e+23
1.0750968532987937e+24
6.0376588241533064e+23
1.084750360195409e+24
6.710185727111243e+23
9.133172332425402e+23
9.104022742319687e+23
5.960597108165984e+23
5.990313025221153e+23
9.919693177687672e+23
1.0613010471049357e+24
8.29331399584467e+23
5.980833709747194e+23
7.578181214166975e+23
9.975642117314045e+23
8.384462662371699e+23
7.567377621907618e+23
9.182949379561299e+23
7.57717746736315e+23
1.0691822704545904e+24
8.298715748169805e+23
8.37849326597014e+23
6.766520749250594e+23
8.36318294197061e+23
9.275992903789687e+23
1.005229741017512e+24
5.200553079396496e+23
9.219692213856933e+23
6.811843638894311e+23
6.740599764736837e+23
5.9509331011268374e+23
1.0864068468017226e+24
5.261749549097203e+23
7.592068333130262e+23
1.1571789108792001e+24
7.516929228452924e+23
6.048728410969342e+23
1.0734752940779153e+24
7.617769945546951e+23
6.015813036111585e+23
9.128578619991612e+23
8.399260404957515e+23
8.414905203560809e+23
8.429858278112524e+23
8.35975610832999e+23
8.395282717398756e+23
