67.80976224828649
13.854200504444263
14.478048580664176
9.523395480933013
9.267742419684375
13.091880193463078
13.434532562891642
14.213473315592166
9.7345013750924
12.278381365316886
12.34398650681531
10.1465171067803
14.023571661225072
11.459028358812686
12.31825547085868
12.743215495789492
12.654960847563213
10.895676270679191
12.9501823981603
14.381483612237153
11.696397143381613
12.766585648059845
9.10623832543691
7.328001905370642
10.656100736724007
11.03269412892836
10.16603038046095
9.66604400784881
11.113326891704842
11.163353905633643
11.459496278453756
10.778602259026634
14.40775728446466
10.453250624515393
10.3492317310086
7.84352465360253
13.318649893557584
12.892386451915458
9.262946337461472
8.391616050843838
10.19758610482569
8.419406191066459
9.33467449468595
8.485272193396533
8.635819377722564
11.04078732099798
14.848830183347067
8.35896549180702
5.7468565465123564
8.980291912953058
13.079410451429862
8.561327223424557
9.670323784704562
10.21529706981447
11.259208610764256
8.039478032125366
8.824535857748103
11.199265951359713
10.116280950881817
9.348474311883804
8.618818752191684
11.17963021993637
6.1666724317603645
6.805777685509788
9.764939325275245
8.606547630495495
7.621288536875336
10.059811494968555
8.757868469865233
6.647659690843688
10.611440420702651
10.116529397390506
8.42661025568291
10.04534588974935
5.009026967264988
7.613446992856485
5.475676791535483
9.540324877257701
8.186564204317552
5.9238551159699755
6.617292453293447
9.157266442974409
4.947433206770155
8.121560604483992
9.300876877926013
8.781214944190449
10.561265150705973
10.141193645971793
7.134908517201741
6.60978479379857
9.443062790014126
8.90593624556506
8.327685702730108
7.365622581983054
8.521137432919609
6.5651478772913965
8.789869840222376
8.7957495506163
8.601396321698472
8.08708262277974
4.939368605061814
10.127954820239985
8.477752543158001
8.645554499493706
6.572739601963097
7.9811789525879755
9.545530679049316
8.698793426707939
8.372498386436039
8.26679144082246
6.396941664594191
7.423473557940236
10.05476524874016
5.257118224821709
9.72184713240023
7.684709172557901
7.0588755138494355
7.481544504011119
7.503403742556219
5.233204707503319
5.156437558984315
6.7100050603901895
8.674709605673948
9.754703353400584
8.080025683950495
4.506577273209889
5.240715872358392
8.7670445624325
6.62040761416709
7.538591714368926
7.977440084020297
5.341799993757848
7.290638841688633
8.568019993879178
6.504148281834744
8.522397781963702
5.737951063171581
6.62475687596533
7.630791467648965
8.606261418925392
7.710352535049121
7.628325112439968
7.140533161384088
6.156694871132021
6.476722574896282
6.56833308659218
7.6366609544665724
6.208387840401243
7.129266077169666
4.212363411982854
10.4841945461101
7.485122752134447
6.075120914313528
6.0696082978888795
7.741709338294135
6.136560402258679
6.714080016370173
6.75656589065437
5.474184481634034
6.113005970363264
6.254692184152426
6.731947464247544
7.072585470146603
7.367162174648708
8.742494989324499
6.070019450452593
7.332117887834708
6.840011517206828
6.57747374723355
7.7357526736127005
5.362130547425261
7.34151346705578
4.684375238639337
8.075807820315715
7.2442109805566295
5.847072285358553
5.892857232855426
6.369575483931436
5.153918674146688
6.749687553555877
5.832348890326641
8.972652766991544
5.223198339619018
6.20780932020258
6.739878397296976
5.894670712175192
6.379388831831791
6.3369596084510835
7.847377747297287
6.300521107735457
6.160849327566447
6.294683626404515
3.7334780806192644
6.961440644330448
4.423318400979042
4.446285087753226
5.4951031089380935
8.485039111088824
6.7264654950963125
7.292634492119153
6.194223857588238
6.708921443533014
6.299253867732154
7.4359246448234275
5.055736436198155
6.709377918530394
6.759478021275114
7.7539201704440295
4.901294762337649
5.151747481414565
6.694233674142096
5.926652428176668
7.598278661017065
6.190360612891339
6.560960677762826
6.652459386322233
4.744231116992456
5.395444498017982
5.911578767829472
5.532805634317575
6.2311904259302
7.083580158374928
5.816963617172506
5.248350737961354
7.070752792888218
6.087903146390562
8.696744781125474
6.400402145115314
3.555738949941264
6.506100038135493
5.620561029072161
5.909852180767943
6.380981786383523
4.133931753812013
8.209652234144786
7.533172141622614
4.8027310156159935
5.158124081790447
7.051153693210195
4.506548691678931
6.494928750726912
5.3285964040292635
4.608983789605123
5.228815567162302
6.876154926915963
6.759624019817069
7.790842022608827
6.527795608948778
5.6700854119327335
5.778051720449218
5.065420415390421
5.0672238531212015
5.7267431235975685
3.8884837001010224
4.218267399955679
3.404292986900718
6.538095639535674
6.021054283612305
6.511545697572054
5.030432746918113
5.2005248353989035
4.548022020194265
5.121665680298099
5.570653625660473
5.86080374761864
5.162738593916099
5.770915455288357
4.491671283211973
4.91981593809194
6.174099500808451
5.5845941421058445
6.574314965694039
6.5891102039151725
6.380355733412284
8.631422913736767
4.371033239833735
5.88200841292187
5.458306910263167
3.272360084509408
6.387062871897662
3.3181885149743824
6.180887673740034
5.332370222994575
5.81773550780835
6.270802528080013
6.741597539986725
5.671062849462032
6.471820467048222
5.228863771866869
6.239414624593876
4.845163042070689
5.289831577903694
6.713304514686267
6.895140300746317
4.3218356213635865
5.798094327803011
5.6967420933975115
4.70727362787282
6.857056862778133
3.7669990173092596
9.87538189192613
5.2854493801240565
5.107656837199573
6.084249009688695
5.067770174532025
5.655002632488807
5.040952611645615
7.099377127433264
5.842192753597542
5.584851261642244
4.960887135178955
3.603535704176735
4.964980954097377
5.985536069229797
4.647273472061864
5.572971069978343
5.128186846220935
3.604143970818431
4.543010184610331
5.053037864190561
4.9807314969323295
4.539897704565966
4.419390009233245
4.127408659292592
5.331377478109466
3.7774724767163947
5.3633441119282335
5.256354151500596
4.801056373726438
6.312143159271391
5.498419090001671
4.374868678549926
5.840885666509469
3.317861442350679
4.538489474190606
4.888180973353209
4.338038441621595
4.52578458217559
4.776280982350862
6.119624989452185
4.288163135725039
4.270399919262639
5.344907699083841
4.351803008053038
5.312790510555108
4.617041854394807
5.390018407393385
5.247770162092315
8.339074258727056
4.277520508953819
5.52856562645347
5.02094404399395
4.629001350314529
5.242368113111566
5.054780409567886
3.7811683755781917
5.018801642857768
4.231851496354297
4.1150569430104005
5.096758063330695
3.6492899410702564
3.7067401309808097
6.332456047060313
2.885738821355281
4.4793359736601515
4.094304085467701
4.950865078234562
4.49875759774888
6.237240087930803
4.023035512064342
5.762914097695439
3.5489622307596385
3.582822521665582
4.75631995830271
2.3899746197793217
4.775698002013895
4.064538370679926
4.6358795063915075
4.327373779068391
4.375651265046111
5.254495535183836
5.22326102356116
5.251508622533745
4.3577194605712535
4.7119855384031935
4.814173835295218
4.66895234088103
4.70381881420811
4.80221727821562
3.830359351027895
5.046910704148036
4.023748102287452
3.8500657429297767
2.6812620187799134
4.238723589866249
3.0249164783292346
3.4672056528981083
4.787396410549128
6.564873660052264
3.114479843389105
3.448232112245427
5.134918050633536
4.221731998302318
4.267307057976723
4.258813883695337
3.7421892537838883
5.361855070072192
4.923104358492075
3.3643507275868347
4.121968539914599
3.7796300856603517
3.9757673483755855
3.0771982449072377
3.3650352572677313
4.766407749995038
4.202492433841582
4.072131159128966
3.7282380202302225
6.4641861142935575
4.149296019088339
2.932117993357005
5.246949924638978
3.6454122306572065
3.812423110836082
3.6661172433997744
3.2779086114907705
4.286492561300595
4.435641024399687
3.425257637268967
4.327970487652002
4.29947828280705
5.514041013325806
5.020711347322773
3.957353123636157
4.728988329017604
5.277048330892016
3.5459051718590437
2.815618253140538
3.1002362749918744
4.235751420535423
2.1163129911378578
4.914658404334828
4.318442075340836
4.221512671284102
4.210124906704381
6.050482646044758
4.358536193768184
2.9989737975928517
4.293061823756607
4.130522721895465
2.691271552471099
3.3736994405863463
3.3883776177686675
5.5359814291199045
4.809519087550817
4.185399501963898
3.776022128070946
4.308643962498064
3.7521456805644213
4.569794491761261
4.553221209457627
3.8718123438733594
5.3831265737061145
4.373961390858447
4.160717414761031
6.106770803531011
2.6181391488622734
3.99198778497952
4.023476629345505
4.082704086270597
2.7441567288780653
4.246487640396312
3.61541841013564
3.3783244073942855
3.611970048259806
4.290326324739942
4.292311270065881
3.611332480692201
3.2065568505613893
4.709641095664766
3.7680731633747064
4.500988532547598
2.9645633967938245
4.260608690204443
2.859931706968281
4.5485041351230056
3.456207258419858
3.8207409621940718
4.152307205178119
2.1763930575991117
4.071716492374738
4.085949116972862
3.5571434079772897
3.4428703716645637
3.15084638170622
4.2351752508569644
5.367726515150732
3.7803071028104536
4.311144359271835
4.015249725707151
4.073360941269332
3.9544562228989824
5.110211878739022
4.210068699110438
3.8655251655037755
4.757847248404114
2.7728790654628366
3.5992676254913762
3.501286292517627
3.954998022083331
4.683608740568161
3.567229924654519
2.685060843549393
3.3349611737109996
2.60545417583651
3.6183384865246437
4.598143228640159
3.3776167266898685
3.280989285558462
3.2739205036174366
3.951212444929061
2.9550543682718717
3.8425447192319013
4.137660322365938
3.2325124826144287
2.870506933372882
4.759944075925483
3.2743785479278475
2.9214909400928906
4.348802414757234
3.521747785585898
4.706565567188793
3.429609539539174
3.198797908232168
1.9137151090911142
4.392478549370059
1.6429682909338563
4.114959868774922
3.5021166373734123
2.8204754214319916
3.4494510327500327
3.7862397824172622
3.09904012221981
1.6438779535668868
3.1217738216121993
3.809227974878417
1.9965645739877667
3.186707141222777
3.4083247878761203
3.0975637305527925
3.3966796255360046
3.6586691239089877
3.025098115481712
3.5063489828672676
3.104727808248114
3.653994219446624
2.488483337202558
3.7888286030954785
3.089972550256385
3.744924429114218
3.0719985714251243
5.232321696011005
2.988110051386886
2.4325976642193616
3.0006902268915265
3.9544665020097187
2.7553096423270524
3.054958746251133
3.0912082091801696
2.266138336448758
2.8631275831549257
3.017489376167456
3.352536143666064
2.6251383084389897
2.8413966215319104
2.46777005755791
3.3322885326213307
3.0060837266069873
4.422548533589752
3.421757477163165
2.950945915999236
3.5015453276810824
2.907860312886812
2.6186820000272104
3.253481401613465
2.575755613959498
4.317716829892662
2.5776908124486604
3.1719640240901046
2.3405630857580237
2.5500269047915936
2.57408075020821
4.005440128898179
1.9764457019390884
2.6845544876047858
2.384340242310255
3.3435071675727763
4.17985306142105
3.9637240025180356
3.298828243588408
