2131948537320077.0
1066732579371393.9
514135344572386.3
232960881597870.38
95496056443058.1
32479759116495.77
7233723733095.884
2790321700863.3623
31789471748986.434
3859530172030.145
23259984385116.188
7654862136127.072
16660360355485.45
8788689587927.188
58080628591985.16
42445954085160.81
6949656835979.594
46987809059214.61
46635207337716.87
8694006410136.116
138374639960479.53
130727515672991.53
28777343105884.754
27426497381064.348
25977498886737.625
48309521248077.914
33234642348345.043
37817791080418.32
120054654932335.3
61589316990649.51
128061624324138.67
123094767056806.95
43355212708693.336
589790742639363.8
236211197729035.12
72211688085296.23
711574856035684.1
640069250930005.4
181819349238234.9
97593105207647.53
1024253498244573.2
1135599320187592.2
370825324962623.06
124721307897796.64
107800998159250.55
128785201727361.73
220357767474309.56
104024231963758.38
598011692975979.6
250223118994921.75
177751814152210.9
192977945650969.97
197290112940876.06
242656728272361.75
221278651692659.0
278987826315620.2
625790224149804.5
413142822485066.2
253334721871747.72
1131836286420606.2
768089054936613.1
408054631176696.56
2831725178502309.0
3230278481095813.5
1341450013460094.2
425536024078781.2
495593982813410.3
1408898944500736.0
1015255066484142.4
566546084750380.5
613540680388073.8
1030775908974935.2
1766864989864648.2
817107378213042.1
947206686168880.2
950879067877910.2
6.67488964217156e+23
1.4104549162769134e+25
1.086490687161528e+25
6.566343381084817e+24
3.3664781893197195e+24
1.4034589031621593e+24
4.554771363022093e+23
1.3340334757827927e+23
1.9009567459663945e+23
4.806175714948804e+23
7.299965512821798e+23
9.746378335502433e+23
1.1551107156120761e+24
1.323212081569185e+24
1.415075713090441e+24
1.467011089276906e+24
1.504162908076203e+24
1.5039604878514207e+24
1.511529747532059e+24
1.526377538520591e+24
1.5426383225353067e+24
1.5003008998673295e+24
1.489875220766128e+24
1.5092369208395424e+24
1.4982883563293613e+24
1.4425000699885048e+24
1.4420186417152947e+24
1.425537970297277e+24
1.396143297699977e+24
1.3828486580239108e+24
1.3683850666393467e+24
1.3701393212979555e+24
1.335688762077312e+24
1.3256776271816718e+24
1.3095803470693927e+24
1.2711899584826276e+24
1.2523168318716756e+24
1.2455872509798574e+24
1.2220851225973366e+24
1.2109060051156227e+24
1.2080588832133164e+24
1.2229572847406868e+24
1.174184882910394e+24
1.1793332716425363e+24
1.1264245634063789e+24
1.107888745703309e+24
1.1128255942256148e+24
1.0801597909121173e+24
1.0764055390914063e+24
1.0348008304133085e+24
1.0303690784730715e+24
1.0291553215614634e+24
1.0422131350780638e+24
9.952633162588483e+23
9.500005411606376e+23
9.784785398634182e+23
9.483357433942444e+23
9.308381899875985e+23
9.275169134518282e+23
9.056988347450642e+23
9.02194205050482e+23
8.673792954822457e+23
8.690102376668836e+23
8.28930903665219e+23
8.31789957887373e+23
8.42042099327246e+23
8.170738056800189e+23
8.224362148652703e+23
8.000114775305797e+23
7.481924983776838e+23
7.599129683765539e+23
7.309471444615447e+23
7.817397958151158e+23
7.33582453588333e+23
7.083635023786801e+23
6.64703856800278e+23
6.80089922193525e+23
6.592378643014406e+23
6.58985718593051e+23
6.367639695893911e+23
6.163192579758116e+23
6.52607561543043e+23
6.055456545255192e+23
6.082044257093575e+23
6.122065801949135e+23
5.9553786090918516e+23
5.506688403563428e+23
5.655522063879137e+23
5.678180704863483e+23
5.4030524879337804e+23
5.4385675508582074e+23
5.293372658059165e+23
5.313993985446514e+23
4.9424051705682585e+23
4.985701983707951e+23
4.83329562955637e+23
4.6054169816382644e+23
4.579223490108828e+23
4.298620086549014e+23
4.488824324755097e+23
4.418883432985163e+23
4.579046742751626e+23
4.082685426064919e+23
4.071859187675121e+23
4.0200460519753766e+23
3.641393217069426e+23
3.7255454380746405e+23
3.658277875211166e+23
3.6516966436743086e+23
3.5456868663217706e+23
3.509057354382075e+23
3.5341779605519345e+23
3.3519044568583553e+23
3.195978480855381e+23
3.1433196996847355e+23
3.1092921378608846e+23
3.114020773876592e+23
2.820958476546936e+23
2.466653497995131e+23
2.9743414304034518e+23
2.7166762003825947e+23
2.6283298618948384e+23
2.8024674575200202e+23
2.705625674899006e+23
2.3098218585502214e+23
2.2583337117373266e+23
2.4089222720970513e+23
3.028625623338392e+23
2.4154103313372705e+23
2.369512514490351e+23
2.6305544351643414e+23
2.1552645382225255e+23
2.4683695561241e+23
1.8141431185188643e+23
2.002236525453859e+23
1.9746462849252076e+23
1.912749761318723e+23
1.8768713297008828e+23
1.841824071660793e+23
1.884538321670687e+23
1.7814274787635077e+23
1.7113717530354227e+23
2.0642341196264163e+23
1.7848341989620694e+23
1.993918342675587e+23
1.7078513472966156e+23
1.671410714693553e+23
1.5185500282738245e+23
1.599914256767979e+23
1.4927895071014772e+23
1.4317745838451355e+23
1.3495899029511265e+23
1.7576801578388047e+23
1.3979776626172009e+23
1.3982336689221493e+23
1.5914118488622107e+23
1.1024043018915286e+23
1.20547411145819e+23
1.551395606505691e+23
1.441754355101862e+23
1.2830813682430128e+23
1.2513208893042454e+23
1.2838218997801976e+23
1.1520850244099163e+23
1.1522816385157355e+23
1.256792697479957e+23
1.2503418102534939e+23
1.6170706132406513e+23
1.259999564305636e+23
1.2669521104725156e+23
1.2515269090391884e+23
1.242376172068802e+23
1.2598264696369688e+23
1.3867886346789526e+23
1.6139339462129738e+23
1.2595833047303764e+23
1.5228197216652334e+23
1.4956970349778746e+23
1.3684872445891674e+23
1.3838735830784113e+23
1.3757062825749865e+23
1.2623680800844358e+23
1.2801346017146283e+23
1.0212772946334856e+23
1.3731594468913214e+23
1.3851686930748784e+23
1.2786296208344283e+23
1.5056779763954282e+23
1.1260213289061753e+23
1.604354697653097e+23
1.374804444031241e+23
1.5107989424728372e+23
1.2648688687463458e+23
1.503383714143816e+23
1.1542200095790713e+23
1.2651970901285418e+23
1.6230671993855786e+23
8.816718547815023e+22
1.3806235221838334e+23
1.7743734638250508e+23
1.7263968956956933e+23
1.3825314544412041e+23
1.5023562919493853e+23
1.3876056971410441e+23
1.4071766489266712e+23
1.6169571696872987e+23
1.3638011847028015e+23
1.5083803384055022e+23
1.5078101763084983e+23
1.7378193208897174e+23
1.5976459806329615e+23
1.3997302909541878e+23
1.389741778451266e+23
1.1402596033330409e+23
1.012644135543204e+23
1.142285420105011e+23
1.1582622434089413e+23
1.6210969071425904e+23
1.2501858911063187e+23
1.1538793163466081e+23
1.5147845009082118e+23
1.5088543816931764e+23
1.481439509375928e+23
1.3953887388369311e+23
1.6078592512923246e+23
1.2651612020486144e+23
1.4944138155654509e+23
1.2456832082918993e+23
1.3741332519168788e+23
1.3541571415619325e+23
1.4850872585143401e+23
1.393048819528787e+23
1.2639443846840608e+23
1.617683172689593e+23
1.0225748659246567e+23
1.6178274115838815e+23
1.266416673821008e+23
2.0637491676128455e+23
1.5077875795789549e+23
1.0321387880904646e+23
1.623460186059052e+23
1.2594466035116e+23
1.2608258903947655e+23
1.2491643211641914e+23
1.2553077709983585e+23
1.3847916410261845e+23
1.4796003714793653e+23
1.3627374063233189e+23
1.2491981447679419e+23
1.748218802747695e+23
1.3680585202821022e+23
1.8745988589360168e+23
1.7356418151723307e+23
1.3814038192615268e+23
1.125854944519366e+23
1.3902274683984004e+23
1.3917630514216392e+23
1.2572509736000663e+23
1.400435434233496e+23
1.6092502264646913e+23
1.7267491738670893e+23
1.5033870410352637e+23
1.72066539532061e+23
1.497507239143728e+23
1.2609257383396018e+23
1.1454076035726042e+23
1.7350766673480694e+23
1.4924473983150388e+23
1.373287543787201e+23
1.2453931048221582e+23
1.3762179157035833e+23
1.368786344733447e+23
1.2522976044955077e+23
1.2690365072659268e+23
1.3822721051517823e+23
1.520225193432623e+23
1.4074518639406933e+23
1.2619353260959377e+23
1.5011341174837257e+23
1.3625010932723389e+23
1.371385813830942e+23
1.5109979775490102e+23
1.3693081111855693e+23
1.4817333432049803e+23
1.3927920383109895e+23
1.4975038425158352e+23
1.2737273056611454e+23
1.3892688750964539e+23
1.3885907341603896e+23
1.6101941162685337e+23
1.2778424826705998e+23
9.97655566130065e+22
1.4815166780660213e+23
1.6200958508520052e+23
1.5073034950386279e+23
1.3704699043327138e+23
1.1351222952264188e+23
1.730383872438603e+23
1.2676604654424984e+23
1.4963557909158635e+23
1.3897438875759013e+23
1.3736025512042348e+23
1.2809317267126142e+23
1.1372431138415829e+23
1.140740166580616e+23
1.6367040337061098e+23
1.7534665356497347e+23
1.2407515468638926e+23
1.2657947446208037e+23
1.275929845355026e+23
1.5236437428414448e+23
1.2720573285756896e+23
8.908072112656722e+22
1.4920569927467052e+23
1.281087701134948e+23
1.2531089477940073e+23
1.033209993554349e+23
1.1558862246902733e+23
1.0203024007484964e+23
1.2769738586840244e+23
1.2540596082336537e+23
1.3965667137357259e+23
1.1502298238174599e+23
1.613788899179551e+23
1.370936279120202e+23
1.2579901442261352e+23
1.393535688973355e+23
1.389865704785447e+23
1.1365740426003768e+23
1.5855386842322127e+23
1.2441013652029828e+23
1.617845348372805e+23
1.3877057413840817e+23
1.2790221151714531e+23
1.2647745734053434e+23
1.5004217586545796e+23
1.2738836504882311e+23
1.9907177762185336e+23
1.401477449620475e+23
1.2461526612938121e+23
1.2485083113409482e+23
1.5060297049563369e+23
1.1392853413797713e+23
1.6341127393150306e+23
1.6266939690925527e+23
1.2478021735575156e+23
1.3763137427375838e+23
1.497436803702219e+23
1.1417465897015506e+23
1.6258362733515515e+23
1.26990933138947e+23
1.9692463917499427e+23
1.261790140935809e+23
1.257823927704475e+23
1.3722228907548233e+23
1.6120095844855767e+23
1.2480233574508778e+23
1.758014169202065e+23
1.8778335368151827e+23
1.2751316644587363e+23
1.4993869665274052e+23
1.4739213061394434e+23
1.0290389012144232e+23
1.3702283265064602e+23
1.5132401919567278e+23
1.4087137378002418e+23
1.6113928265110096e+23
1.3814851253686202e+23
1.4060566592192635e+23
1.2660545382735473e+23
1.5063652990860262e+23
1.372634697661109e+23
1.7452128550652237e+23
1.3868959244346352e+23
1.3895365752997065e+23
1.875772681854541e+23
1.0259563466291978e+23
1.2769366410427669e+23
1.262996807965958e+23
1.4801542679533346e+23
1.0251041887247925e+23
1.3910351353073564e+23
1.7445295365805334e+23
8.98703772635536e+22
2.2002470285915598e+23
1.260073833354741e+23
1.3647796448757454e+23
1.2524495751198684e+23
1.3826279834085271e+23
1.128237932762425e+23
1.2583565853616962e+23
1.3906903222602776e+23
1.3740264147036098e+23
1.7216090185186974e+23
1.3583496168827466e+23
1.362978297870746e+23
1.1460565704635988e+23
1.2536221346440786e+23
1.3820780965659978e+23
1.4980733389041224e+23
1.5249193645507582e+23
1.7325428448134877e+23
1.3868903920847614e+23
1.2632692271583854e+23
1.2457018993113801e+23
1.633428490351575e+23
1.511857958520078e+23
1.3467000688773192e+23
1.4876184677271353e+23
1.3649750978768889e+23
1.5197211908254876e+23
1.2691137596234372e+23
1.6298550611725245e+23
1.8394787981274832e+23
1.637805289805649e+23
1.3650632684039847e+23
1.2597429976003264e+23
1.2613111684705808e+23
1.3901918995478108e+23
1.2504535798364063e+23
1.0136899135775292e+23
1.2583936940027889e+23
1.498512867138647e+23
1.5125203655964493e+23
1.3647732175986195e+23
1.2655659053627541e+23
1.0143008365350356e+23
1.5116600639682723e+23
1.2659394143349804e+23
1.2509117513110541e+23
1.3900485279839887e+23
1.5044334816168113e+23
1.1216582411180537e+23
1.2541869068216264e+23
1.7562007464106466e+23
1.2586353938423259e+23
1.384490126826045e+23
1.37568315271552e+23
1.3827157898742564e+23
1.3649100933114848e+23
1.1502653742701923e+23
1.2711460795076029e+23
1.371304250949321e+23
1.1216889881595153e+23
1.5077889969890334e+23
1.3733136887739833e+23
1.3840580319377206e+23
1.4986503289313657e+23
1.3530382486278906e+23
1.2636093017578019e+23
1.5091729726945989e+23
1.4999132378029592e+23
1.6281816947000176e+23
1.2910779861347502e+23
1.277041045068036e+23
1.2601205528569297e+23
1.1404562196621043e+23
1.138536561687519e+23
1.8888653912680932e+23
1.3826235474648778e+23
1.2680594679297131e+23
1.4978058464824343e+23
1.3738575608226082e+23
1.3752634388303939e+23
1.3794768519121116e+23
1.2267483171168892e+23
1.5056487776499093e+23
1.2572215812079222e+23
1.2653036834988147e+23
1.6194096931822565e+23
1.3824228883086842e+23
1.246454016052655e+23
1.3594968233439023e+23
1.4022990266148452e+23
1.3633970873553344e+23
1.7324325427350407e+23
1.6301900298974505e+23
1.6225243942698927e+23
1.3652327148510028e+23
1.010200501170788e+23
1.2554401173505167e+23
1.2640535677872931e+23
1.1484881279685684e+23
1.6242197198903273e+23
1.263556610009303e+23
1.3997929632138554e+23
1.2545436277899753e+23
1.3851657319581234e+23
1.485971834136574e+23
1.5241592858410388e+23
1.1328759435444784e+23
1.141738689881965e+23
1.494008075872685e+23
1.3900998799931854e+23
1.515134331593495e+23
1.5070604743777627e+23
1.2498043866538083e+23
1.3937183070062138e+23
1.3968708255419658e+23
1.2481250676586362e+23
1.2570548493422936e+23
1.4946113160930824e+23
1.3869844540870874e+23
1.5170227667931148e+23
1.3843603062426778e+23
1.2553887547350164e+23
1.2592809350706717e+23
1.5857037493376476e+23
1.5137205308809842e+23
1.012049396356625e+23
1.5050558163857429e+23
1.1365434953653554e+23
1.263895786214022e+23
1.4886774127325394e+23
1.3908539791137693e+23
1.1582168733141085e+23
1.4735506293357982e+23
1.6244955937597622e+23
1.385613103186923e+23
1.390553190935499e+23
1.3865882074642589e+23
1.2750828564734105e+23
1.3639964988021628e+23
1.5048932292391465e+23
