-0.6817577683758157
-0.589749586917127
-0.5137018612746534
-0.44270510509096345
-0.3861732643149974
-0.34012782474739495
-0.2957040115639015
-0.25719913434936625
-0.21720856619406478
-0.18601126270249752
-0.16090303819536173
-0.1369845266578812
-0.11786744256707866
-0.10552874850471995
-0.09088341706095794
-0.0729612465000598
-0.0602209676029999
-0.04220479815296019
-0.033680236561029545
-0.025690718785875664
-0.018539939412614035
-0.015280264850703558
-0.0018405370923443988
0.0038358122979625384
0.011122133970203155
0.015294836768951853
0.020578411899058482
0.02275932970480419
0.022795869821695507
0.02219028800863762
0.03023209899711428
0.03084415070010655
0.03054558666145529
0.031341035909469635
0.03329130103323584
0.03267717981787376
0.035422403190546195
0.03299362282168345
0.033639265090192334
0.0335925934698146
0.03318425672756815
0.031270955946929975
0.03348276476508789
0.03380438579314571
0.030407031584414504
0.033871590718455996
0.0305661795868483
0.029408028201688998
0.03193003319659256
0.03222252206200498
0.031260920423601894
0.030705718657297425
0.03373677242541754
0.03278663197342285
0.03347250493893805
0.03182014115223879
0.03590890399463139
0.03200270836512138
0.03264228999051595
0.035536951054730835
0.027543913564533392
0.03301901267590006
0.03062302162692908
0.032696902447205876
0.03390431544501653
0.034930019044504414
0.03239220752876297
0.02593875613706906
0.030111092763233604
0.030839064191728903
0.028852364011303644
0.02863615288928623
0.03141929966703192
0.030600945872887593
0.030474408683590463
0.030283192942634263
0.0328319446506894
0.030817262298344642
0.030540720834200896
0.03351345931242713
0.03214729373775906
0.031784685286257275
0.029307596505964373
0.029007168689326086
0.028738211523954373
0.03166935737588883
0.03247262175436856
0.031008736695778333
0.031335377651263784
0.03218135579727912
0.030997037670651206
0.028919816112820892
0.028185580085270466
0.026269358596510264
0.02889630768517919
0.028260556627279783
0.031771954032285825
0.031926601660147734
0.03542327276674262
0.035004700511228184
0.03605662777760907
0.03442182061730023
0.037166536524062224
0.03377957205491207
0.03586646364707786
0.03497366394749801
0.03297941149557354
0.032761786294738866
0.032505739110196066
0.03185729577898007
0.033931714533323436
0.030810064095148127
0.030646811405885613
0.033493942780746015
0.03208661981441493
0.030431253714534534
0.0327451052408446
0.032084052874242805
0.02904791829002033
0.03444031005424042
0.03375826434244449
0.03502847937305635
0.03244363152667937
0.03551487157746197
0.03124943876909306
0.03668790673873678
0.03634528841856123
0.0362841800625443
0.03639365493201153
0.035011461006324636
0.0355956342952141
0.03943846250168645
0.03972212605000016
0.036067511006890825
0.034044264534354954
0.03561820745161527
0.03850848366835572
0.037357225682913935
0.03725005820018093
0.04037361185199172
0.0375865131261548
0.03523250527978072
0.0364288607456219
0.03642137866142523
0.036128125351354554
0.030914384612444425
0.03107672852428635
0.03271563641532174
0.029333188395926423
0.030918874180686003
0.030556764137335858
0.03078478042948489
0.029148250216587554
0.03270736654048542
0.027471298728440247
0.02923405689730322
0.03043591058469588
0.028604264569164824
0.028954460024138214
0.0290618875445465
0.03041855696071948
0.029603484642638685
0.031617544982033334
0.02880463861483955
0.029668452911927736
0.03131463307018698
0.03226302257912739
0.028504291648363503
0.032321364764635756
0.031009668376463875
0.03281879473811683
0.034435656132988456
0.033128706535699236
0.034751353957100786
0.034067216714595665
0.03373885927665918
0.03335418608013227
0.03330283149679421
0.03182202302256812
0.03256055882782601
0.03094229052345968
0.031598815817036816
0.02942118449787827
0.027808679887674752
0.029033627309207537
0.02889745491063582
0.02799245939855716
0.031182769381266923
0.02990300167358057
0.029408634997997077
0.031331873043858774
0.03209311404480639
0.03422040848944519
0.031009520100178982
0.02887926293207103
0.029173271404192718
0.03139229330488395
0.0301502318147935
0.033295057225650675
0.03343649102329713
0.03525515391563156
0.03575918153434603
0.035106881553589514
0.03419253499768568
0.03159528989845882
0.032936676723739844
0.03162394342863368
0.02725976180544808
0.027451806627170814
0.028909658935504737
0.032468109647908576
0.029430636566147063
0.02914653963264291
0.029707079529053815
0.030655859188399116
0.03140115579708029
0.031028962074420845
0.032232631498385435
0.027875182859454516
0.029894240634372928
0.02900398943636908
0.0328311804011253
0.02683344812577785
0.03157242058422018
0.03097697088075549
0.030691160782065484
0.02732927290492127
0.030355227912383216
0.031168236014712573
0.029729421297727585
0.029955210621375947
0.03280300304702564
0.030453837609552215
0.0305231656163448
0.03133008946935654
0.03084599482838969
0.026805699706328897
0.02854697331309641
0.030897082662332938
0.033189976589118174
0.029667126678158132
0.03355066338566744
0.03159608958000368
0.028990882870913358
0.03381840930588167
0.034258249049782065
0.029721882787284527
0.02956523233489401
0.028555291701265223
0.033535942160803946
0.030489507800427335
0.030672985396382434
0.03274848948249398
0.03338054681859098
0.033478237038091246
0.03308380681270627
0.03199232995097142
0.033230282100559304
0.032134073428229014
0.033527942231389544
0.033730252575287466
0.03421652220891111
0.03376585986461578
0.033882324113251476
0.032719921586681355
0.032265532066163755
0.0331234063596407
0.03300728454231485
0.03206327194643105
0.03326298370178485
0.032396139939058814
0.03367593186161996
0.031055181173787312
0.0336827510790886
0.030837821011826035
0.03278028250976789
0.034967723662698416
0.03345067123280324
0.02869016214520379
0.028028623823618867
0.03163415200519221
0.03276414872051022
0.02308195546144745
0.029613883710485244
0.02708546475960863
0.03163914998354071
0.0312816733494401
0.02731358767170888
0.030106148955609608
0.028850851665902504
0.0303208302531188
0.03073172517649242
0.03313080096967814
0.03150727422359324
0.029587582188494794
0.03151163224081136
0.027581224088121584
0.02921731863029153
0.028448731898102524
0.030752625054974326
