-0.00013559109637350806
-0.0001330942328727006
-0.00013215847021696726
-0.00013099355979731585
-0.00012976117907888892
-0.00012879770608261433
-0.00012700464458655005
-0.00012601796282802637
-0.00012408101115786704
-0.00012180441505430888
-0.00012011612123348256
-0.00011768651056116195
-0.00011448961092586752
-0.00011281258599296817
-0.00011044386730813047
-0.00010817752104027477
-0.00010491111912545456
-0.00010229857065842759
-9.852125320224078e-05
-9.47293275466937e-05
-9.09648497303767e-05
-8.766026546706424e-05
-8.418158785125423e-05
-8.134243963650543e-05
-7.78840701476377e-05
-7.44539375073041e-05
-7.223435412568432e-05
-6.989463595828067e-05
-6.816156974135473e-05
-6.54511662234438e-05
-6.201171168289861e-05
-6.07922425368931e-05
-5.8660887380133266e-05
-5.6294760385822294e-05
-5.4773339955946476e-05
-5.057950519066361e-05
-4.825369611274395e-05
-4.6491121794385564e-05
-4.645179267412933e-05
-4.579701559787758e-05
-4.384860408539666e-05
-4.2225931926505844e-05
-3.853384388090643e-05
-3.7239420625867647e-05
-3.6476748810898475e-05
-3.526097370016788e-05
-3.412256050612724e-05
-3.3180185974913676e-05
-3.254866051750934e-05
-3.0248106722888718e-05
-2.918480444034338e-05
-2.8273852205360105e-05
-2.751193210228134e-05
-2.6299788400623442e-05
-2.6171588771045804e-05
-2.460280170842308e-05
-2.4328446212900554e-05
-2.4252183195797515e-05
-2.541425604541075e-05
-2.4989730460071337e-05
-2.4079982684137945e-05
-2.3896805305528428e-05
-2.335298440382265e-05
-2.3630403126285905e-05
-2.3130242816257434e-05
-2.1602122437432355e-05
-2.11872728303236e-05
-2.0356643564268645e-05
-1.9866163105083007e-05
-1.9635196147328375e-05
-1.9077567099596555e-05
-1.9658898771008254e-05
-1.8202220346297062e-05
-1.7639859310302397e-05
-1.7783311172998077e-05
-1.629195415785934e-05
-1.4300613031900052e-05
-1.4208071839131933e-05
-1.393283096155197e-05
-1.4093577281837242e-05
-1.3650048422649601e-05
-1.2970288556074637e-05
-1.2685840976299105e-05
-1.2636063717971963e-05
-1.3036889423215765e-05
-1.2390948687352229e-05
-1.1812708930876332e-05
-1.2151717646063456e-05
-1.190650075668333e-05
-1.0666197303300164e-05
-1.0469268657510778e-05
-1.0201095516689652e-05
-1.0517541629024457e-05
-1.218911079359571e-05
-1.2063643865716316e-05
-1.219247673707821e-05
-1.1919859564703094e-05
-1.156187121904533e-05
-1.1482801587247418e-05
-1.0889665532993147e-05
-1.078434884702813e-05
-1.112441707359611e-05
-1.130943293592537e-05
-1.1094913106124895e-05
-1.1053930523339288e-05
-1.1420456742959859e-05
-1.1130502312151253e-05
-1.0991083930687289e-05
-1.0372191067787404e-05
-1.0592666092339283e-05
-1.0306548833616074e-05
-1.0551768681467471e-05
-1.065719167028832e-05
-1.0244644231226227e-05
-1.0332029619331336e-05
-1.0070393394436039e-05
-1.0682801421887675e-05
-1.066775471366431e-05
-1.1190920226392038e-05
-1.0421559398479496e-05
-9.731673529190752e-06
-9.630405030859008e-06
-9.201648102147418e-06
-8.849367193501094e-06
-9.142047741173382e-06
-8.22422502698426e-06
-8.795466834448348e-06
-8.423908619922443e-06
-8.354279072119863e-06
-8.251443212413615e-06
-7.422281596100429e-06
-7.198397342274467e-06
-7.465003250653287e-06
-7.142122696775259e-06
-6.964715226893074e-06
-6.814107839711135e-06
-6.728160690867784e-06
-7.270172892772588e-06
-7.6128201024955995e-06
-7.037086561467731e-06
-7.405902337591255e-06
-7.127768206944052e-06
-6.9653759991864905e-06
-6.532000387480162e-06
-6.4228401188278855e-06
-6.818021801955834e-06
-7.02588419907086e-06
-6.836740908656468e-06
-6.7840130148834034e-06
-6.409193811750497e-06
-6.333683052466994e-06
-6.385092403101897e-06
-6.456461059260595e-06
-6.763342395644144e-06
-6.857802468327451e-06
-6.3570152585850604e-06
-6.658214101691491e-06
-6.362697970814607e-06
-5.799296751653436e-06
-5.914007326136089e-06
-5.863757671846952e-06
-5.602249622980832e-06
-5.537022797901047e-06
-5.455823633624864e-06
-5.103926771022265e-06
-4.988062813806173e-06
-4.654530863730006e-06
-5.0062712932438995e-06
-4.534997350062392e-06
-4.647912936567293e-06
-4.257819803989193e-06
-4.518667321293412e-06
-4.274461308268238e-06
-4.3824668886033646e-06
-4.828321582155897e-06
-4.46856415750387e-06
-4.625532151056347e-06
-4.018226954557161e-06
-3.6683790842050174e-06
-3.5484992743315593e-06
-3.7657737858663492e-06
-3.971799285069607e-06
-3.7191258842113974e-06
-4.458530291946516e-06
-4.5419212446586995e-06
-4.7484857376606075e-06
-5.12011420455408e-06
-5.03217788103135e-06
-4.883289505044188e-06
-5.530208812487104e-06
-5.565052272931531e-06
-6.34464014342455e-06
-6.300261442375647e-06
-5.979481825324144e-06
-5.494374283332395e-06
-5.172292788500627e-06
-5.2300733162040675e-06
-5.07031085894532e-06
-5.117626495522827e-06
-5.2626826842221826e-06
-6.050550117663316e-06
-6.30846544002035e-06
-5.661705376620389e-06
-5.580318744345937e-06
-5.502174043686372e-06
-4.863202484046322e-06
-4.7222331347627375e-06
-4.7951740470733e-06
-4.956795988319298e-06
-4.761316585167544e-06
-4.994611666995156e-06
-5.693976916141952e-06
-5.488998933269218e-06
-5.262591640666347e-06
-5.879084960928139e-06
-5.459645749681748e-06
-5.047128815281032e-06
-5.3236371794290896e-06
-5.809843439805737e-06
-5.771729801140857e-06
-5.574695547103341e-06
-4.744693094226731e-06
-5.3226778779864935e-06
-5.347036652146996e-06
-5.3755995498855e-06
-5.661050578766307e-06
-5.094920471279951e-06
-5.19199865339451e-06
-4.860770010266096e-06
-3.939887983273886e-06
-3.952642269737522e-06
-3.494982084641662e-06
-3.5686755576462764e-06
-3.807256593932198e-06
-3.7766324089222704e-06
-3.7431013080974294e-06
-4.136866907103554e-06
-3.714573012392665e-06
-4.028526191909439e-06
-3.395260742498806e-06
-3.5082105927356176e-06
-2.8718448899024753e-06
-3.7335914555206633e-06
-3.392424203337453e-06
-2.5637318804826255e-06
-2.607119229547911e-06
-2.423952140250579e-06
-2.5232071167704318e-06
-2.3086649533866983e-06
-1.909283715062181e-06
-1.4400908410974421e-06
-1.458646458865737e-06
-1.7115782352773385e-06
-1.4695662017369832e-06
-2.1160128973145476e-06
-1.9239214110024418e-06
-1.7284811908977313e-06
-1.4909319470943967e-06
-1.18909885150885e-06
-1.1208430811153985e-06
-1.3459318419415327e-06
-1.3227497992936021e-06
-1.5207804544332302e-06
-1.1889074383014428e-06
-8.875554898057119e-07
-1.2905358550776036e-06
-1.3638630025931888e-06
-1.7682568938152646e-06
-1.8644343094152322e-06
-1.551788100645781e-06
-1.9991530714224407e-06
-2.0836166408637073e-06
-1.8744375025396374e-06
-2.270134523819757e-06
-1.8581503777748326e-06
-2.0776907821078335e-06
-2.341626808824512e-06
-2.5672838183903224e-06
-2.231058685206097e-06
-2.3784087762075612e-06
-2.5124209663874705e-06
-1.9354355085161025e-06
-2.3124302199265775e-06
-2.3984583747798314e-06
-2.600878937246284e-06
-2.6748348306890517e-06
-2.5485058921816043e-06
-2.477039250310273e-06
-2.6130242760623977e-06
-2.5383066073387724e-06
-2.806540728443868e-06
-2.3960320231011533e-06
-2.73593049126342e-06
-2.950748993955054e-06
-2.531999988132342e-06
-2.6934029621403553e-06
-2.548985648458881e-06
-2.432818217659929e-06
-2.662583161720649e-06
-2.3036531809450576e-06
