-0.3239765602926989
-0.46800800067156145
-0.4224360879620069
-0.3679894524963042
-0.32407687112717565
-0.2865470144255408
-0.24843031549671638
-0.2143392575153008
-0.17820486325460175
-0.14777153272302626
-0.12379084987403667
-0.0988817495142133
-0.07966109962332851
-0.06678138388411349
-0.051705296227612114
-0.031365057167223265
-0.017719950361399155
0.0021502780573416412
0.012134716147919306
0.02043899593712455
0.028599419528475722
0.031573346668681446
0.047674224160022566
0.054282953530698085
0.06289509418381838
0.06770924856836609
0.07411171103652066
0.07630414566983222
0.07599693280936497
0.07461332070189906
0.08660307822510836
0.08649863542994546
0.08528295918784475
0.08631207984999283
0.0893415510437007
0.08774834919991781
0.0917745476946662
0.08784530838620808
0.08894590081469814
0.08924264899255187
0.08899517431056334
0.08536286067870584
0.08896087935374052
0.08944054616440182
0.08490155049978317
0.09021299962334657
0.08489406800770964
0.0835618046870898
0.08802071254679458
0.08700503846075883
0.086056887423578
0.08551211617036393
0.08955224477041467
0.08778853223443031
0.08945137985180548
0.0859118401900167
0.09286091035419432
0.08683663355979038
0.08767610177049671
0.09225711074500575
0.0806232090779938
0.08903619577594796
0.08520871380256015
0.08794042831713682
0.08998214025169717
0.09185952248555848
0.08732690753188938
0.07864119973391183
0.0856221070165909
0.0863460072023221
0.08399793464600831
0.08335969541398784
0.08672783949561381
0.08563730916972942
0.08597548726402993
0.08546492881644137
0.08929440824239014
0.08608895293936504
0.08547954184079298
0.08991782066408108
0.08763541166048512
0.08750818596423114
0.08414593888309532
0.08402164766226926
0.0834290821546241
0.08691721986599373
0.08817733564706293
0.08621435983126453
0.08679526294181275
0.08769321516628995
0.08670462975608191
0.08330563509174319
0.08294112260244807
0.08009670201888718
0.08405717898594807
0.08255416040390565
0.08777433007681686
0.08673336921340195
0.09190876409778945
0.09109114222967925
0.09182689600832815
0.09059005413688528
0.09411574777604774
0.0884977422990661
0.09231679982825658
0.0913328546233085
0.08819170721631721
0.08804318564713517
0.08784240660779537
0.0867690031890181
0.08991624107877254
0.08514638248926783
0.08520039079331265
0.09006363761322549
0.08691458259716799
0.08417937173164661
0.08869725728697722
0.08753341826855067
0.08233215853381472
0.09010217408309172
0.08944338763724785
0.0914475010320072
0.087050200833486
0.09137527216246677
0.08493098972669419
0.09340393931383688
0.09175141424103164
0.09222056482909491
0.0927486912618566
0.09025661609267371
0.09068205255155998
0.09633509700959234
0.09726304199242826
0.09156684063992458
0.08832811839961224
0.09096394519941592
0.09514682440195252
0.09314294739322003
0.09312930184185723
0.09752645942423104
0.09381752008587683
0.09043136672156216
0.0920853707537025
0.09286454537989186
0.09213624609897664
0.08453662124528996
0.08544375215838294
0.0883768388390903
0.0833703325532444
0.08605426054094481
0.08501726364751493
0.08549805657567096
0.08298290501518762
0.08871337010652547
0.0810516812093883
0.08337921734202278
0.08515223541981237
0.08228487944316894
0.08333250464390914
0.0830896686545352
0.08517565664262565
0.08379429618714333
0.08702902492341089
0.0823886969752995
0.08383181522295506
0.08640450253189828
0.08696370159261259
0.08196971275796883
0.08773128870908059
0.08543569161766298
0.08766899524196521
0.09006125897749406
0.08844089437155547
0.09008331388566608
0.08928646288958535
0.08878066401450216
0.08820925655770386
0.08844252950613578
0.08635639187855101
0.0875985255445639
0.08507901051777886
0.08679719371989328
0.08391369898957748
0.08174112618896821
0.0834026780887566
0.08310164339831268
0.08122813180132114
0.08638058907483893
0.08452909346095641
0.08321255447669638
0.08587245496649605
0.08702223267339171
0.08944457521799495
0.085679582332048
0.08245562988689935
0.08300723179569408
0.08637059720064036
0.08360108715893301
0.08883260257678471
0.0885169220927197
0.09038064031596972
0.09122856987411222
0.08981984535408817
0.08939234213464944
0.08586040805021836
0.08872408661924545
0.08630782213902474
0.0808770602234383
0.08064802027965948
0.08269944069003893
0.08816143697470255
0.08328289252918371
0.08283533781980357
0.08393336783472427
0.08525772444811447
0.08592562501242629
0.0855798267684932
0.08718299144271502
0.08038880354958808
0.0839041811221199
0.08271778006172628
0.08910559526141593
0.07918631619260716
0.08614656115265974
0.08557467238031881
0.08518240060138003
0.07977741569377117
0.08475940900565475
0.08563428204840884
0.08379231380814797
0.08382525262738709
0.08791403919799583
0.08387837395830466
0.08507298419927337
0.08604278979471273
0.08562265753675856
0.07987633715895906
0.08187026538451096
0.08551093280671261
0.08872323693727806
0.08304837613199044
0.08884338806740884
0.08681146243846878
0.08212387386305343
0.08914286417661813
0.09073007518739593
0.08340643352963957
0.08333528562073822
0.0825542071182251
0.08952398662090133
0.08458956352796508
0.08481674060832987
0.0879678369253443
0.08811619131840955
0.08848576549035696
0.08787073854536422
0.0864111164844646
0.08826993701361276
0.08701817813993397
0.08891869374222076
0.08885617920397965
0.08926319260585303
0.08894333966193235
0.08895887092231936
0.08756598258342108
0.0873983396816922
0.08797051029804552
0.0880678150977957
0.08659885221400952
0.08825134248551457
0.08714798303660883
0.08925949686681459
0.08511028597230987
0.08990028696299719
0.08442941888295427
0.08706137154917491
0.09071950773263379
0.08861481789011856
0.08175133621652202
0.08151850408126897
0.0870589411320793
0.08845274823949367
0.07467397626636667
0.0848339242219833
0.07984743471544933
0.08711484074416964
0.08567740014929082
0.08054171902853338
0.08487838776613404
0.08222718578457772
0.08496081493353667
0.08495408111399418
0.08891293250337161
0.08555672004261038
0.08340843007501735
0.08639776736940495
0.08112625322466224
0.08389094696175914
0.0827345766198215
0.08508875406075635
