0.35791680127883174
0.12187468079049592
0.09139793169618397
0.0748466462261382
0.06222615429070287
0.053709608429759186
0.047400700659678455
0.04298589523006849
0.03912778386715645
0.038361534292959534
0.03723230450522656
0.038220463326708726
0.03832083253090604
0.03886017696594458
0.03928856489559015
0.041704367047474905
0.04260592814765354
0.044457374739720536
0.045913474186172525
0.046224443961409456
0.04723032374552892
0.04694127152612347
0.04959894300714709
0.05052848401081559
0.05185084442945856
0.052488865954596266
0.05360553336398448
0.0536147106939476
0.0532692245329346
0.05248848384196869
0.056432991247864425
0.055715276707156466
0.05479603335734143
0.0550273385569144
0.056105023000649824
0.05512174858448796
0.05640039776450696
0.05489817678739256
0.055353087712808405
0.05569585277264793
0.0558547662909465
0.05413413040505277
0.055516648685528705
0.055673399870105486
0.05453099586776699
0.056376670247852555
0.0543620112042227
0.054186956603722324
0.0561232281578788
0.05481276448294497
0.054825151788033925
0.05483467129578321
0.055842984606907974
0.05502820012589624
0.05600504646265682
0.054116301715646374
0.05697633460332672
0.054858177199443546
0.05505922619826702
0.056745149506675856
0.053103375843176585
0.05604108006233709
0.054609045715191394
0.055267156533079786
0.05610095519759237
0.056951105440901366
0.05495588710108751
0.052722799865883394
0.05553088078972923
0.055526578446819255
0.05516464834349494
0.05474320204933275
0.05532674186525208
0.055054003236896215
0.05551886176042221
0.055198028065902946
0.056476764432969354
0.055285898950438596
0.054952754002150106
0.05641845503562079
0.05550176802220354
0.05573647105257535
0.054851028371375114
0.05502711525983813
0.05470390759092086
0.055260253520423755
0.05571652668076871
0.055217774861877594
0.05547179188980753
0.05552252519686646
0.0557180611019131
0.054396019964110184
0.054766060423764897
0.05383953242681654
0.05517293510561283
0.05430579628220891
0.056014295947966364
0.05481832943878126
0.05649697431214487
0.05609733141193911
0.05578105241678165
0.05617935746809465
0.05696052072868869
0.05472926486885392
0.05646139023647707
0.05637061091390882
0.055223426669937146
0.0552923906376552
0.055347039317741924
0.054922299669213394
0.05599483324789905
0.054346870065108896
0.054564236857456136
0.05657993983400041
0.054838295104332975
0.0537581880690499
0.055962834729798766
0.05546003360718151
0.05329543110806885
0.05567228522818978
0.0556948546421004
0.05642865205259154
0.05461577094299184
0.055869250025452705
0.05369069325674616
0.056724256819225896
0.05541492100744978
0.05594480890152669
0.05636339079996626
0.055253406726555376
0.05509384035678178
0.056903832973133284
0.057548381333473696
0.05550647191679531
0.05429081878913888
0.05535255202034543
0.056645068767157025
0.05579299177652722
0.05588685644872006
0.05715988445054682
0.05623841307501845
0.05520598935650241
0.055663475257107846
0.05644969891511156
0.05601454355517857
0.05362905445701941
0.05437404970655701
0.05566803953419457
0.05404392799875778
0.05514179591605699
0.05446683293378568
0.05471966131414866
0.053841111396521445
0.05601276672298938
0.05358724013648304
0.054151517246870055
0.05472298297587435
0.05368697763233901
0.05438384394153077
0.05403369530755313
0.05476296336986577
0.054196413610865614
0.05541701708717502
0.05358951422965718
0.05416846600489627
0.05509485748131423
0.054705333880667416
0.05347042710780217
0.05541445911382616
0.05443067108724019
0.05485445810443249
0.05563012180070239
0.05531646249893729
0.05533634210487121
0.05522407479269018
0.05504627295250566
0.054859696019448026
0.05514371632461556
0.054538037252670694
0.05504151519478952
0.05414048600959738
0.055202349688855415
0.05449623347195829
0.05393690456850942
0.054373592473114546
0.054208937033120005
0.05324079232729881
0.05520285165224624
0.05463097535702965
0.05380944984814564
0.054546146712766655
0.05493546343134362
0.05523046719696549
0.05467604147240586
0.053581861401450166
0.05383913266626549
0.05498353367710622
0.053455925520270405
0.0555426628509653
0.05508569369582034
0.05513153695171321
0.05547569671513139
0.05471862552703583
0.055205387497019844
0.05427062019749187
0.05579227320600116
0.05468860067505066
0.053622093512575554
0.05320117044313733
0.0537945431048148
0.05569832187352909
0.05385794981497567
0.05369428747008277
0.05423155059505107
0.05460774446397516
0.0545299291534297
0.05455591196017661
0.05495568352384495
0.05251943035167791
0.05401571207539456
0.05371936573081984
0.05627915916231724
0.05235819114517244
0.05457948719622332
0.054603077565815825
0.05449690087802475
0.05245323776428636
0.054409373519789916
0.05447090683370533
0.054066832742914274
0.05387399444158224
0.05511453167040562
0.053428105109711424
0.05455362564993554
0.05471647687278341
0.05478040535760613
0.05307477460130407
0.05332700634912836
0.0546178787354663
0.05553665589871263
0.05338475787622609
0.05529559637217082
0.05521910645556547
0.053136383236527425
0.05532701821143752
0.0564744328093652
0.05368697443277615
0.05377257681549271
0.05400122400988155
0.0559899536717331
0.05410149542580324
0.05414521365246877
0.05522105917242376
0.0547371142302101
0.055009644391285174
0.05478885575654972
0.054420514528682434
0.055041145882123214
0.05488529345237723
0.055391872154357265
0.055127272680776475
0.05504799286563111
0.05517900053329652
0.05507773575970682
0.0548469486074239
0.0551340984884414
0.054848468253783894
0.05506229872124253
0.054537444600406056
0.054989910374679825
0.05475384233838202
0.055585649191154496
0.05405697919009669
0.0562198058552481
0.05359345593455213
0.05428316678981491
0.0557541256408608
0.05516671404610644
0.053063405316833304
0.053492258578963524
0.05542730144462946
0.05569053493383059
0.051594333474894234
0.05522243898703287
0.052764570898356185
0.0554783658539617
0.054398275065232225
0.05323060826469203
0.05477485205995402
0.05337887268696613
0.05464279121870358
0.05422475211153409
0.05578486751815563
0.05405239645352451
0.05382337981979523
0.05488882837165861
0.053547578113864853
0.054676061135147
0.05428850731311668
0.05433843236019309
