22.667298043691193
4.278287842182013
3.65591226541079
3.880312238748257
4.150969534653884
3.238312431023671
3.528976851243239
3.1272065073251722
2.9976536315221054
2.768801080722075
3.3796719376857465
3.3808987599152784
2.707207383788549
2.476663641975476
2.081479629644981
2.533484276326803
2.8161784428816574
3.026711641252041
1.9409691126300739
2.81367999292337
3.255413338771233
2.031122127519204
2.9051038714555593
2.4968263649023497
2.608778995733995
2.3203374658639615
2.5527008776481335
2.843860810307356
2.468531090594255
2.400613179573646
2.767691858915182
2.1333492097946314
2.0727925044412796
2.547608656378893
2.008984766442042
2.0657691745803906
2.148475127495252
1.694712528013266
2.0818295859373532
2.1500597997353625
1.8304686330258846
1.859997550570048
1.6579649429768324
2.1399506450845647
1.9622955087858898
2.43997941922683
1.8808635242856466
2.083541250228882
2.2685564870444628
2.0870739535070384
1.934533101778764
1.8907499175805311
1.9444351818125982
2.1066462653187603
1.7682928142639307
1.8883580991281912
1.8293741609614629
1.975979658903984
2.0747635585757402
2.0377807105389927
1.8545927122808419
1.7681514678093104
2.146031679213047
1.721315945770878
1.7756957926429235
1.7288504045170088
1.9445815298992855
1.9052756776030246
1.9506185893829053
1.8381754629887068
1.8003634106081265
1.3333578615091168
2.1076719814768206
1.6746235840022563
2.1717353490109628
1.7100053600107248
2.051314614426631
1.5849491925766834
1.678765846674259
1.845126505368031
2.115108592263781
1.545370978432206
1.6799253022154936
1.4704567910386965
1.7708301048152721
1.6381664238870144
1.4470533209351393
1.5750253716626992
1.591451895294281
1.60358745060288
1.4097070599118104
1.6045650547227035
1.4747659107526907
1.5683342405809806
1.545141023827287
1.5718946448312356
1.9247725685342
1.662667686291612
1.6199288717972544
1.6301404045751462
1.4727500780843772
1.346497478063863
1.8222738978954462
1.6875878911751967
1.4386202954902099
1.2730432676867798
1.4786215965564435
1.645251703950075
1.6811718903768522
1.8747432591823432
1.3908107843536597
1.831981345409384
1.6831293827066054
1.1488100924600775
1.4079226339809023
1.143833003880886
1.2396411027186192
1.5250209957647782
1.2422095708262462
1.5950176838212289
1.5875225680378766
1.403679380967067
1.5734163088867297
1.6243625724831452
1.5276134823663876
1.5080978517922072
1.5515683476454936
1.4439419540361715
1.5157944223628594
1.5014179496524425
1.7243758227962713
1.562787362245413
2.1173297059077485
1.4091716095518607
1.2827682226323165
1.1996496523515536
1.4809423473735268
1.1445000068499491
1.4440409183072356
1.1478438032361178
1.5322083716209118
2.0663078766889296
1.54807370176109
1.870599924429105
1.3693877113839754
1.5654420647770166
1.6068193853761141
1.3984679002028244
1.2968001327262475
1.2036098580807448
1.3711226510600403
1.224747329348555
1.4211782751175073
1.5939693361090925
1.2347104069705193
1.659219882493982
1.541126881668774
1.3749438286687319
1.3195242961438802
1.3428398942431579
1.3776371145191102
1.3397119793181236
1.5489742065779866
1.3985452998142975
1.7520640464929433
1.4520081155073756
1.4849369928097496
1.5870827336150866
1.3700627421530394
1.2701825563580944
1.1669367517989415
1.6214416661084845
1.2958433674791685
1.603778531259069
1.6808783043892337
1.2700259019549076
1.2456535327606477
1.3650629403499457
1.404469637400829
1.59968717281635
1.235363451592051
1.1651480618147896
1.2918002356130343
1.4162900203409103
1.1930807360376303
1.230751627869904
1.952508104721514
1.4866092363229164
1.1705833659722256
1.260831762649692
1.3399897420062468
1.247437756967086
1.2518728924771914
1.2855148638956821
1.1514675337964526
1.252402067786226
1.2473024891259579
1.0862844502123503
1.0331826810653393
1.5685697979651965
1.417537250312475
1.3883965075589144
1.0762641158241493
1.2452655558546002
1.1262514170689077
0.9973589529498266
1.231579713938901
1.4666863633463016
1.2607097005185026
1.383001199694207
1.6089188512414694
1.5381184262438463
1.2197942939228736
1.2565078471572353
1.315959874368631
0.9921459937754732
1.171502870077697
1.1043071032000276
1.2375235512422829
1.1783679322984355
1.3144539368697084
1.0826068291942088
1.224124229312516
1.205337868974759
1.1529982095584272
1.163165090376368
1.2303418808545057
1.2278202795495208
1.3814972317132812
1.112591566159748
1.3750911009856142
0.9698665900227542
1.2439897496683092
1.3746853838173243
1.3303735722429477
1.429621679837314
1.5207314623806338
0.9115305401098269
1.2027585779245082
0.951883809769956
1.425031829969241
1.4368980614038613
0.9394867297835074
1.5378947239082592
1.2959005976668918
1.0916685787531046
1.4902844486328273
1.161292748554395
0.9866737669620377
0.8552787458667388
1.2909514567313285
1.6300108410346394
1.1538954467297746
1.1600585431720203
1.13825772223421
1.2236410255185686
1.2314484621756352
1.1893345297815707
1.1560508617414877
1.1085462461154048
1.109994626059555
1.1289037233648391
1.069163665547967
1.0812122913937157
1.2139377092297834
1.0594170113595633
1.2933662798398962
0.9129173210034004
1.2293888287618757
1.1410934741967
1.3767206102323073
1.1311497556332213
1.1636699832617663
1.3470433798833534
1.2103151271549555
1.1183562676207377
0.9147960087427727
1.1287230792956857
0.9744047248019622
1.166950388539296
1.0725870150069778
1.1313081916708212
1.182378094500074
1.043777573445382
1.2691889387483781
1.0672168433236389
1.0510647761850402
1.06441936448503
1.202710680025988
1.0771798637337409
1.1122057587051621
0.9753411737270653
1.1149392287031963
0.9713818687802324
1.0080907279625535
1.1133207039406092
1.394695507720686
1.1798298297449947
0.948617282567116
1.2310063457331406
0.956262831003047
1.066347495538111
1.287810541431491
1.1108719517691776
1.163794376500524
1.1419505781852282
1.3090661091729998
1.108969260752201
1.0488108549840176
0.8511323230412717
1.269728719844268
1.1188083841393774
0.8737280823863469
1.1380048033136587
1.437047304943777
1.1423882842350466
1.1020376569233261
0.9784813703109438
0.973274794421517
1.081467327188987
1.0995717817201065
1.0209822033173763
1.1866350484868655
0.9554155518587392
1.0117603545865188
0.9838940181124669
1.0296739455813972
1.1896700310305908
1.4283958920134374
0.9888264401600911
1.0751328799801951
1.043395326530131
0.912022827572834
0.9723153907734041
0.8011947584266846
1.1208174861251161
1.0688650851496138
1.1530815511798629
1.0558855788352397
1.2545247761890865
0.8030493338090869
1.1796936296213132
1.0857269803348641
1.0759482632606074
0.9671567117365507
1.0007684516577193
0.9374302474853511
1.1417901500772971
0.9605441326132187
0.9719964580682035
0.9858890798372718
1.0057104073966352
0.9898941841836159
1.0803327885957865
1.0575744078279687
1.2538442897252164
0.927786679379642
0.9114483232251727
1.1527062590735464
0.9252513124894064
1.2125374097663624
1.0401845076336311
0.8155986234688988
0.9605099763864509
0.9550477222467845
1.1903533195933471
0.8573011230175885
1.234503113431856
0.8390227400912689
0.8743108898401261
0.9332333695215101
0.8994506393630918
0.912166825022835
1.142926200858962
0.9970209799993497
1.0928074489419277
0.9481397896217039
1.1548980773068391
1.0004046995980809
0.9375382416380139
1.2518590867376098
1.113281125517992
1.0258987559148898
0.9116705327079846
0.9630206807444875
0.8286590104636091
1.0226487006848821
0.9585760525212839
1.1035582483817752
1.1700095642358064
0.9001062086210228
1.1637624393647106
0.9027212924825457
0.9358158162580087
0.7583664557466713
0.7770747815760283
0.7790969406899352
0.7633923995523498
0.9254067385139374
0.8461530283953135
1.0922494414119193
1.1596169052932126
0.7271714760957716
0.7778455906368505
1.0059324450719243
0.8576050834157146
0.8416539499858537
0.8642272086814046
0.877968642839159
0.9278838205652741
0.8930401400806239
0.9914421568123194
0.8711200510581526
0.8561369487227729
0.8952580839753724
0.8886899198548726
0.9315037836535619
0.9057374535271755
0.9910476909305613
0.8407769709180754
0.9669308407303806
1.030832321024858
0.9179511427807693
0.8253554692348608
0.8422012506984174
0.845745687201046
0.9841618743940042
0.7932904094600907
0.877374589880212
0.8283665886650292
0.8143421928971433
0.8938020709328927
0.9271063273772597
0.824963141984951
0.7669548148002762
0.907431252909681
1.0908478592737363
0.8935762636793347
0.8661838180958652
0.8983128495371112
0.905999859673186
0.8361590917580403
0.8004939906657316
1.0734412519404521
1.4308741171486103
0.8323066267543114
0.8580885362954667
0.8758115990947072
0.8510142228924311
0.8205469058110164
0.9223079085779878
0.8151677368925168
0.8383793408695895
0.8735091713615335
0.8031217641841907
1.0994475832925392
0.9400101642339276
0.8206059572501825
0.9030539330095053
0.7966134726642989
0.8835409951038086
0.8609071272067153
0.8373344247121937
1.0262026300438896
0.9199346593222939
0.8895022650822424
0.9127205638000025
0.7067980102406671
0.7212929208977864
0.973411422337477
1.0173705905246047
0.8926873902002206
0.9745827605947852
0.8697696097983191
0.8424297188981794
0.7798597813870471
0.867897207590823
0.8274885613041428
0.9432233911007643
0.801726790660849
1.0757566885449565
0.8544672327975814
