2.798936462402344
1.6202279893251565
1.3893078125440157
1.2133355452464176
1.0533913942483755
0.8840360875313099
0.7497116327285767
0.650511937875014
0.5638631275066963
0.47620486525388867
0.4056804812871493
0.3490532359251609
0.3229181147538699
0.28431324133506186
0.25122434760515505
0.22067449539899825
0.19473564533086923
0.17400941241246004
0.15016570423658077
0.13609634729532094
0.11888356162951542
0.11206969670378245
0.10181585017305154
0.09907619208097458
0.09233106787388141
0.08839889810635493
0.08749465223115224
0.083119429819859
0.08086362094260179
0.08790849722348727
0.0744480583530206
0.07822517185257032
0.07336048736022069
0.07498760507083856
0.07457954158576635
0.0782254122197628
0.08036520833579394
0.07800267502092398
0.07427013338758395
0.06194075119610016
0.06309104925737931
0.062497813770404226
0.06271629200245325
0.06305801974466214
0.0631040759384632
0.061322472903590934
0.05405825740442826
0.056867310605370085
0.05877920813285387
0.06046483890654949
0.06759608347828572
0.06574414386772193
0.07175323521861664
0.07243706374787368
0.08319765997047608
0.08222833728561034
0.07592636891282521
0.0807697187249477
0.0758815969985265
0.07471627802229845
0.0792953862880285
0.08706022022435299
0.07718170356865113
0.08422358847008302
0.08114194583434325
0.0757248722589933
0.0789588225289033
0.0722413904678363
0.0663328284254441
0.06744783555085843
0.06598529093540632
0.06433483436703683
0.06105531511398462
0.06081905814890678
0.05986898352320378
0.060836260493558184
0.06166083080550799
0.060579255796395816
0.06258570927266892
0.05940167075739457
0.06925524599277057
0.0677262074385698
0.07021660091212163
0.07674407752660604
0.07875465386762069
0.07543448651066194
0.07238207536821183
0.07154547735475576
0.07229009608809765
0.07024930380284786
0.06338878302620007
0.0644189125356766
0.06512911013112618
0.06291789283546118
0.06017005844758107
0.06333079687677896
0.059434562692275414
0.054661637000166456
0.05206851606758741
0.058574058430699204
0.05680772662162781
0.054636260924430996
0.06242150518183525
0.05921302053790826
0.05832987937789697
0.05679048913029524
0.061269580572843554
0.05714477879496721
0.04824670091844522
0.05855761353786175
0.06195882223546505
0.06717849855239574
0.06888806315568777
0.06252394450398592
0.0666637017749823
0.05970122550542538
0.06691859215497971
0.05946551180229737
0.0625414288101288
0.059701181002534354
0.05495528954152878
0.05517607700939362
0.05761136057285162
0.06462991320743011
0.05456109668772954
0.06011199598702101
0.05809520222246647
0.058412761040605034
0.06052689841733529
0.0712192785854523
0.07251934030881295
0.0707564647667683
0.06792659144848585
0.07232307817500372
0.07049479662225797
0.06617148962731545
0.06852346257521556
0.06622515358030796
0.07451199702918529
0.05861588366902792
0.05888591222465038
0.06046231343195989
0.06096188150919401
0.0632442719088151
0.06423414134635375
0.06332126142313847
0.07026577081817847
0.06351560895832685
0.06227446450636937
0.059353074374107216
0.05844031807321769
0.052996186252969965
0.0630703735523499
0.054856909725528494
0.061209313657421334
0.05340517464165504
0.057750186696648595
0.060527407721831246
0.06513643683149264
0.05369099060503336
0.050252430671109606
0.05084542786845794
0.0492794166963834
0.04936522093529885
0.0499700804742483
0.05357494649405663
0.06070127682043956
0.056559945184450885
0.06473310652833719
0.05226206980072535
0.06455072723329067
0.06633538577992182
0.06559925661064112
0.07006010126609069
0.06563313950139743
0.07062419830606534
0.06332161326247912
0.07073045544899427
0.0671126150741027
0.064469069815599
0.06809177622199059
0.07019837570305054
0.059269920707895205
0.06698001743509219
0.06921674944460392
0.0671148519963026
0.06293230062493911
0.06793208196759223
0.055197983693618044
0.05812892827850122
0.05925798929081513
0.05568163076845499
0.058708324598578304
0.06873348040076402
0.06065208427608013
0.0688072950221025
0.0617715499148919
0.06218054053875116
0.06051175101445271
0.06477532292214724
0.053542932868003844
0.05240376471326901
0.05251193889058553
0.057978360297588204
0.05807215892351591
0.0573806568980217
0.0662835561312162
0.06074668762202446
0.06941412784732305
0.06640943174178783
0.0701285608112812
0.06274467408657074
0.060722118272231174
0.057157177220170316
0.051497515434255965
0.05842864716855379
0.05928242209439094
0.05315688223792957
0.04985509102161114
0.04852658985899045
0.04442704718273419
0.04908641972220861
0.048088538016264254
0.04857230418576644
0.04170487884145516
0.04864011338123908
0.05162580474638022
0.0487164801129928
0.05440073016171272
0.05503368727289713
0.05240615769647635
0.05849403294806297
0.06081656750578147
0.05619406502407331
0.06427526236153566
0.05742903712850351
0.05565618769480632
0.053235261829999776
0.05490526344913703
0.04420290749806624
0.04924845050733823
0.06218147948384285
0.06295753534023578
0.066626764776615
0.06001223801420285
0.07417367009016183
0.07064705041165535
0.07610122246237902
0.07758488511809936
0.07432028651237488
0.07531032292888715
0.07521599628604375
0.06989998960724243
0.06450016833841801
0.05750596242455336
0.06577475781624134
0.05944701335751093
0.06186520761022201
0.05914665535092354
0.06956742130793057
0.06083731625515681
0.06706495835230901
0.0566440194272078
0.05345822036839448
0.05464777095386615
0.055542941964589636
0.05829664973112253
0.06105385030118319
0.07195224994077132
0.06217163061866393
0.06302649983419822
0.05941903298863998
0.055907305129445514
0.06262335527974826
0.057001845252055386
0.06077733429578634
0.0642996813242252
0.06012723586307122
0.070942573593213
0.06613354786084248
0.07170288173051981
0.06915164188696787
0.062498522005402124
0.0641921240836382
0.06473588006427655
0.06696866060105654
0.0661891863323175
0.06613829095776265
0.061923644290520594
0.06342055124159042
0.06426413804292679
0.07331560185322394
0.06353395569782991
0.059745585517241406
0.05620591769424769
0.05583344371272968
0.05366473197937012
0.0561175231463634
0.055724929445064984
0.056888668783582175
0.055804877613599486
0.05993453439038533
0.05845732938211698
0.057972941662256534
0.059351307812791604
0.06020261742747747
0.05741142742335796
0.06384076811373234
0.056934093970518844
0.0642687837091776
0.05524413694555943
0.059002957263818157
0.054526193554584795
0.059366926264304384
0.06155218854546547
0.05978993825041331
0.0598495062154073
0.06158736488566949
0.06037760583254007
0.059228952744832405
0.05971989453985141
0.06004333736804816
0.06184891023888038
0.06099191330946409
0.05616878849955705
0.05533594036331543
0.05892958411803612
0.06503890924728833
0.06014236526993605
0.05996438812177915
0.062384580018428656
0.06132378007930059
0.06028664355667738
0.0593936539040162
0.05934529055196505
0.06018883121701387
0.06376105489639136
0.06213314917225104
0.06216763596122082
0.057475283684638834
0.05955215348647191
0.05772014635686691
0.056073348338787375
0.0553307758214382
0.05677246474302732
0.05959420037957338
0.05923814200437986
0.062305588676379274
0.06709527204243036
0.06185374821607883
0.062393359266794644
0.06383050442315065
0.06377875635830256
0.06482480715673704
0.06196283013201677
0.061692527280404016
0.05846852992589657
0.057610080878321944
0.06018068483815743
0.06531052532104345
0.06490420203369397
0.06303928849788812
0.06591794284490439
0.06119234988895746
0.06427390509499953
0.06280921416787001
0.06358333591085213
0.06279379358658424
0.06094941691710399
0.06158751596051913
0.062063659240420045
0.0641864547935816
0.06384393558479272
0.06105494837348278
0.06422998756170273
0.06933998723442737
0.06567016200950512
0.06676481595406165
0.06571742221713066
0.06758770799407592
0.06736637606070592
0.06697970849390213
0.06299983188509942
0.06064296677135504
0.06507546887374842
0.06161162331700325
0.05939023678119366
0.06006212068291811
0.060510827199770856
0.0607069245324685
0.06215608701683008
0.06092595489552388
0.06275588953151152
0.061323003384929436
0.06290613733805143
0.05822321592042079
0.06478173870306748
0.0636479421876944
0.06279987420600194
0.057843749024547066
0.05842837997927115
0.05988445184551752
0.06336372119302933
0.06505594382492395
0.06338190103952701
0.060022760096650855
0.06219303163771446
0.06421438598862061
0.062139341378441224
0.06186859911450973
0.06127068056510045
0.059719197222819695
0.061719291800489795
0.06220837115095212
0.06178201680573133
0.06302708567908177
0.059457976170457325
0.06253134851845411
0.06201263565856677
0.06178189584842095
0.06476783718054112
0.07317845087784987
0.06418320470704482
0.06470337925622097
0.06215985629421014
0.06357451760425017
0.06807095907055415
0.06298765359589686
0.06512315006783376
0.06422243267297745
0.06296562767372682
0.06278868698729918
0.06539943201037554
0.06446824950667528
0.06436192037967535
0.06772441651958686
0.06685699244531301
0.06288269196565334
0.06376639360991808
0.064529969686499
0.06488141305744648
0.06669650739775254
0.06295585328569779
0.05987809165739096
0.06690181284569777
0.06585827982769563
0.0652188609712399
0.06206737793982029
0.06454200280400423
0.06516912760069737
0.06670802278587451
0.06744073809912572
0.06484661113757353
0.06276584061292502
0.065833405777812
0.060743619157717775
0.06374169645401148
0.06484226269217638
0.06127669000281737
0.06091188615044722
0.06252307141056428
0.06469965041256868
0.06212199657009198
0.06627109388892467
0.06357474917402635
0.06505095110489773
0.06123459548331224
0.06410493320570543
0.0646850049495697
0.061633215156885295
0.064386782136101
0.062440405384852335
0.06272069049569276
0.06388188058940264
0.06315825019891445
0.06545205193643387
0.06639368109978162
0.06519597301689478
0.06272197798467599
0.06515701172443536
0.06405644302184765
0.06624315478480779
0.06445416048742257
0.06714581440274532
0.0689777932774562
0.06655968817380759
0.062471220585016106
0.06209682650291003
0.06489373130293993
0.0652551235487828
0.06229979427388081
0.0631097903331885
0.0667556788199223
0.06591932008472773
0.06455245255850829
0.06579034769764314
0.06415506245998236
0.06540807608801585
0.0684303499185122
0.06289192724686403
0.06553818461700128
0.06693466216898881
0.06499328624743682
0.06337043373630596
0.06420536812108296
0.06468600315543321
0.062357967232282346
0.06172829476686625
0.06069510367054206
0.06167891274851102
0.05984406548623855
0.059625496371434286
0.06269304362627176
0.05979443831512561
0.05994436574669985
0.06080203279852867
0.06169120076184089
0.06340714165797601
0.059145117522432254
0.06156311654127561
0.058695790372215784
0.06076841500516121
0.0653776906717282
0.06260100643222148
0.061092286814863866
0.060898477182938504
0.05863857134603537
0.06253110084396142
0.06388616891434559
0.06223380330663461
0.061635724197213464
0.06492360036533612
0.06565280831777133
0.06373351500011408
0.061629083064886236
0.06420947797596455
0.06388183986911407
0.06402173242889918
0.06529992423378504
0.0659456509237106
0.06370807860333186
0.06243790107277723
0.06515375241064109
0.06437214236133373
0.06714370015722054
0.06472229693944638
0.06310182583446686
0.06509301080726661
0.0664133205723304
0.06566184719021503
0.06663372694299771
0.06454230738947024
0.05987607060143581
0.06455425416620877
0.06245098394843248
0.06353319364671524
0.061416897607537414
0.05980001071897837
0.060681754522598705
0.06290418204779809
0.06121380956700215
0.06020749646883745
0.062055101732795055
0.06690815320381752
0.06618883033784537
0.0652940291338242
0.06595747370559435
0.06343971020900287
0.06396288742812781
0.0630992912615721
0.063134373867741
0.06636115200817586
0.062195320054888724
0.06460323575884104
0.06426062121127661
0.06569177210330963
0.06185573032842233
0.06362210228466071
0.06247831009901487
0.06464826350028698
0.06371878497302533
0.06121177068696572
0.05970436381892516
0.06309454039885448
0.06576352815788526
0.06507992489406696
0.06271317947942477
0.062225120715223826
0.06321819527791096
0.06315337144411527
0.06577204720905194
0.06221845703056225
0.0642191111181791
0.06554296396386165
0.06427805770475131
0.06456261835992336
0.06523210737281121
0.06474515281331081
0.06469236437517863
0.06607967208211239
