-0.004470373394625231
-0.004151608589135024
-0.0042337587348900306
-0.004199270324482422
-0.0040112477772009485
-0.004350059686102038
-0.004437192658677217
-0.004033517827210872
-0.004264689073277157
-0.004030393955891651
-0.0034758790295918757
-0.003475542116934233
-0.0028395725949346856
-0.0034148420874377194
-0.0038044021376644234
-0.0038952106065363087
-0.003238012757424736
-0.0037518372383722465
-0.003357879139702373
-0.003065756174717512
-0.0033328443947844458
-0.003770274866497108
-0.003865445382183097
-0.003509057830156774
-0.0035235889125236745
-0.0029102153281137418
-0.0031472883852475698
-0.0035341595734318574
-0.0029052383932838283
-0.0032226262581236537
-0.002874661665300919
-0.003164004099059293
-0.0030415361047909564
-0.0030943356699643424
-0.003378152806295358
-0.0032659858387843106
-0.0029050494212178877
-0.003416499596016273
-0.0028894382427529773
-0.0025598897138644854
-0.0028186256647392527
-0.003193897128033326
-0.0026492623465875107
-0.0031787036693286777
-0.0031661548729297203
-0.002446714510254603
-0.003042155946602366
-0.0027887871125245422
-0.0031597730891503896
-0.0032792834511923873
-0.0029819395564137244
-0.002447701572219033
-0.0033803083910739083
-0.0029713489322793804
-0.0034050788639204436
-0.0027541454797819697
-0.0031987177202672627
-0.0028766974582490196
-0.0031536339931424622
-0.0033364436138190795
-0.003187702920123533
-0.003481347891489902
-0.0030043449609416678
-0.0032590999886617095
-0.0029994401878933987
-0.0032350128234115323
-0.003290511893138101
-0.002954234763450953
-0.0027493057782998665
-0.0029050372020897886
-0.0031403795444097326
-0.002983423185375172
-0.003183653549905521
-0.003465052269493677
-0.002800872541614604
-0.002662688250324326
-0.002977367051900423
-0.003536852119870368
-0.002974194865389867
-0.0030478958348311175
-0.0040122270405711985
-0.003098950247623033
-0.003029728884176475
-0.0032976089449182912
-0.00359969372873509
-0.003099448683466586
-0.0027576942817622635
-0.003162476092770315
-0.0031714245403204615
-0.002769578093991752
-0.002615192092287963
-0.002962309216800221
-0.0025110238490625558
-0.0031065553671441176
-0.0030515189674172934
-0.003122123493648884
-0.002548951057588377
-0.003670555775544189
-0.002897009612690919
-0.0030144967062973923
-0.002994537115439167
-0.003198294330277125
-0.0028375979077784525
-0.0034570546601387082
-0.0034509850095247635
-0.0032524221699754656
-0.0027851782249205515
-0.0029274515757049912
-0.0027266297709820433
-0.003178217570954786
-0.0031190777317915007
-0.0032075072202133017
-0.003087214005217838
-0.0030319614272977255
-0.002737176263058786
-0.0031341898674342133
-0.0032158889580705145
-0.0036444392698177725
-0.0028158365887320314
-0.0033955558001927135
-0.0027248012016648916
-0.002874882165455521
-0.003514055155926517
-0.0034208502137446956
-0.002824834806150729
-0.002702400774918003
-0.003133923379026421
-0.002903056609627537
-0.0032683391705069084
-0.003095102754584368
-0.0029768446029045494
-0.00316171035173048
-0.003072129052640763
-0.0034919130756737634
-0.0037422759261361285
-0.0028601194872118676
-0.0036431903623381982
-0.003403522085549914
-0.0033847145978944467
-0.0031473172351064033
-0.0031463800257961693
-0.003021297072493991
-0.003575057830515812
-0.003304876799008879
-0.00281192290520432
-0.0028782051602282157
-0.002781847044711897
-0.0031947598516380593
-0.0025321438835664758
-0.0030372398906626345
-0.002729621282794454
-0.003337852454602731
-0.002844723088169082
-0.003221860263099054
-0.002794473679964511
-0.0023906029108341923
-0.0026175438786187853
-0.0028278655376096206
-0.003136370125833893
-0.0029296264025360642
-0.0028086496560158244
-0.0030830684696843955
-0.002726840465951863
-0.003091543922289393
-0.0033311552188088115
-0.003229114363339692
-0.0024755376810434407
-0.0029017587879145946
-0.0028255016168106687
-0.0027455579097076673
-0.0029287193842001025
-0.0031768413356184208
-0.0024931401735531888
-0.0028894619076486475
-0.002727392403806975
-0.002482492237083592
-0.002395440731286639
-0.0029371273384774087
-0.002826482933237993
-0.00246762002710572
-0.003037926933624015
-0.002873524104988401
-0.002484328459649987
-0.0032884440933198702
-0.0026503636964617773
-0.00282634532596881
-0.0032902461026875704
-0.002744328143404614
-0.003091245810224745
-0.003056333338084385
-0.003170255111611247
-0.0029262920187590725
-0.0022899151902245024
-0.00263102923179733
-0.002875004565478903
-0.0029531990321108067
-0.002841961339105515
-0.0033608275571187693
-0.002991684670009532
-0.003117428331910715
-0.002630051941253383
-0.002821732793704776
-0.0029152406452747116
-0.0028050906131086963
-0.0035298893135086796
-0.0029546929336005607
-0.002940607659125514
-0.003132701478516916
-0.003237730778526918
-0.002689964715866562
-0.0032446923864188426
-0.0028035605867553835
-0.0031354040819990313
-0.0031929280218538983
-0.0036444163873050467
-0.0033044112173763497
-0.0027460297793431765
-0.003177661915904828
-0.00340765676103162
-0.003103969980461093
-0.0035815831027810837
-0.0026023901456992
-0.002879689950472557
-0.003132680918100152
-0.0026472869845798313
-0.0030739517041024735
-0.0029036293697833294
-0.0031334317846906253
-0.0027775230043211524
-0.003088015520549905
-0.003366981294405833
-0.003238604222825745
-0.003263910405722183
-0.0033347876387359483
-0.002544087187749925
-0.002818968906257606
-0.002999582978014213
-0.0036403647432504426
-0.0026417984964565242
-0.0031950628885309786
-0.0034092401928198443
-0.0032678989131170646
-0.0032047566779068912
-0.003298846760901993
-0.003050352278380433
-0.003270101627088492
-0.00288065766788708
-0.002969649636422341
-0.003303381351256868
-0.002334817804329398
-0.0031337684048130072
-0.002271043890220165
-0.002926526822084013
-0.003302570855178029
-0.002860910706531414
-0.0035913605392082376
-0.003078511142978329
-0.0037474242059631594
-0.0035183755636423414
-0.0033628672561994005
-0.002748796283782481
-0.0029019705180750965
-0.003914999924192308
-0.0036434036053044918
-0.002919122312311366
-0.0030240199805629795
-0.0037617454644030264
-0.0030248308168971233
-0.0025720574482092956
-0.003286407185282933
-0.0031599500226414615
-0.0035062700941290853
-0.0036998698881949817
-0.0031213284225366034
-0.0033784713196691194
-0.0032502762214115786
-0.0028227717444348275
-0.003083667436431871
-0.0033634258627727193
-0.003436213618176855
-0.0026617980713164757
-0.003533347596934157
-0.0028930973720590622
-0.0031919696915110214
-0.0027570654207456284
-0.0032722640530671
-0.002982904842128782
-0.0033863534222909218
-0.0032690782917400795
-0.0029737600536085583
-0.00316174493144538
-0.0030655145277018975
-0.0034395615048718746
-0.003500820591559763
-0.0033256947764785084
-0.0032133568899241596
-0.0038089677347149095
-0.002675314985300396
-0.0035074371889775827
-0.002889542178742816
-0.0034068834530921314
-0.0028450567321994307
-0.0036484159473555056
-0.0031284762735238835
-0.0037069725727353494
-0.0035908598243482768
-0.0030412942719134145
-0.003187731720043469
-0.0034737833270460563
-0.00297606640118435
-0.0030899738280523955
-0.0028763153713893914
-0.003334182372951557
-0.0026092801002985636
-0.003211706057593871
-0.0029580848409915955
-0.0027401800310316335
-0.0028480870206453656
-0.002946424299379999
-0.003315156844416437
-0.00304957653991239
-0.0031851174227562743
-0.0026904360491116414
-0.002975109759218529
-0.0030091060649105384
-0.002763864646531699
-0.0033008579981228013
-0.0030819234316788006
-0.0025141197985408216
-0.0031338544978638666
-0.0036109453279890747
-0.0030593322110734314
-0.0029173025641526487
-0.0031334350772079544
-0.0032000538494186843
-0.003549040717190471
-0.0031517297559164608
-0.003269734537554378
-0.002842057128601208
-0.0031694888904597682
-0.003111419687838479
-0.00278231518451111
-0.003223906319949271
-0.003704728659787726
-0.0030606636240064493
-0.002810587397275063
-0.003964378107497129
-0.0028667085552382303
-0.003105827625373819
-0.0031054753935499503
-0.0026287414961684995
-0.0028697870723164193
-0.003021591769990209
-0.003215891998027498
-0.003633653819819479
-0.002888764684864764
-0.003192464409465658
-0.002662281721723362
-0.003116039886245977
-0.003051452448262282
-0.003195287925738705
-0.003009774785059049
-0.002757026129081163
-0.0029667981192293543
-0.0027112115055445384
-0.0034836862559583523
-0.0031311279989272643
-0.002725602641083924
-0.0032603041045111314
-0.0026651676792483095
-0.002808611143961308
-0.0032761341539629626
-0.0031954209514459273
-0.002796820642270562
-0.003091858090390978
-0.0030044573072630625
-0.003788368443074561
-0.0030319074170887415
-0.003547206701904117
-0.003326390008996703
-0.0029885315833901483
-0.003366811293762636
-0.0029750123942108896
-0.0032322412491310798
-0.0031641630419522596
-0.003175070461181279
-0.002811192082163289
-0.003390004945782444
-0.0033774876967123317
-0.0034229957272699173
-0.0029786694947841006
-0.0029005711721702084
-0.003115006409097987
-0.0031486357961276815
-0.002683905929495326
-0.0023276697824531497
-0.003750012193457579
-0.002806245873392078
-0.0030438220989625693
-0.0033814624678222696
-0.003316815174459501
-0.0030275627108011143
-0.0032089662288993935
-0.002449108514560112
-0.00277886121258851
-0.002836904112133395
-0.002700876663903132
-0.0028054253579388073
-0.003325579056855257
-0.002983379507088926
-0.003253810785196306
-0.003189096862209678
-0.003400474132064066
-0.003094532854447607
-0.003179634514419842
-0.0026128168824896963
-0.002974860967087864
-0.00330343884342147
-0.0028182327879628754
-0.0030462344810075594
-0.0028562699869421402
-0.0028330420998102296
-0.0033384116013698063
-0.00296228039147443
-0.0032917471432127353
-0.002559229416761378
-0.0027030643638236576
-0.0030832094007920753
-0.0022334431403072913
-0.002885853933848992
-0.0029075856375481105
-0.0033857857773744587
-0.0030078590977552313
-0.0031966570152594733
-0.003038217564572587
-0.0027351071559195087
-0.0038079840796523437
-0.002612893547792247
-0.003475820187349153
-0.00280744933102555
-0.003060245239798125
-0.0026815540088365873
-0.0036339742396416788
-0.0034725513452113677
-0.003081724195212665
-0.0034534424039202568
-0.002204177447566612
-0.002895269955955043
-0.003381482289106863
-0.003748328808903475
-0.0026425800368609447
-0.00275791941935887
-0.003306781360406346
-0.0033741855789828495
-0.003416901228637424
-0.003202098515416415
-0.003435047945125519
-0.0032335915242812686
-0.0037085477203942603
-0.003391329416906676
-0.003487294315719909
-0.0038579031555193728
-0.003279294569385422
-0.0029386828888049547
-0.003174667926607858
-0.0030879017741734065
-0.0033621364690404492
-0.003439871011040046
-0.0027978185495793964
-0.0032203357174891284
-0.003085249456288712
-0.002505758206543753
-0.003188335278790257
-0.0030498877598382442
-0.002741493586603979
-0.002983741944692821
-0.002661441903768136
-0.0029622406098096196
-0.003197378122692043
-0.002299701439698564
-0.003087725741235163
-0.0026966959199134916
-0.003033668922588177
-0.0032091902809144746
-0.0023814915112703684
-0.0031359206842340452
-0.0030853618031265466
-0.003311774400738812
-0.0033233713210170444
-0.002994035313239074
-0.003021933833196796
-0.003309943669664535
-0.0032612825428329347
-0.00321010917235353
-0.0030800338733094792
-0.003054356955234417
-0.0027528877352454716
-0.002772485729887054
-0.0028445732573008633
-0.0026991595910785576
-0.0029556064510063017
-0.00375822276271504
-0.0033206632215342967
-0.003429300858716207
-0.0033661990962611976
-0.003320962564831066
-0.0031650013934178827
-0.0030190511334865413
-0.003262711317547912
-0.0038642995997834307
-0.003122797347295872
-0.0028365587030974196
-0.0035640583566514494
-0.0032722154307641914
-0.003125335816010549
-0.002758359483789031
-0.0030392021955140654
-0.0035615629569661585
-0.0028461093699133446
-0.002693755688753322
-0.0038253631551275914
-0.003196044570771283
-0.0029282529556350816
-0.0032419840093352585
-0.0032729257515330076
-0.0028744039153775812
-0.003139756279654591
-0.0028644789461700964
-0.0029475752061545657
-0.003059741214841325
-0.0028323652145388284
-0.002923773523857912
-0.0036801203254288183
-0.003706073082657195
-0.0026921664061615226
-0.0029716015885155184
-0.003213228411706973
-0.003377834085756522
-0.003666788989878139
-0.003130146953241878
-0.0032447169832972773
-0.0033525199214992974
-0.002457535455071663
-0.0027930076490100385
-0.0033081706123707813
-0.002870375509025819
-0.002846181706544566
-0.0030152319762739746
-0.002941517241423706
-0.003142827994860407
-0.0027217714399863707
-0.0030136372547194114
-0.0028794048192979133
-0.0032075164613677553
-0.003057963997494003
-0.0036514071605219774
-0.002615745749167608
-0.0031187582319785324
-0.002625862134705073
-0.0028641554354447837
-0.003099562844416818
-0.002667458667221925
-0.0027377885718893736
-0.003074406517376671
-0.003382209936070932
-0.003127848991687741
-0.0023692009478582378
-0.002775674195995349
-0.0030179209728494185
-0.0020437674766364275
-0.002996133641789927
-0.0030879021183860818
-0.0026667052342421453
-0.0029462090708474932
-0.0028721808091780494
-0.0025608715088278615
-0.0029994525524340513
-0.0030727860169808955
-0.002925240180363162
-0.002716745950230333
-0.0022060838908311608
-0.0031354971895646614
-0.002793484291578352
-0.0027870802254828376
-0.0030031109569364587
-0.0036145785598003513
-0.0033260726383235423
-0.0028959941043219476
-0.002749420012365916
-0.002785918114646223
-0.0032985606218126065
-0.0036622901191297043
-0.003430101107038685
-0.003451466071184095
-0.003644334160512349
-0.0032274374011045134
-0.0031635065899294477
-0.0031872736907739515
-0.0031707894146255017
-0.0032593357357012537
