2.7808610384280863
1.602709657412309
1.371868241750277
1.1959954280119676
1.0363829282613901
0.8668304608418391
0.7325671883729789
0.6339561194181442
0.5472052156925201
0.45995741349000197
0.390155658355126
0.33366231322288514
0.3082764641596721
0.26922026586074094
0.23576770631166605
0.20528541287550559
0.18003995154912655
0.15891299763551126
0.13558691132527131
0.12190766443426793
0.1044251676935416
0.09719640945012753
0.08689167786103029
0.08456559671232333
0.07783555411375485
0.07450115631979246
0.07331590656764232
0.06860057574052077
0.06702306474057527
0.07383145784529356
0.060730806122032494
0.06419680462433741
0.05946452983010274
0.06106190823305112
0.06043085315479682
0.06424674701232176
0.06679394290997431
0.0639613039791584
0.06074123150454118
0.0487080793397931
0.04959605297503563
0.04861541651189327
0.049378049473922984
0.0492563361588579
0.04929142574278208
0.04817434181101047
0.04028949380780642
0.043319801441751994
0.04490080844037808
0.0464446374000265
0.0538918460217806
0.05260817609154261
0.05771442542855556
0.05881882136544356
0.06912494606983204
0.06876492099120067
0.06199329112871335
0.06716513415941826
0.061988950707018375
0.060623370397549406
0.06528478115797043
0.07271330024187382
0.06330866088660864
0.07003628084292779
0.06723777752083082
0.06171104135708167
0.06495943772964753
0.05860696735863502
0.05286695077442206
0.0538165294780181
0.05214562921856458
0.05057906090066983
0.04713971068939338
0.04662826545536518
0.046269146610911076
0.04736802639582982
0.04783658666106371
0.04618934752562871
0.04874305507311454
0.04543978056082359
0.05434368977753016
0.05370085157740575
0.05632049640497336
0.06262478226652513
0.06439934027596161
0.06156264308553475
0.058867686413801634
0.05763000532125051
0.05834215567089044
0.05666836130504425
0.04998244836639899
0.05064580304404864
0.05174490504253369
0.04890798586778916
0.04619261951973805
0.049286023484399685
0.0459046912451203
0.03995621932240633
0.038109881172959624
0.04450735007054531
0.04279133965476201
0.04036737485573842
0.0485258211596654
0.04474353695718142
0.04381759215432864
0.04249221989168571
0.04744719742582394
0.043166615169208784
0.034460648478796846
0.044258503744808525
0.04772923499918901
0.05288857168589647
0.05480211517558648
0.04848249558932506
0.0528959464138517
0.04554485386380783
0.052648178803233
0.044796241418673444
0.04871478550709211
0.045310254724552995
0.041189644643320485
0.04124341180118231
0.04306448642164469
0.050243831827090336
0.040747187644816364
0.046380746937715094
0.04394903886490143
0.04446727740936554
0.04627626208731761
0.05706429785260787
0.058485846307415226
0.056542265959657154
0.05374389773664566
0.057724960664143926
0.05559678983229857
0.05217890345419829
0.05380021961262593
0.051781885999326524
0.060077922647962204
0.04437171957240655
0.04461429282449759
0.04631707278581766
0.046288372934437716
0.04886543924132219
0.05031530645031195
0.049297419305031114
0.05632861855511482
0.049177634472457266
0.04863879739378507
0.04521849224200616
0.04460245379461692
0.0385024492843793
0.04905010221096186
0.040538953359310445
0.04731381230342847
0.03990318415543208
0.04396172915227138
0.04645736670264831
0.05068031728554231
0.039447301912766235
0.03610537861688779
0.03638221711780016
0.035181425784069756
0.03493942536700231
0.03528193384408951
0.0389745887942039
0.04684720732844793
0.04226013618306472
0.05051912610920576
0.03811124030214089
0.05018444393689816
0.05173933206555935
0.05170208791700693
0.05575611683038565
0.05146886574534269
0.056676470660246336
0.04946400321160371
0.056285105015222846
0.05278843068159544
0.05046837580605195
0.05344056223447506
0.05566190780641941
0.04507698668883397
0.05190506517313994
0.054754004742090516
0.0524941769356911
0.04788438855455472
0.053466502749002894
0.040366459551912086
0.04335637599802934
0.04436835546333056
0.041035277439424624
0.044683685153722764
0.05436086617410183
0.04603271120442794
0.05407521313486191
0.04718525787958732
0.0470828504803089
0.045731058802742225
0.04982806207755437
0.039123999699950215
0.03773717979112497
0.03770900523433318
0.04328759811245478
0.04269485823236979
0.04253232652464738
0.051467341442520805
0.045737438147457746
0.054385705607441756
0.0519267240109352
0.0551852858123871
0.048253187766441934
0.04584280418661924
0.04217615320992011
0.03602306910145741
0.04341528068941373
0.044881641678512094
0.03834800688693157
0.03478807927324222
0.03375511699571059
0.02921661466646653
0.03488036905630277
0.033598069817974016
0.033839880474484885
0.027475411975039887
0.03404009459683528
0.03720396149616975
0.03401526803007493
0.04001678214050256
0.04030078196754822
0.03743367266769593
0.0436245009303093
0.04594554466983447
0.04132025108601038
0.05021096190007834
0.0430788825194423
0.041020422299894
0.037914302128438764
0.04056469330993982
0.029285460653213354
0.0340650935872243
0.04707987182415449
0.04789685584031619
0.051483031591543785
0.04512900486588478
0.05909895418355098
0.05594426820484492
0.061372829314607844
0.06258879885650598
0.06029831603742563
0.0605410356934254
0.06125939362324201
0.05525319834168141
0.04945407509803772
0.042944813061218993
0.05050885248929262
0.04473117555563266
0.046424836951952715
0.04394131711182686
0.054491157428576395
0.046396200416179804
0.05251313608426314
0.041151471693928424
0.038278685639110896
0.04018785750063566
0.04094711345835374
0.042903333329237424
0.046385581777072867
0.05773985953285144
0.0472184494137764
0.04812957369364225
0.04411264337026156
0.04042848226829217
0.04782191143872646
0.04195456481896914
0.04585209987484492
0.04981918802055029
0.04544307059393479
0.05604414767943896
0.05125768224780376
0.057548833179932375
0.05415673608390185
0.04806959699266232
0.049366573760142696
0.050390870253054
0.0521293088220633
0.051591241990144435
0.0511872932028312
0.047167118423833296
0.04896038961238586
0.04960261156352667
0.058748252632526254
0.048569897992106585
0.04477059136216457
0.041470077977730675
0.04123233599731555
0.03844882920384407
0.04205766085248727
0.04081080501469282
0.04255070212082221
0.0409880379644724
0.04575150997306292
0.04348338226286264
0.04353713722756276
0.04429751636030582
0.04516842065808865
0.04287050385028124
0.04916071017774252
0.04194713571610359
0.049793060295856915
0.04063713957483952
0.044691639579832555
0.03973310672892974
0.045268581005243155
0.046777688711881635
0.045331282813388565
0.04563301764428616
0.04721237601569066
0.04588127869826097
0.04437567740678787
0.04520749595875923
0.0453833425990664
0.04763345342989151
0.04648058036198983
0.041563095854452024
0.04091979912840403
0.043974273078716715
0.05020586326718331
0.04582429661487158
0.04503889270126819
0.04696817191747519
0.04649727911903308
0.04557724782767204
0.04449969669087575
0.0443774089933588
0.044923164408940536
0.048840806232048915
0.0471163507264394
0.047578444245916146
0.04263068694048203
0.044743850798561025
0.043234968257065
0.0411863538938073
0.04003759970745215
0.0421517681903564
0.045233900587146096
0.04373827323030967
0.047963218448253776
0.05249427674481502
0.04713986452955466
0.04818482920527458
0.04940023059741809
0.04925406844570086
0.05014952753598873
0.046883017469484076
0.047377930108744366
0.043849950641966784
0.043493464617775035
0.045590613811061935
0.0508838340640068
0.050353435785151446
0.048713967118125694
0.05186995030022584
0.046911308040412575
0.050204389112500046
0.04793085026053282
0.04906176216900349
0.048669012951163146
0.04629920718188469
0.04755994193255901
0.04788000107957767
0.049542682703870994
0.04921641988823047
0.04679070232579341
0.049682482389303353
0.05488748960196972
0.05047558663556209
0.05240207919134544
0.05086038496631842
0.05297530660262475
0.05303730067725365
0.05224289283729516
0.04861489703448919
0.046034349916646115
0.05056649145598595
0.04708204202067393
0.045262251335840956
0.04532143343240023
0.045806896285368846
0.04596610744125568
0.04790886902751831
0.04669156065927102
0.04833287803026346
0.046887343033001974
0.04891415261305296
0.04455874257076245
0.049654320555810746
0.049430942406448033
0.04829154243836036
0.04302207225790391
0.0436693400860979
0.04542732293216082
0.04873311480937096
0.05120138583274988
0.04917832607260117
0.04578886085118239
0.04808574215723918
0.05006619999901606
0.04749234259988253
0.0475455193565442
0.046712277442789996
0.0452484380453825
0.047072286760577786
0.04784518791219363
0.04728881081996056
0.049076560899042165
0.045106929769882786
0.04787288631957311
0.04783408058663974
0.04735778098782668
0.05049962324018662
0.058956536249472544
0.049452561154388466
0.05033179097450696
0.04745518957766203
0.0496230422017666
0.05402458929098569
0.04853569216166551
0.05150546468794346
0.04991439589514182
0.048559373301955366
0.04792398426395196
0.050984786192958174
0.04998235063484082
0.050009488171109784
0.053672168418191946
0.05174068809988407
0.04891156943944784
0.048907772150750345
0.05034006408487375
0.050412707804487304
0.05266835150810389
0.04808793461953218
0.04521288410402261
0.05259102750569582
0.051196390619644754
0.051759762675143206
0.04788915330114273
0.04981807547693069
0.05009726227189486
0.052711524843023376
0.053357193203499687
0.050176022130136305
0.04803952338317266
0.051023553039592044
0.04611364028488214
0.0489085780026821
0.050248273347432794
0.046268028407715836
0.04622049559480869
0.04776404412606588
0.049621464799229915
0.047713125583070976
0.05220154207199812
0.04923445804474445
0.05078443360443299
0.046744711410540804
0.049564000147466473
0.050793669372797015
0.04734477307647467
0.05025025216432718
0.048825404649743664
0.04834904726594687
0.04965783684299542
0.04924980953622323
0.05133753043527787
0.0526028002683933
0.05111505966633558
0.04839565414362229
0.05170702429918143
0.04984331877472309
0.05247611761666261
0.05037789423591815
0.052825333206699444
0.05545634461136965
0.05226578192355541
0.04822325405593102
0.047619908346006504
0.050344768725335595
0.05103802104982046
0.04803046650038316
0.0484578915226918
0.05222010083783132
0.05150814980555039
0.05024164645717694
0.05147808436304331
0.050147109765272875
0.05134726957632945
0.05421634860909902
0.048777618287847595
0.05116739763090244
0.05176052519908318
0.05036124426584977
0.04870268711103843
0.04964322283004339
0.05013862745119975
0.047916803752573636
0.04740816841904934
0.04614077690415658
0.04663726559911783
0.04558446202427149
0.04570066682421244
0.04800252811266826
0.045369043057927716
0.04564481859023754
0.04690727173135831
0.0474083862052514
0.04856718666851521
0.04506172277033329
0.04769628742853036
0.04369041230529547
0.046366241817864084
0.0512666885382854
0.048129841398734316
0.046561261366766235
0.046811679807993084
0.04430416863984787
0.048426345621164026
0.04967795555981306
0.04794920407808744
0.047588078419749553
0.05077995523237265
0.05072352341734446
0.048797829979314256
0.04770863513247325
0.05005108244143999
0.049479850381612775
0.04946998549768558
0.050468988458697614
0.051601427506942014
0.049132684876139344
0.047684928875129956
0.05130433107797916
0.0502242848277092
0.05245503748838718
0.05042623933404684
0.0488489868835761
0.05065062682215984
0.052072168041307196
0.051155071748563874
0.05253639782850559
0.05018234540923284
0.04564223852581703
0.04993919437894454
0.047983572689386515
0.04849017402873589
0.04744899158294384
0.045340232680050226
0.046699070973465075
0.04872223478383743
0.04677733968083675
0.046175928843709135
0.0478870229365734
0.052375492482231216
0.05137718182343703
0.05080763601626341
0.05227851902063076
0.04941570051014423
0.049741139836036244
0.04991161956523473
0.0490228424135309
0.05219157901234352
0.04843035841790529
0.050529355340852185
0.05024891414034825
0.052004893253055906
0.04771789081681233
0.04947775648190425
0.04845569636672735
0.05083942238527995
0.05034038401567019
0.04691635727022703
0.04570881687104702
0.049096730537712574
0.05153060879271764
0.050256405756450614
0.04817334307500949
0.04819430710317997
0.04935745970847515
0.0492762284210095
0.05137416428098312
0.04743966625000422
0.049591060871115096
0.05081344183820945
0.04936600476503372
0.0501328568905592
0.050852897204458715
0.05035291733936621
0.05030343333402505
0.05153839290142059
