-0.013605038592448602
-0.013366712285922124
-0.01320581567975191
-0.013140842877328395
-0.012997222047012586
-0.01285556647926569
-0.01270725351686661
-0.012522302496318635
-0.012393220571371225
-0.012217059688499341
-0.012048944401053282
-0.011915378587750288
-0.011802078167406412
-0.011678133790309613
-0.01165223908252441
-0.011493870057165623
-0.011457682415269888
-0.011344575996582324
-0.011220915171389397
-0.01112292635326202
-0.011125550189843545
-0.011103011538776068
-0.011058726906776428
-0.011001537854854877
-0.010971925035119057
-0.01098752599209547
-0.011031456778828915
-0.010984694284315293
-0.010935318470001221
-0.010854413460653562
-0.010842590377880977
-0.010864363180903287
-0.010854421140482793
-0.010831361249662363
-0.010770535712631849
-0.010712679088688814
-0.010666215749314199
-0.01062487164655557
-0.010639463393734052
-0.01067278180271387
-0.01067637070440329
-0.01068850030692724
-0.01068897982342885
-0.010622979456988665
-0.010646495523934181
-0.010701416003016325
-0.010726607705538089
-0.01075872234427012
-0.01071862641435403
-0.010740918150314917
-0.010722298347032987
-0.010688265771246874
-0.01065850116025943
-0.010646893728811007
-0.010667635228198307
-0.010709270276129246
-0.010734359805400554
-0.010727887657972482
-0.010739012306126264
-0.010756464058963152
-0.01082290277744715
-0.010865572524758485
-0.01086869744154123
-0.010928207349318724
-0.010904728363339718
-0.010778817849663587
-0.010708872916606757
-0.010680188611149787
-0.010716572045706786
-0.010726268933369563
-0.010699281884500613
-0.010772350215567992
-0.01073195103269357
-0.010725740243036014
-0.010798964692422976
-0.010805545904888556
-0.01084687737031625
-0.010853056280085673
-0.010868459223554684
-0.01091399433521124
-0.010899329343094276
-0.010926405526697635
-0.010866375539738399
-0.010821686828365693
-0.01075561995116564
-0.010772394503538426
-0.010756694382199875
-0.010752996186224315
-0.010776515964132089
-0.010811364808334754
-0.010791142485462701
-0.010810800426854537
-0.01087318084274347
-0.010903351481717366
-0.010925920035403509
-0.01092265033378051
-0.010980921167020614
-0.011034861923410343
-0.011061625340237068
-0.011052211961494042
-0.011021850243783915
-0.011070591612504078
-0.011058085741331944
-0.011012428612090074
-0.011061302529504666
-0.011045846973474209
-0.01103720458654257
-0.011050711686794574
-0.01105942247578731
-0.011120892645647893
-0.011110509258623306
-0.01108241959546621
-0.010998733972127622
-0.011009487724648073
-0.011030578885514003
-0.011022181350451249
-0.011054524593055249
-0.011024831321377021
-0.011010806577710005
-0.01099537037886106
-0.011040843521746306
-0.011057783018511074
-0.011032819060178903
-0.010965231290230384
-0.010989074194087432
-0.011028848459514289
-0.011012240126729012
-0.011042426884747469
-0.01098229713164843
-0.011059877835214138
-0.011056649427001294
-0.011052488191769674
-0.011110564464559922
-0.011106203682720662
-0.011155730901429286
-0.011132466764404223
-0.011080052574666648
-0.01103974566436731
-0.011049360208786451
-0.01109684705734253
-0.01112523919974382
-0.011123943672730372
-0.01109845070884778
-0.011073955807548302
-0.011106911774438162
-0.011145636711556177
-0.011155305000451895
-0.011143214556460198
-0.01110352323605464
-0.011097342119767116
-0.011108243150206712
-0.011155884369061543
-0.011175548428526291
-0.011096095924194043
-0.011101027262898591
-0.011111387424170971
-0.011170913365024788
-0.011242175388794679
-0.011319749945631395
-0.011314062530604692
-0.011338402330875397
-0.011380142245728236
-0.01137115045522268
-0.011334251512128574
-0.01135699157244884
-0.011371243530167984
-0.011378531673779854
-0.011398050103050011
-0.011388478743342253
-0.011405271606949659
-0.011437563641140094
-0.011419211958463375
-0.011404028262656468
-0.011414522491395473
-0.011436880996020941
-0.01146523471062
-0.011462169269529672
-0.01150822311353225
-0.011497701776142304
-0.011533074768689963
-0.011613286888370147
-0.01166294371852508
-0.011708605461395703
-0.011786508330932031
-0.011812380901896036
-0.011794330265659552
-0.011757665743621496
-0.011721251102594228
-0.011740278366666574
-0.011716219395972215
-0.011719378671393945
-0.011720061072936425
-0.011734724087783923
-0.011741584840302284
-0.011744368649446047
-0.011778882776315395
-0.011744330895061677
-0.011736863020520944
-0.011789007857441903
-0.011829832511452528
-0.011788881097275477
-0.011844851893301193
-0.011887692860685861
-0.011885671260265204
-0.011847411769513901
-0.01189363762163199
-0.011875607044650958
-0.01187654802432427
-0.011790691258815619
-0.011792742690214743
-0.011698582195318663
-0.01168792604540403
-0.011743909536072841
-0.011788096336218027
-0.011830030080790702
-0.011708954721689225
-0.011654750630259513
-0.011631213801984603
-0.011659355117724491
-0.011667503172961564
-0.011628849560824724
-0.011603660594958525
-0.011610778320867281
-0.011599742936400266
-0.011582179826039535
-0.011526067067797368
-0.011518213955255655
-0.011567780232200255
-0.01160642490364038
-0.011644889829823604
-0.01160550398322252
-0.011630927699689682
-0.011607112735509873
-0.011539026349782943
-0.01152021294602981
-0.011531185645323534
-0.011636182078375266
-0.011680594846033133
-0.011698771755282696
-0.01172238402068615
-0.011774116568267346
-0.011833708704664157
-0.011855922610713885
-0.011844886223284098
-0.01183288088784768
-0.011804614302057486
-0.011822124198079108
-0.011758743699353475
-0.011692704819142818
-0.011687152546185714
-0.011635519320575091
-0.011685558781027793
-0.011720264230210048
-0.011743522306474356
-0.011700238616993795
-0.011674544315498608
-0.011637326874412024
-0.011692946404218673
-0.01168696267100481
-0.011713396442624239
-0.011692319595469878
-0.011649852016797432
-0.011577547957690863
-0.01153613101117886
-0.011540790991141246
-0.011571808216663508
-0.011631570727779315
-0.011643437640025065
-0.01164033285413797
-0.011666774233946433
-0.01173697611173758
-0.011800119724984352
-0.011778952897741245
-0.011680115315203483
-0.011668809331380404
-0.011674957837049778
-0.011657721506288419
-0.011600498095727885
-0.011534999898419931
-0.011439651823960818
-0.01149225038691209
-0.011461558192968369
-0.011535827443003655
-0.01163358067950377
-0.01158794373846971
-0.011567087901326326
-0.01161503897836575
-0.011564644870276634
-0.01148744706924145
-0.011486401351598593
-0.011499781892276727
-0.011501834842448051
-0.011524496284814981
-0.011474173315442525
-0.01141014493142183
-0.011387750850274013
-0.011406935235628714
-0.011384547387178128
-0.01140668736054347
-0.01144842400860328
-0.0114099559875635
-0.011337967632481684
-0.011325531051709102
-0.011307328337660202
-0.011346818821934553
-0.011443336952764255
-0.011499629227014689
-0.011492326210897703
-0.011513175084613837
-0.011499656937443294
-0.011517023667693138
-0.011435002389435584
-0.011458904109895229
-0.011489065607579854
-0.01156279410307224
-0.011500570435936634
-0.011476308637513564
-0.01152690197699345
-0.011549902621370095
-0.011538118754441922
-0.01146282206934232
-0.011474877681869727
-0.011525020705392727
-0.01153622309748943
-0.011596586426290183
-0.01165227650736387
-0.01165445325179742
-0.01175112294463011
-0.011803948764617626
-0.011791640391143469
-0.011805462808563158
-0.011767168858876595
-0.01179209312853905
-0.011760522210254119
-0.011767827891386473
-0.011716625796487698
-0.011768519004377035
-0.011747063853992866
-0.011747134462572062
-0.01167510816684136
-0.011696883018773335
-0.011702862209998645
-0.011663088446053176
-0.011588447770247092
-0.011560032788950663
-0.011549712072771329
-0.011535490705416753
-0.011475661554588722
-0.011495167260559706
-0.011608408090586846
-0.011579788547868912
-0.011560486242748224
-0.01150309585321408
-0.011459387494967534
-0.011446158501964348
-0.011425833017207109
-0.011426114806762108
-0.011454334396582383
-0.011474031209945678
-0.011375238359547579
-0.011355478087296852
-0.011315546729243718
-0.011290966289547774
-0.011314243422104762
-0.011358304737279048
-0.011394677683711052
-0.011390445596323564
-0.011399178092296307
-0.011389905400574208
-0.011362406152945299
-0.011375047094546831
-0.011367637635423587
-0.011432094900653913
-0.011467425510860406
-0.011455647045603165
-0.011448040432654894
-0.011406206224973386
-0.011330829245539811
-0.011309830500529363
-0.011286011051673156
-0.011340543685051111
-0.01137000468487923
-0.011409922531591012
-0.01137637524650647
-0.011344814185912792
-0.011354510758358699
-0.011316793053769147
-0.011350682650047999
-0.011326443704848106
-0.011317821807013108
-0.011268548868023432
-0.011333823247024645
-0.011308005237235472
-0.011287024789131605
-0.011308079155591818
-0.011336803378967138
-0.01137740622059657
-0.011410754102353867
-0.011464509439583008
-0.011440214213843529
-0.011442224581081134
-0.011429566431504029
-0.011421639945071477
-0.01140544993373064
-0.011424713581800462
-0.011396995258445923
-0.011406412419791404
-0.011342760676947923
-0.011321419892975916
-0.011339700093063024
-0.011304592384168735
-0.011281662505979721
-0.011246531141492037
-0.01126865096963369
-0.011313571651967672
-0.011337707779155328
-0.011376185142076932
-0.01135502361620848
-0.011360322397488814
-0.011377880536019801
-0.011411943859778917
-0.011388872320262285
-0.011392231973317953
-0.011409307944660003
-0.011412919284059452
-0.0113922456995799
-0.011343305715574669
-0.01136875171214342
-0.011384242601119554
-0.011422182777180122
-0.011498668933143982
-0.011478916727579558
-0.011406787055043074
-0.011289241809684497
-0.011314215195866732
-0.011317141210803619
-0.011308320984244346
-0.011358228984933633
-0.011382800784821694
-0.011382456152484966
-0.011408460082916114
-0.011346602296599975
-0.011233944173615713
-0.011192656594973344
-0.011229061091748567
-0.011208447240866148
-0.011254920939413401
-0.011282954493967386
-0.011342445073219446
-0.01132353673187586
-0.011353917649159065
-0.01132562538752189
-0.011363807936700492
-0.011352131573053507
-0.011392951971636369
-0.011427880322130827
-0.01139807034856998
-0.011360397447760288
-0.011300113782859765
-0.011300061499843231
-0.01127173284498545
-0.011220282058303173
-0.011129576555238321
-0.011130868428601668
-0.011165623553097248
-0.01117861560330941
-0.011127747437701776
-0.011101062466891912
-0.011093517493170042
-0.01106810665761049
-0.011051280352358635
-0.011109242559625553
-0.011183308107921711
-0.011174155943668806
-0.011166947263364608
-0.011130779566100011
-0.011129439063370227
-0.011118672315317851
-0.011128945705982355
-0.011150285845192578
-0.011125398943057427
-0.01107034131598014
-0.011042597689307654
-0.011111291268697152
-0.01113995720560734
-0.011157985533086154
-0.011162604907384285
-0.011165144079579756
-0.011225591155772026
-0.011223066999362066
-0.01124739464945518
-0.011341954925312446
-0.011274295844710791
-0.01120106096451099
-0.011230771544461067
-0.011257906315418391
-0.011255065323068546
-0.011288320545393688
-0.011369428167549463
-0.011415149515064863
-0.011415180535270618
-0.01141591380135371
-0.011311378630881126
-0.011238445757100216
-0.011195946198243361
-0.011226412768547352
-0.011276162344102676
-0.011301075122677362
-0.011291615607646795
-0.011177347829708686
-0.011136805595686803
-0.011088270636705252
-0.011126457111766705
-0.011153179894273097
-0.011174211608102688
-0.01113640173123433
-0.011243612405199272
-0.01127839208795474
-0.0112372855297648
-0.01117307347460435
-0.011180014994281989
-0.011206129035697534
-0.011182749070800267
-0.011229181490265406
-0.011258099700968999
-0.011212393097006357
-0.011194646258193714
-0.01124027669429779
-0.011260638285714846
-0.011224858305202081
-0.011215280512204537
-0.011219871488328164
-0.011249164678156376
-0.011229611689654681
-0.011228281503113417
-0.011186793976678298
-0.011188760858315688
-0.01117391248161976
-0.011164146647430383
-0.011214076383755758
-0.011330676522965615
-0.01140045252843545
-0.011391885922505306
-0.01135484973111978
-0.011380491935862944
-0.011425682128621982
-0.011406657128379896
-0.011427151655348447
-0.011399635572272998
-0.011363947635086684
-0.011375557430661641
-0.011346325235298048
-0.01135442742648033
-0.011407543245989542
-0.011409447600062076
-0.01139161238590112
-0.011352160014212132
-0.011341019633870858
-0.011356821484290637
-0.01131779160350561
-0.011336907586799219
-0.01136410881120425
-0.01143028994019215
-0.011458254046738147
-0.011429438811655228
-0.011358544201805041
-0.011309753716565096
-0.011248335700768691
-0.011203827021213678
-0.011143904250974838
-0.011115397670521186
-0.011081670955396616
-0.011098256033773606
-0.011127671542075964
-0.011139526089223532
-0.011126007282963165
-0.011138386838138104
-0.01107155978679657
-0.01109737348384582
-0.011092095277630366
-0.011172316724864337
-0.011159916780889035
-0.011202062652088129
-0.011210729611607698
-0.011229808642887152
-0.011208941243015802
-0.011213763516682846
-0.011134819199259464
-0.0111113151965233
-0.011091225193097042
-0.0110993223837935
-0.011116500671666403
-0.011197948527450746
-0.011278056253034335
-0.01126771865842434
-0.011202323981202566
-0.011215703561902046
-0.011204961758966629
-0.011218141148296687
-0.01128194359346078
