1.5173835352172592e+16
3982619321313200.5
978632653708994.5
155820588830434.22
22661309691665.86
107203137974430.77
204553820815487.0
2088914823411728.0
2.730531504976074e+21
1.5055061036364829e+21
3.3750358677365614e+20
3.305294312926647e+19
1.0072217129875923e+20
2.325477809660506e+20
3.1756506381481044e+20
3.781001008354068e+20
4.037801874968914e+20
4.2832698498790064e+20
4.240778698326426e+20
4.257475226630996e+20
4.29056712683482e+20
4.219912944665512e+20
4.181075311035929e+20
4.163695172201439e+20
4.117281342279382e+20
4.068845207383662e+20
4.0423285599083286e+20
4.0356703347935347e+20
4.007156270514717e+20
3.929209764476395e+20
3.918434152313467e+20
3.8701352173766e+20
3.856723409316239e+20
3.805355257050471e+20
3.7872514602337056e+20
3.7439774345823833e+20
3.719875452378916e+20
3.690966736726502e+20
3.6296404798195545e+20
3.6591511673487596e+20
3.578820336422688e+20
3.552966510695564e+20
3.511798245166522e+20
3.4674916836580445e+20
3.445761861822984e+20
3.402488288931799e+20
3.424934980074551e+20
3.348931851462642e+20
3.308904268731661e+20
3.289867865129415e+20
3.26458328981304e+20
3.283515442666281e+20
3.1988449931065387e+20
3.16404244782405e+20
3.1474644594875066e+20
3.0949615798559605e+20
3.133668791291393e+20
3.0595141009418774e+20
2.975409515638004e+20
3.006012207431871e+20
2.9574338540312035e+20
2.9106429690128004e+20
2.8763076012774136e+20
2.957994302893989e+20
2.8440165382943916e+20
2.786592318258629e+20
2.7815486644306664e+20
2.7700257498419256e+20
2.7126180132753657e+20
2.69224609818769e+20
2.6619629227681858e+20
2.6267154465533975e+20
2.582485451966274e+20
2.581415875693216e+20
2.5657802953081307e+20
2.5358708815640966e+20
2.4927744006182876e+20
2.5120937806698676e+20
2.4179440544071618e+20
2.3928808460681105e+20
2.3740230822508652e+20
2.3557312822421697e+20
2.3371102001502542e+20
2.301613103089114e+20
2.305046737778851e+20
2.2675220894541486e+20
2.262114661948436e+20
2.1940158225349942e+20
2.2386569628748e+20
2.2029450611308515e+20
2.1526312972175226e+20
2.1001279020940132e+20
2.0754356420444003e+20
2.0598108419872745e+20
2.033733245017401e+20
2.0026564151711947e+20
1.979645016220152e+20
1.957173516003871e+20
1.9210244197982762e+20
1.9623944458814823e+20
1.899370885318822e+20
1.8652006591159193e+20
1.8165537752863293e+20
1.853519881250269e+20
1.781640987001698e+20
1.763460557804282e+20
1.7439927515244305e+20
1.7223487338721323e+20
1.6712461520195286e+20
1.683946939151255e+20
1.6716711505959194e+20
1.6406727143945712e+20
1.635934014293012e+20
1.6162898170277554e+20
1.6296343956627187e+20
1.5437066884795312e+20
1.6667256025254645e+20
1.533085972787254e+20
1.4728307308941613e+20
1.4636491160246727e+20
1.4641355133759614e+20
1.4283851842972564e+20
1.4587946320642343e+20
1.3792847439092636e+20
1.3999417151426853e+20
1.3380438812924782e+20
1.3561835266204488e+20
1.3184957816844227e+20
1.3809508227984828e+20
1.2784247633006041e+20
1.251847634844264e+20
1.316851497331736e+20
1.2316243471358239e+20
1.2038261150439632e+20
1.1954070096132012e+20
1.1466530657397804e+20
1.1178198103374823e+20
1.138841770336853e+20
1.0978072647442362e+20
1.1053212958425444e+20
1.0928567697237911e+20
1.053945041625048e+20
1.0832996046399178e+20
1.0225862792689205e+20
1.066470661382914e+20
9.859160813747923e+19
1.0420415378197956e+20
1.0309118743893782e+20
9.390772896971989e+19
9.759458521035301e+19
9.898217488504186e+19
9.406362860409541e+19
8.833024349511118e+19
8.83015814600917e+19
8.898700616715121e+19
9.262819909324856e+19
8.429899825651946e+19
8.096035090475349e+19
8.190338764048898e+19
8.024103198743516e+19
8.016357475145666e+19
8.026458768589495e+19
7.62039004579424e+19
7.509797910354377e+19
8.312988222413737e+19
7.163032013728873e+19
7.1456905708850045e+19
7.245283430654283e+19
6.879281518437417e+19
6.5976538817820885e+19
6.617107846148115e+19
6.778647388767919e+19
6.565711338755967e+19
6.0327713909257445e+19
6.143968256056216e+19
5.694446936011405e+19
5.907540154818037e+19
5.886487861935094e+19
5.6999339507713425e+19
5.271881880579427e+19
5.106240470901664e+19
5.807295683546078e+19
5.141369148038709e+19
5.253765389432135e+19
5.339759941126416e+19
4.8635796047495e+19
5.161799490662884e+19
4.7150345354654106e+19
5.484837333136103e+19
4.6520624003400835e+19
4.63866624557503e+19
4.5280708780823814e+19
4.969252349585767e+19
4.372612369476599e+19
4.278749955489313e+19
4.2710900509048455e+19
4.13150251789564e+19
4.071145364912006e+19
4.3904443547453596e+19
3.730590888185222e+19
3.862117476136238e+19
3.81065716723797e+19
3.5377353733039047e+19
3.880678266294962e+19
3.854064326530257e+19
3.600426178349402e+19
3.117073002287763e+19
3.6672172455068148e+19
3.5672404938097013e+19
3.1656484078892327e+19
2.736721083824878e+19
4.039779901416057e+19
2.9966421887731925e+19
3.1249940719940395e+19
3.312433693044877e+19
3.2795818279063798e+19
3.008173569686701e+19
2.9913418386989367e+19
3.0859352506330984e+19
3.70653503765415e+19
2.673354057393766e+19
2.8314938246139445e+19
2.7875489676983706e+19
2.7511286676167213e+19
2.744067087002212e+19
2.7099193936067596e+19
2.6982438899449676e+19
2.4748794713985495e+19
2.4604579915696337e+19
2.8161194644327916e+19
2.806534345725405e+19
2.587178080634185e+19
2.9926982651755213e+19
2.5501605435755414e+19
2.5735184930045903e+19
2.5331827864964362e+19
2.325504445990248e+19
2.7305159851724595e+19
2.728908488465198e+19
2.288746399575513e+19
2.5671356763963347e+19
4.7257061644919724e+26
5.706710399342887e+27
2.788971480053778e+27
9.834891083666714e+26
3.1816321822368674e+26
1.1111284235978601e+26
5.176727065799798e+25
4.453390533079777e+25
2.9221358478069513e+25
2.376358202309849e+25
2.6003005991056156e+25
2.3362524082584443e+25
2.8121374903390766e+25
3.5319729489025354e+25
2.8370527427853785e+25
2.8392452231118937e+25
3.512178292828451e+25
3.061683399788787e+25
2.6034480434241505e+25
3.082244468567467e+25
3.7672784648445756e+25
2.3531394651575994e+25
3.058137686169171e+25
2.8475788931924835e+25
3.0445153039451534e+25
3.0773101602423198e+25
2.6209718414773283e+25
2.612607508956371e+25
2.377593622100019e+25
2.5988660162136766e+25
2.8172891775452296e+25
3.0749297170324004e+25
3.297680256906833e+25
2.5963020904618556e+25
2.135437637921239e+25
2.607214262959025e+25
2.5858202526751716e+25
3.0831977183393487e+25
2.58689768242694e+25
3.2924240696132854e+25
3.069190876013264e+25
2.6158423803801977e+25
2.8272091141795667e+25
2.845555524533176e+25
2.8405411475062387e+25
2.8394603099120524e+25
2.839124222044934e+25
2.844939856845964e+25
2.8149818231000517e+25
3.5398702991563113e+25
2.81757791091411e+25
3.06827987770041e+25
3.0761529458925835e+25
2.842690603178985e+25
2.823811242277722e+25
3.9953381581704876e+25
3.0609695360202746e+25
2.827708693326293e+25
3.0599685356149285e+25
2.8279646315106157e+25
2.5823836713220925e+25
2.3406329234047913e+25
3.0452858375690904e+25
3.075041353942704e+25
2.842692152110035e+25
2.811687046001924e+25
2.6278306094082946e+25
2.8317797987217717e+25
2.3682112215575297e+25
2.614088031200337e+25
3.073594061428292e+25
3.066533855662296e+25
2.837815984180799e+25
2.6068794353317463e+25
3.1044435686440746e+25
2.850943108493353e+25
3.533430543453463e+25
2.8384001407888804e+25
2.8344115470920105e+25
3.060116832252121e+25
2.8410185169454236e+25
2.8245845035050274e+25
2.8463987969747074e+25
2.8322615411073185e+25
2.8303145355461338e+25
2.81390713190692e+25
2.8565544244193928e+25
2.836798473935317e+25
2.3662888896756092e+25
2.809446609265844e+25
3.061557357874185e+25
3.0501029055564015e+25
3.306536382220824e+25
2.8440432164346435e+25
2.860717373558424e+25
2.8343612460386564e+25
3.063490221308626e+25
2.845704123916998e+25
2.8268930063052694e+25
3.0718644083060474e+25
3.0833034284008254e+25
2.824023471428709e+25
2.8289308317916914e+25
2.831446105310349e+25
3.0625179057955948e+25
2.597787654984841e+25
2.8280633862198106e+25
2.818975942553071e+25
2.59594370784946e+25
2.8306520151931128e+25
2.830983863280772e+25
3.570521187853272e+25
2.831228167605944e+25
2.842119717436152e+25
2.826916486747085e+25
2.841226057507065e+25
2.5913568684764524e+25
3.059042651068954e+25
2.8447400773759636e+25
2.835419232975795e+25
2.8507472222001993e+25
3.8107380033277164e+25
2.844418342732221e+25
3.5743496827588192e+25
2.840981158001527e+25
3.3035369442528105e+25
2.5861228940185274e+25
2.817094822545772e+25
2.835627419248888e+25
3.779712489405767e+25
3.0517505748228595e+25
3.0753554873341897e+25
2.3570711342628812e+25
2.8559471186389234e+25
2.598236327033349e+25
3.0889145930687584e+25
2.84815354317655e+25
2.8579405485130094e+25
2.827043659854196e+25
2.842862464325186e+25
2.8331313261351216e+25
2.8492087586752837e+25
2.824258678503581e+25
2.8420303826654074e+25
2.8370445938186015e+25
3.044783835946598e+25
2.5837734511865228e+25
2.612563340939901e+25
2.832441004259867e+25
3.3106398989405605e+25
2.819288613161433e+25
3.1065482278841186e+25
2.8265288608239497e+25
2.8406110456277463e+25
2.8333420757593697e+25
3.0774399693586603e+25
2.846433560344019e+25
2.8544071175292364e+25
3.3088666075089503e+25
2.846102429627413e+25
2.5843147471347033e+25
2.841180422497129e+25
3.035121144315514e+25
3.0934693825226507e+25
3.070645865772937e+25
3.7263110053365566e+25
2.850140317938329e+25
2.834359448990688e+25
3.0662428493441395e+25
2.833898944736122e+25
3.514316659493814e+25
2.8500770390539422e+25
2.8463849827169983e+25
2.84786739789022e+25
2.8460006235863336e+25
2.8392757522387297e+25
3.085615987750354e+25
2.840901544582239e+25
3.54070087687216e+25
3.069002686322997e+25
2.6137666469436283e+25
2.590738784492832e+25
2.824564271631814e+25
2.61416190625168e+25
2.848152509136111e+25
3.080420467721225e+25
3.06710795645508e+25
3.314302152033176e+25
2.61795312299883e+25
2.8569617620185637e+25
2.592601160378835e+25
2.8014958866783258e+25
2.3847585345883356e+25
2.8316359389890383e+25
2.604130343208456e+25
2.8537346361018287e+25
3.0546178155238762e+25
2.823782074711244e+25
3.1012670275004883e+25
2.6136464708662972e+25
3.0553455017543295e+25
3.7559453894383416e+25
2.8371513965999766e+25
2.8017847696435195e+25
2.822872741019582e+25
2.8420668605585885e+25
2.8544157940944556e+25
2.835910821361264e+25
2.820459882791755e+25
2.616195376924838e+25
2.8535780299043846e+25
3.508834846956032e+25
2.595501542552817e+25
3.517005549166062e+25
2.6005057564496133e+25
3.304589018333702e+25
2.846766296332055e+25
3.326459504814885e+25
3.06183412251859e+25
2.832680765095389e+25
2.368769677183851e+25
2.5793242130300015e+25
3.540077987170692e+25
3.0779419944277997e+25
2.834097388976112e+25
2.5988713375832083e+25
3.089981382099355e+25
3.0419597293472944e+25
2.602263880609522e+25
3.076153835266231e+25
2.8495189215327444e+25
2.829559950900094e+25
2.6093556716418516e+25
2.8369568464515175e+25
2.834837045390347e+25
2.846234107549076e+25
2.610024259089446e+25
2.8508915991207277e+25
3.5357709456199284e+25
2.8351986870308673e+25
3.0775367998787305e+25
3.5251953410596333e+25
2.5886436334478265e+25
2.847186705018191e+25
2.8556096934191676e+25
2.5765677319729925e+25
2.5997658535383586e+25
2.8322075255199034e+25
2.612297287314716e+25
3.08125937257882e+25
3.048649840467633e+25
2.3816172660559697e+25
3.2598641385215126e+25
2.6009851442415576e+25
3.067431239991469e+25
3.990817222526358e+25
2.5894780929383845e+25
3.5353660403834955e+25
3.547128729344741e+25
3.0833789945224075e+25
2.841369182880748e+25
3.093069060637961e+25
3.0679740894371396e+25
2.8506693873327007e+25
2.8232568101044664e+25
2.8407044177673304e+25
3.076198224887732e+25
2.8243181873374404e+25
2.831795047114125e+25
2.809111073176959e+25
2.8213066168884827e+25
2.8398046652150562e+25
2.5965203378742686e+25
2.6114072026013592e+25
2.8556393998465774e+25
2.6148468548926924e+25
3.290045545432552e+25
3.2893550481578026e+25
4.00779900587082e+25
3.069489347742544e+25
3.5507668612345583e+25
3.298751786461309e+25
3.0758330168780872e+25
3.2976412522149683e+25
2.8281590090280716e+25
3.5333279014046454e+25
2.8171116227947688e+25
3.062832676687318e+25
2.8230360463109985e+25
2.8288245818708104e+25
3.2875096055724904e+25
3.0779030226575975e+25
2.861472497135219e+25
2.6023739848226816e+25
2.8426924481466503e+25
2.8307282736471305e+25
2.8180715096785234e+25
2.5919298126366263e+25
3.071291583536649e+25
2.836779910677186e+25
2.822383924477493e+25
3.0565331683136094e+25
2.8334799433585373e+25
2.8474768714673844e+25
2.8579673072262373e+25
3.0696828999282375e+25
2.8091432218331324e+25
2.8345336991044766e+25
3.0715540019818964e+25
2.5932635187406825e+25
3.093719273818015e+25
2.839303351993951e+25
3.301668876410376e+25
2.8336972561448543e+25
3.0642420593244614e+25
3.0780630844007034e+25
3.279050723356802e+25
2.3718453861042438e+25
3.0582595353931135e+25
2.843710959783219e+25
2.61320596695803e+25
2.8180893840674517e+25
3.301222066785345e+25
2.8570161797041118e+25
3.7876252421727555e+25
3.2928787151525515e+25
2.8412780469215166e+25
2.8047699371007785e+25
3.0721303742192657e+25
2.8497999871008286e+25
3.0930862185146624e+25
2.822313352428958e+25
2.8574133306357235e+25
2.8401924860148825e+25
2.854228753869442e+25
2.846758830250628e+25
2.841534388041851e+25
3.7710521228178524e+25
2.8320778009595186e+25
3.0964935405954074e+25
3.327678525595364e+25
3.5003950412203096e+25
2.8389795825331268e+25
3.0531941339928275e+25
3.2982622867057008e+25
2.6004943571197766e+25
2.614124613898216e+25
4.2419570207081e+25
2.845279132989308e+25
2.1525986140416777e+25
2.600660552172078e+25
3.07006438218739e+25
2.8307236105572354e+25
3.0788705803166185e+25
2.1540223064023125e+25
3.080813344380692e+25
3.0941978136764117e+25
2.5866404505295107e+25
2.8337160630931107e+25
