22.673387345900903
4.304862816517169
4.012391376495361
3.6303154963713427
3.4955981543430914
4.5889752890055
4.253958326119643
4.153864174164259
3.621969024951641
2.46403692318843
3.2756585389375688
2.8673635959625243
3.543309086561203
4.524760809999246
3.399244554226215
2.85726006099811
2.8578164561436727
3.3948074382085065
3.5803451840694134
2.918947156919883
3.179475804934135
3.424762454858193
2.7783582961330047
2.516822546376632
2.8387464359402657
2.7926263242959974
2.1587210251161686
2.4254865075533205
2.915367541060998
2.875038202336201
2.667772078514099
2.5614787002022448
2.565138870706925
2.521434702552282
2.6776391555483525
2.8623482537957337
2.7876493457418223
2.724159651192335
3.4689005234493657
2.5951076361995478
2.4594967569296178
2.6805285036563875
2.4563816784666135
2.2745806731856786
2.5625341448646326
1.9779768736316607
2.3694919284146567
2.5013736065190573
2.2563508730095165
2.0946646897265544
2.8711346003298575
3.069348806142807
2.7070386233238075
2.2753058514342857
2.0106033803751835
2.4061509316930403
1.7840062671842483
2.352161830004591
2.983959826483176
2.04861013536843
2.383525293635634
1.9943621551761261
2.365966783549923
2.170186023872632
2.214093265281274
1.9377860355835694
2.10740873756317
2.95250893882834
2.5535174351472123
1.7383350663460218
2.2187896088338817
2.476107963031301
1.6806335657691727
2.4381365714738004
2.2692728286179213
2.1359383375598835
2.282108669498792
1.8251835003208656
1.868806935990086
2.0181264948672974
2.02676784831744
2.3467824460508733
2.375872273571216
1.6481378075308524
1.702196619545038
2.179731749342038
1.8950436948297116
2.175270746476375
1.8212412730432475
1.9734424521716742
1.9694224381962648
1.9983810908232744
1.952911215304182
2.0489482078414696
2.455182880707658
1.9135131294051042
1.930519931204617
2.1042126708019238
2.067647532430979
2.7289902682487783
1.577570717753126
2.0791789026357805
2.288897896156861
2.284577419436895
2.36099180261103
2.1919660298010477
1.6827676556144768
1.9927655377353612
1.8653913494987557
1.714598355900783
2.0051100887931312
2.2347352781261387
1.720195243564936
2.3013918532201876
1.6761352219547216
1.8494896486401557
2.0034252136945723
1.7518907259863157
2.9849360566013132
2.1434627243532582
2.289781515386242
1.820610606068602
2.1468438149644777
1.8300992672833112
1.9897683969483926
1.5202735592396213
1.7977171872957394
1.7371083276776167
1.765395050868392
1.7183337474098572
2.1359309756841798
1.5715487971901894
2.191761475830124
1.410045891140516
1.9467778441711114
1.6087364133160849
1.8943971182577886
2.221670924986784
1.5542539201247005
1.6976456663356378
1.5997718632221223
2.334472035459028
1.3616355327459482
2.0250753701879427
1.8616347679438499
1.6838155429523725
1.6983365802524182
1.8346701918026576
2.0714746303856373
1.5131466146415242
1.9715892576540892
1.8906154932024388
1.3008010831160042
1.7332182030265149
2.012843564711511
1.6616335555481223
1.4914898719352025
1.6418512053787708
1.68849905508642
1.635364384834583
1.6610141581927353
1.6259710709636028
1.7147439460055187
1.6524330703255075
1.468045109940263
1.689601839083032
1.8007084427401423
1.7477939113974572
1.6195739470852109
1.33467617430366
1.452213426364156
1.362054265426615
1.4784751306073023
1.9318536924628111
1.7390955101483716
2.078665239822406
1.8221555510392555
1.4313950755848335
1.3025228685484482
1.5683244730417545
1.4548695444702529
1.4242370040514147
1.435249032939856
2.1870983209604256
1.910857687603969
1.777356995527561
1.235625335187293
1.598162861010776
1.710718634724617
1.5659863211572744
1.5181519307912543
1.5718865937553346
1.5302048838052613
1.5680649626426972
1.6042308546316164
1.7289900065901187
1.407264555288622
1.4266464344297465
1.5338844759246477
1.8137587454169988
1.549095737790832
1.226912051023772
2.4069951702052585
1.5652681638128483
1.4947154406171579
1.790535463593327
1.6633147396577093
1.7048862333481127
1.9237716528372122
1.5435495641655648
1.9771815889729902
1.4796088863450747
1.7843414339881676
1.8195791891990947
1.3373497216174235
1.3519504568754481
1.8177453901618719
1.4056980223896411
1.1536110447361492
1.667345363360185
1.383004070331271
1.530615486806402
1.4696892246245765
1.466536053757255
1.6579079889334165
1.6021302435403832
1.3724660605192185
1.717311104852706
1.1030073761510162
1.4150392657504058
1.5474461992271245
1.504815669182258
1.596975769016605
1.7071970170148862
1.7779802072578326
1.345770266508827
1.2541801465961795
1.612675442145421
1.8185724083334207
1.6593714415597227
1.5308330385730817
1.6353829238277215
1.8796962219075515
1.2801176769730562
1.0857728565541598
1.5713428237188893
1.5360769254012177
1.4846755222990535
1.2432451804311804
1.5832787454558106
1.5684918445606644
1.5989186078023452
1.4528689612133
1.4359484835456198
1.5517924384285624
1.931511501695674
1.4535580821335317
1.4003865747999114
1.565979414089368
1.386522868519219
1.3258724694211896
1.1187876604282512
1.525307872146368
1.438510653935373
1.529484163124401
1.3939291872728903
1.3147031750959846
0.8295894809998572
1.2584472274551024
1.6420232554109624
1.0213027340789826
1.4738096008722026
1.3741881261508053
1.5628017112039603
1.581599815053722
1.1409970782983763
1.3894218335787838
1.4012915384024383
1.6193448626078093
1.3595170767118152
1.2826858731058355
1.6247690402257902
1.3396399796582186
1.7453558300980008
1.418764885285726
1.3718906879138488
1.3903736335726884
1.3754194266091173
1.4157207536152923
1.1939399868249894
1.5052679379542286
1.32893469879547
1.2228525105290688
1.6406569129859025
1.3559391802463394
1.6630741432452432
1.561175572198744
1.3171946968381794
1.684486804744945
1.360215964813072
1.559276338480413
1.19663523338162
1.5245068823059018
1.344344395556702
1.4287383008533372
1.337946188542992
1.5958700262439938
1.1902922673437457
1.2718005271628499
1.1344857870099636
1.7851010645883014
1.3715487288597685
2.075336163190122
1.484564636232188
1.4165462729306175
1.1832177774049342
1.478951868429207
1.2615843998339886
1.2876709448639303
1.3047093360469892
1.3346542085091082
1.3818323557694945
1.151081782278533
1.1548683944623916
1.2684705884768985
1.2429091888121688
1.372456156129304
1.0604600606916041
1.252817802475049
1.4483334471041767
0.9644789187739101
1.302864344833562
1.1506094174316297
1.5008392571973113
1.4003533594811766
1.5834421026663712
1.4221204523283701
1.3736205274024262
1.2653692232874723
0.7582328743014771
1.0973366163599376
1.0303354798887785
1.4354953435751108
1.3976841035370644
1.6084848566697194
1.1263943459981909
1.147988059035001
1.377087511587888
1.2350691082744072
1.463645834203523
1.2377116082451092
1.2524866744732628
1.2326752901507112
1.288035197907056
1.2448067648909413
1.0952615667850925
1.1268350019477882
1.1086755538216004
1.3775219454967345
1.1248904921902487
1.2221729705468394
1.2926100528010955
1.0938814537886243
1.3336958469249882
1.1381771142952717
1.3871850185382826
1.2062580088869883
1.3086943907663227
1.2005378655946026
1.4533501963847533
1.1939642439059053
1.215331567164797
1.1021402357217784
1.0851099117121732
1.162487518450675
1.10702346331225
1.3488595995120705
1.1490735538518773
1.4038334253745584
1.3037886020799097
1.0041872958007914
1.1543332734145224
1.2156786436501603
1.169493073096069
1.6253388803953734
1.182196533242957
1.4151133783806402
1.3105633198856734
1.3022906279477935
1.172522293167332
1.2177774659429605
1.4796898113133816
1.160979262381219
1.0906510513848984
1.4152604637810817
0.949899812014057
1.5425590756994028
1.2207332232250616
1.3860052273680383
1.133246626590307
1.150786146843949
1.2429090213496239
0.8474320567284639
1.0336674634653789
1.491980125583135
1.144881858705328
1.1105679825449792
1.045930098154797
1.0104878458337716
1.243626404231271
1.2642894855628792
1.0718580650810439
1.238542612348325
1.1147637432727677
1.1389151205666936
1.1184770044512473
1.1222768082390897
0.9911049656569958
1.1233504241117491
1.2341703778132795
1.1613025938590558
1.1081913532975776
1.3451772098823522
0.8898892568639265
1.424979312868359
1.635805425620996
0.9901145567257817
1.2690269579681066
1.0793890874904508
1.121834028347467
0.9957738604181661
1.1706767494790256
1.00082908113702
1.2800982466827218
1.2372235003966265
1.3385179441637145
1.0831215561940692
1.0766664262861014
0.9682069548262426
1.2688751449880118
1.076478307472112
0.8577755693561182
1.1117996020457492
1.2141500010155142
1.1086255648459953
1.0550296485424042
1.060089299014698
1.0609677556185768
1.0626026748536297
0.9463156772168496
1.047043206800635
1.1322855759698611
0.9738327511514608
1.2183018607875475
1.0952010012661608
0.9851801407523453
1.5015898905837766
1.0781526731183895
0.8346396019682288
1.142506663221866
0.8858884455349583
0.9947876963262948
0.9628240416113001
1.0515010989772586
0.8427531018996468
0.8277970880055083
0.9222003639210016
1.0880451417062431
0.8480197297552458
1.0414040976132337
1.0580417996415725
0.7732922953195297
0.8444534743777834
1.0259893314984556
1.3607949229888618
1.1261665787117985
1.1205143563915043
0.9381708385816847
1.1423331887604526
1.0398459802238413
1.0302325001487938
1.3143291241704271
1.0193323034578219
1.2219028456100764
0.9055439401776172
1.0223100660547901
0.9960962023872596
0.9303708683985931
1.0048929585215565
1.0902553130156145
1.1323291316091155
1.0406705231835636
0.8857586558514203
1.0615288380963297
1.1035018468060747
1.025745864230423
1.1030217468523635
0.938326681075761
1.1749623973495684
1.489518366395854
0.717989041011494
1.2498201176237602
1.1807336402197297
1.0152800276732215
0.991899042748488
1.054748494650882
0.9859993629300824
1.4061523975661168
1.0157480558452125
1.3240982974234683
1.0415962045869003
1.010596797343057
0.9899880148971884
1.1195174258560516
1.0064072600852412
1.004362611623051
0.909404377037516
1.0072711425833405
0.8992432916680207
0.8902274234829327
0.9995284435840753
1.0474139909188336
1.0777376882445353
0.830785611576329
0.9513241054561848
0.9982860463922127
0.6408448188637311
1.0145149322369924
1.1933363906107843
0.8756367386068002
1.09601171985985
1.174579602945596
0.8498561382016095
1.1475971883162857
0.8382139999992573
1.0812057086481497
0.9464472988835321
0.9834790122838548
0.8841882886723257
0.9640453015883955
1.1003843792284338
1.0869669675397184
0.9588313500755108
0.9453145609093974
0.9749000571739789
1.038868780204883
1.0019409227901352
1.320901748752938
0.8617038700049027
0.8351966704349392
0.9126014076925527
1.39015714293704
0.7925985974725336
1.2337888585905044
1.11159380390667
0.9675297770147714
0.9378052919171751
1.1859923209135348
1.3577445563716957
1.0369841497606382
0.9421690259773571
0.9210263358106694
0.9524207316267376
1.1252017505502758
0.7496864830931792
1.0305537665047897
0.7609219807844896
0.8644761835511487
0.8812794371114041
0.9630380637728824
1.0012741788218802
0.9294097636038294
0.8601298637222499
0.9058894594056675
0.9042370067658619
1.1637000156065018
1.173310493556066
1.039257098100363
0.8411111495027749
0.9142370232524207
1.0158297972574544
1.0245072053458828
0.9129265746603218
1.1001627506616598
0.8519929703754875
1.1126911566736033
1.16799867396028
0.8363572804794576
1.0744001565357812
0.6703811732622293
1.054225637183453
1.1052582108344022
0.7518358874707841
1.1334964773546046
0.8059287857335921
1.071398985844392
0.8198977199741281
0.6559255592166804
0.8776940758626621
1.15212251213021
