1.6861182855710506e+23
2.814393946707201e+23
2.2994584221547572e+23
1.67991221660344e+23
1.14220239506015e+23
7.4481221089316135e+22
4.502648902477159e+22
2.5946198246221932e+22
1.3255251403675582e+22
5.695500531097173e+21
2.547561971541902e+21
2.4019629195656576e+21
1.433732549088687e+21
2.7431498779645114e+21
3.0176320264000063e+21
4.905761091115508e+21
5.96566371654377e+21
7.074661194899908e+21
7.852993060810441e+21
8.144037386089325e+21
9.1509608977361e+21
9.03059015056562e+21
9.154162406631206e+21
9.963835035018592e+21
1.0335387371066215e+22
1.0291022711376962e+22
1.1406117256733626e+22
1.0336187560640006e+22
1.077023561062671e+22
1.0032600597808904e+22
1.0001248263583008e+22
1.0271087114796443e+22
9.830775733667968e+21
9.820285974435894e+21
1.0022768939582378e+22
9.326946246425007e+21
1.028383775610145e+22
9.299254337896246e+21
9.57842429725762e+21
8.862860775693611e+21
9.428789635088448e+21
8.77468014486971e+21
8.744428740592722e+21
8.794272904928597e+21
8.39672630474175e+21
9.306593291259019e+21
8.373778713240443e+21
8.506735269969568e+21
8.177507250310016e+21
8.372710359328839e+21
8.387738183235431e+21
7.593610754781829e+21
7.684772455809076e+21
7.630180321526049e+21
7.7970559264987e+21
7.855581804936247e+21
7.258319363803963e+21
6.802607686059716e+21
7.029577510510149e+21
7.20919985366813e+21
6.588383123614737e+21
6.710897784367828e+21
6.326660221799786e+21
6.294168414318171e+21
6.184041592390104e+21
6.539691055123536e+21
6.221047476623223e+21
6.093949458744361e+21
5.978166509749285e+21
5.640245097904029e+21
6.329155316073341e+21
5.708653988113851e+21
5.565094650567004e+21
5.833740779714124e+21
5.412908342673955e+21
5.630768948828088e+21
5.224959700739896e+21
4.934217160421042e+21
4.830370964708314e+21
4.988226372537299e+21
4.925987995531926e+21
4.2720604444831336e+21
4.775479985315014e+21
4.959348866386635e+21
4.857226898811244e+21
4.252015422941666e+21
4.158891528576772e+21
4.3541309541225894e+21
4.242357128280797e+21
3.8881342432793303e+21
3.793607377550518e+21
4.5693420050459473e+21
4.5147537676275983e+21
3.6437434164828176e+21
3.825209430120753e+21
3.7748078765259956e+21
3.147678500914913e+21
3.3235932462971617e+21
3.3018387552896365e+21
2.9200956833877e+21
3.465762657281512e+21
3.670227243794036e+21
3.5871180789805194e+21
3.2332537837168823e+21
3.205534365700397e+21
3.6974251793761687e+21
2.729296128407026e+21
3.2803999447234915e+21
3.2441567106847704e+21
3.4656641035096666e+21
2.531855978245797e+21
2.5047003765001615e+21
3.082531727417681e+21
2.959421840913839e+21
2.3677327372391646e+21
2.0227179573845657e+21
2.2565796028147664e+21
2.753593844345374e+21
1.8874169017494253e+21
2.4231967418263027e+21
2.0777616963752265e+21
2.608782088580902e+21
2.8638739059420105e+21
2.2639525208247286e+21
2.2058449126388235e+21
2.1712389747546317e+21
2.4493031033750023e+21
2.408902458910267e+21
2.0812412618898258e+21
2.047799362989946e+21
2.3088333524537718e+21
2.5933276682364817e+21
1.9598283184337028e+21
2.5258017235892285e+21
1.6232423403773265e+21
1.563955230066514e+21
1.8394104761993074e+21
1.823404503683335e+21
1.78575613483275e+21
2.104900627765366e+21
1.7951429410145194e+21
2.3744629669532407e+21
1.7342424399843872e+21
2.3148411168266872e+21
2.0154021129219127e+21
1.3718555464687257e+21
1.3469377851371492e+21
1.6831696412845445e+21
1.9552913660740137e+21
1.6418801832858495e+21
1.6231002739947843e+21
9.96460829476719e+20
1.624006328359739e+21
1.6106551534482481e+21
9.730132977592766e+20
1.9170527843172242e+21
2.2351454594800128e+21
1.921810276865814e+21
1.6003635814925012e+21
2.2573922325135596e+21
3.237881455382156e+21
1.6168649121565012e+21
1.6228024906218057e+21
1.6190822622673337e+21
1.9301402370766974e+21
1.9354674068428688e+21
1.9419105732940606e+21
1.9367565579847588e+21
1.6092665809282125e+21
3.2393545530540457e+21
2.2654114473127274e+21
1.935804451760304e+21
1.616502617992962e+21
1.6177344426082425e+21
1.613607895064357e+21
1.2962966871074223e+21
1.2853472295404548e+21
9.675172004804124e+20
1.6059021566561029e+21
1.6072733432523671e+21
1.619091488861917e+21
2.2570936480119755e+21
1.6190740326427022e+21
2.259323741083853e+21
1.2937563131797087e+21
3.2160737595445016e+21
1.2945493648828316e+21
9.686070919189844e+20
1.9457932057770632e+21
1.94867771731517e+21
1.2951485151570858e+21
1.2860374578359624e+21
9.747440408389697e+20
1.6148101275458556e+21
1.9409239753409752e+21
9.706471312296342e+20
1.6127744817553943e+21
3.5424099314494876e+21
1.2997104971537564e+21
1.6169407324931233e+21
1.6177527333018073e+21
9.648020392966284e+20
1.2940219711868735e+21
1.6161598663597343e+21
1.9363446592747232e+21
1.9403967474941297e+21
2.261009882682051e+21
2.587609972140596e+21
2.579211232034813e+21
2.2597520355219218e+21
1.9312897831600162e+21
1.3042885539065826e+21
1.6172467781279036e+21
1.2905894099531798e+21
1.613493770515836e+21
1.301744767827784e+21
2.262249162523707e+21
2.2620272718291072e+21
1.2972695304998976e+21
1.5979533612152977e+21
2.572657783364001e+21
2.9063269851044905e+21
1.6120030296222372e+21
1.6093306523417098e+21
1.9295292768747486e+21
9.72380984638362e+20
4.1920101200896134e+21
1.612968336167924e+21
9.683798999901553e+20
9.707740135520655e+20
9.681780974401876e+20
1.939223486343823e+21
1.6175117391790811e+21
9.774001329412496e+20
9.723831693801832e+20
1.6133214420548602e+21
1.291909199744019e+21
1.9398283054373688e+21
1.6257178391241092e+21
1.2947811242135042e+21
1.6258845652801385e+21
1.6223657189002198e+21
2.261419021416324e+21
2.5765923153796866e+21
1.9365671787433723e+21
1.6162703546217254e+21
1.6056793316392805e+21
6.494360189707989e+20
1.9348159125644643e+21
1.2933524084674357e+21
1.6180727086860502e+21
1.617792872262651e+21
1.2973868848516086e+21
1.6263947405934637e+21
2.2483175225485157e+21
1.6046183202480018e+21
1.6132563083970706e+21
1.2903664805499453e+21
6.437715564328379e+20
1.9386144669753656e+21
1.6105376249522207e+21
1.6185749365094272e+21
2.2577621171983797e+21
1.624274512195557e+21
1.621184725562667e+21
2.250210555242603e+21
1.9308119390716234e+21
1.6047645606943198e+21
1.290213352335203e+21
9.718084668691405e+20
1.600153970840118e+21
1.611987330630289e+21
1.609963364793031e+21
9.750403697840755e+20
1.6079788253781064e+21
1.2947286207313006e+21
1.940922574294392e+21
1.6100238780280828e+21
1.6110412887011332e+21
1.292245313692742e+21
1.2961156173762957e+21
1.3013628070662625e+21
1.6089914642806436e+21
1.2911927882772306e+21
1.2918608992244217e+21
1.6194286028653325e+21
1.2957012026415857e+21
2.24534921366806e+21
1.6037928299343108e+21
2.2701467921603714e+21
1.6123471241989668e+21
2.578835865808073e+21
1.9347260587272406e+21
1.2899789545858864e+21
1.937902446567081e+21
1.933901989141391e+21
1.2786880444464628e+21
1.9393489679678497e+21
1.6112481739879363e+21
9.633564833281531e+20
1.6268987136044551e+21
9.754337297568314e+20
1.9393356930081033e+21
1.6196232700918332e+21
1.9466962789811657e+21
9.66720638494792e+20
1.9404442514786366e+21
2.2642585153810853e+21
2.2684410559150104e+21
1.287693245778625e+21
1.6182881040431964e+21
1.946088701646642e+21
1.2971605523988024e+21
2.252918029209167e+21
1.2895666834071243e+21
1.6204830675322607e+21
1.6108621577144262e+21
2.26542392273816e+21
1.6258779417549005e+21
1.948075280887755e+21
1.6150830462574637e+21
1.288088996633307e+21
9.674625539217698e+20
2.26092819723277e+21
1.6152109236379184e+21
1.6154662858609596e+21
2.266971938774525e+21
1.2896663572850614e+21
2.2627279583127142e+21
9.702834247678426e+20
1.6176099939814985e+21
1.622730112159733e+21
2.2607999079996931e+21
1.6171174923402462e+21
1.29379599628914e+21
1.931345447249478e+21
1.2991459732250063e+21
1.9362761583137063e+21
2.2615832853870978e+21
1.289973126801647e+21
2.2535555373637045e+21
6.436512411573973e+20
1.2937530697883876e+21
1.9305039581619938e+21
1.6152407098293942e+21
1.62327372216786e+21
1.934038845133798e+21
2.2689311844864248e+21
1.9431977789539678e+21
1.605714925109104e+21
2.5888246689943813e+21
1.9477475305696975e+21
1.6024464730654892e+21
9.680290410163145e+20
9.719763677983685e+20
1.9416301849280412e+21
1.2999662151237847e+21
1.621608279431919e+21
2.58173392906522e+21
2.2589934127042315e+21
1.6199778993276961e+21
1.6107446457355065e+21
1.9451059997824676e+21
1.6128294502632582e+21
9.695890204111132e+20
1.6204322976927992e+21
2.2675512120348133e+21
1.6154281559094366e+21
1.2899381419542682e+21
1.9399031798946794e+21
1.2915892848268073e+21
2.9074636422055115e+21
2.559806711677352e+21
1.6163375321861133e+21
9.661469607041528e+20
1.9351871404310143e+21
2.2505970428523145e+21
1.2933585426321173e+21
1.9418887578960708e+21
1.6143608633258649e+21
1.6140599857683476e+21
1.2975821417950625e+21
1.9440213820903344e+21
1.923294266947379e+21
1.9397840059978261e+21
2.2453101584072557e+21
9.833088701811842e+20
2.2502005265726127e+21
1.2893231121787986e+21
2.2622069953059802e+21
1.6194652585794483e+21
1.944953723426576e+21
9.720280024892426e+20
1.9380501548186636e+21
1.614039495801083e+21
1.6191585949946995e+21
1.9356547350980235e+21
2.259158859871685e+21
1.6198778349612588e+21
1.2950745919972353e+21
