0.8574775923853335
0.8673060475916102
0.8632832826047704
0.7151000767514326
0.6255981226762136
0.5999078711737758
0.5927304284296174
0.49790798192438873
0.46673449938711914
0.41659478195335553
0.35327245467814844
0.32747806068779767
0.311313541903012
0.26468726323134656
0.26297874899878015
0.2649803994142491
0.19912053185744563
0.2001859654766926
0.1761161302472802
0.1780097835521767
0.1827535690550787
0.15923542571524024
0.13058620631088252
0.13005042042029832
0.1369671873525595
0.11797451738106168
0.11792185045255726
0.11692119384710879
0.10172291724956121
0.10078441489832071
0.08242407900009614
0.0831185352070716
0.08569910203147194
0.07145625458814311
0.06917872081807666
0.07545461993920954
0.07814030833137424
0.07096049182607954
0.07175947786848721
0.07403929094257562
0.05558323578578352
0.06001548743739292
0.06659348941057165
0.059535768120532746
0.06162183714332059
0.04534426732899864
0.05053558602314982
0.05580368632639664
0.04690570284383021
0.05110952284261314
0.043437473982086645
0.04155021432139303
0.0417436451587465
0.0467869149410483
0.02657170433699123
0.04660710198863787
0.03927393546800358
0.04917149363166612
0.049510904156098455
0.04234961510878023
0.04149183058483607
0.05211445529256826
0.044092060060010874
0.045100543975317174
0.04021367153905305
0.041360706965729216
0.0445120970354132
0.0424441247552117
0.04837045136947131
0.048114218469034284
0.04233516046129491
0.04603923916600752
0.04355979479167718
0.04485908697824925
0.045756047653992646
0.046893495878000555
0.04343156744742874
0.04196950239196852
0.03763095196083431
0.04239104711028842
0.04229461766679879
0.046390459566559315
0.032154613761636225
0.047815402083316534
0.04796153804341304
0.02898923528804174
0.05405322627832546
0.046255538742010736
0.04125396688671216
0.048151350701632706
0.041726369411385945
0.05293679953024696
0.037754549041721104
0.05066240997310134
0.036441918682691685
0.057829933814123186
0.03870714881729024
0.04060746854562582
0.044312840580697295
0.04554595325675294
0.03666869926129711
0.05517732569748752
0.04124888315952072
0.044169571412646255
0.035022941939330296
0.044622665794188346
0.05287238814449613
0.04333736333764914
0.039099295184090464
0.03107798655949317
0.04714294586059017
0.04623829746159954
0.05541788543274194
0.0442988210673228
0.0311262798314219
0.043570140774861196
0.04748703818768263
0.051517292596501015
0.04259059238646169
0.05419489488923463
0.037653485508770616
0.037884865287671106
0.04253531601895794
0.044810072313471144
0.035973537897191724
0.0407095259635252
0.05099212451919363
0.042924424653629896
0.04625432895124465
0.036372586372780846
0.046411370984244874
0.043060269091612376
0.04657669868016535
0.04115322052055727
0.047165668643741075
0.03728853762847881
0.04658548588243624
0.040710520065065633
0.04685743518875561
0.04513917437693833
0.04331968427784201
0.04162187556537084
0.04363904563048719
0.039566611482228654
0.04314927428345402
0.039197762903379466
0.04281087380461057
0.04641982608312822
0.042279452047955274
0.046800796458821584
0.03664525969804305
0.04060449156162761
0.0457789057996917
0.0353871237383683
0.03231670663645027
0.04603111015171305
0.037024684489248706
0.03761464384877109
0.04457348107319811
0.03470521205968723
0.0325737819817943
0.04376203848590629
0.040888006606584655
0.041035570548442396
0.03802295265368361
0.04726833577412923
0.042684581230708354
0.04355137376452162
0.03979490300222044
0.05203204108672081
0.04083336686523145
0.049289239118334605
0.039683455453495546
0.033081373287553804
0.04926966615417716
0.04252861755684126
0.0529486958428448
0.0373033469448379
0.042043653490153425
0.04832446779144685
0.041028212847026145
0.03253386806666284
0.048057213668590004
0.030689185557792476
0.042307254096553865
0.04468924094639395
0.03837377668326329
0.04259133569734252
0.055578728952610436
0.036921839801716094
0.03163607150613182
0.032864467470326286
0.03642321127952765
0.03886099759699352
0.0320837262670334
0.03154673411990044
0.03875309598389203
0.030955911427567564
0.038271233953191375
0.04266322211488195
0.040172918606517866
0.04174611264117656
0.04156589295134704
0.036458958646424275
0.03314210236261504
0.037146122125652284
0.038275348850984825
0.037938746792412756
0.03441418996300089
0.036895984479232924
0.03873707212683191
0.03484933133122336
0.03629656733887648
0.03532552487867297
0.04518968485164172
0.031060728416786584
0.05061042554966728
0.04005097895118313
0.034111342766993694
0.040966511751268656
0.03730958509022721
0.03349270452104131
0.0417126145307059
0.036348561717613186
0.03146481564592408
0.03503892956085611
0.03617953657310969
0.044845970705205546
0.0342759376643158
0.047216696020188756
0.03977106421497529
0.03020361218807301
0.040795703666989924
0.04291960251419737
0.044745950423100075
0.036174721789775766
0.04783949854638617
0.03135620584488725
0.03493550170358081
0.04147177760529777
0.030152189379989886
0.044788155196263266
0.03640777529622226
0.03650116428279021
0.03647772800447284
0.027806630334479436
0.04011409332894761
0.044762721659777606
0.03536343727888459
0.024869443697726652
0.027484049401380984
0.03874175915953474
0.041474252040590756
0.03698949059690821
0.0433792418030941
0.03721990881730681
0.03835383844156952
0.03831299178747703
0.034357749968362244
0.04692490750491835
0.0338074417887728
0.024553569921197883
0.0308307495762837
0.04162697644526328
0.03961050010158046
0.0334676050094287
0.037645045683071345
0.03955076029861643
0.033875757819918945
0.043410342424581555
0.042054306627993567
0.03839334488873356
0.041417793127829616
0.04337056573021455
0.04053709104292742
0.037128855082867805
0.0445258171777454
0.03802526822192189
0.042833638070421155
0.037885778012476265
0.04068439070091488
0.04304008243227567
0.04124552628659792
0.03703857628979545
0.0363265510582689
0.0441222705657297
0.03843207979124323
0.040945357618603746
0.03467128761247664
0.040690049643803766
0.03999449438213006
0.04476762054980719
0.035768933808498514
0.039704762028017336
0.043292919979042686
0.034557878589797496
0.05074819802657526
0.0300089321234196
0.029358819589053408
0.028432284035142915
0.0394741997816195
0.03427377439853128
0.04575888947853683
0.020718799030030335
0.03850056382530517
0.03892087357699115
0.02712321197833407
0.04287717968817679
0.03928112763020655
0.03572552886022174
0.04202395401206677
0.03840711645687512
0.03615008389064367
0.03704452644139393
0.03175105671254932
0.03710174793040083
0.03809359707140728
0.03712836101961633
0.04470143025990683
0.04249686925618005
0.04326456205824903
0.03191848366375358
0.040539753309491534
0.04064911278302147
0.048939789429414966
0.02873104497068224
0.03858946262102952
0.04762353316218123
0.03855733583053655
0.035693773692954615
0.04837492407523973
0.02845704212423711
0.03470082692650106
0.045517159605641726
0.03783789717767765
0.03736599794912921
0.03552178144573059
0.03637886357129268
0.04391847956551077
0.03744535043201261
0.041895760742920465
0.03690255974884233
0.03539551348383585
0.042163346566772765
0.03682673951961856
0.04519600264282654
0.03312327188736611
0.04365232255119169
0.040542176146856575
0.03493764751719014
0.03750088797381107
0.03457053972364309
0.03406737571366239
0.03757873110805741
0.03765517189563927
0.03957570681476669
0.04494758649135305
0.041171167833744075
0.04027161418048638
0.0317655304055391
0.04488509352170471
0.0398011229821798
0.04226430885298042
0.040055191494436745
0.03998016601975035
0.04338833005707441
0.04757966446239785
0.04159929390922459
0.03987921796826835
0.045685840886595754
0.049672958455472406
0.028371110182163557
0.042082901092713204
0.04312210215046408
0.04387223491431686
0.04309448478169793
0.043206646586295916
0.03274488990681003
0.03813783283703083
0.03379463462624699
0.04164692677516976
0.044805358902996646
0.0400607953969207
0.039144512048169156
0.03364985094378716
0.04611048657776943
0.01982842613580178
0.05722780082283282
0.027835268030395273
0.04286446449491516
0.03204297125457611
0.04809311192577192
0.04040531635679224
0.03515615678000925
0.03131969205350143
0.032484903923181846
0.04697439813837949
0.03723623251552572
0.038143873985762286
0.04220853988891062
0.03822596243538799
0.03941156762796353
0.038807741739825964
0.034739902389802686
0.03486345071460296
0.041946267410574604
0.04067264077510091
0.03393402084897178
0.045600770730980796
0.02675199774566336
0.04329374380767399
0.03838064177872856
0.03304151930522336
0.03922836603833012
0.04167400128916716
0.03087283154119454
0.04275280860062027
0.03304408503522543
0.037717060540276376
0.03691881164632977
0.03747798551035964
0.03501539815898877
0.03584444003881536
0.03310737480490428
0.039657642842148955
0.039770961874097156
0.0379237129434815
0.03869405733691393
0.03310330087265027
0.04472365795104913
0.0307852379400688
0.04087313030596715
0.03867494946251205
0.03178551217053504
0.04278018197847827
0.031014991915519888
0.030482056498273607
0.04342840228143715
0.0294366729752822
0.0384528525021818
0.026661133577547753
0.045549912986419826
0.028827009526877733
0.03947647524646659
0.0331551427733612
0.03195441588658192
0.04701916896738112
0.03294250514169318
0.034270037498757025
0.039904252428127424
0.02999310622470912
0.03947884505074741
0.039796934841011745
0.03215701106228812
0.04605595029863543
0.030712513422443317
0.03966762423142032
0.04155541004687278
0.03891267223820171
0.03627573776791088
0.03720809275999773
0.0445664766851131
0.03566698921233605
0.04850704109707874
0.025457080013069757
0.040761378217502024
0.02592963692934617
0.037193473994430744
0.04560455440482854
0.03007389374745443
0.03931502249442797
0.03586205565100671
0.029691989550685874
0.03755582023101548
0.036378331259702856
0.04488773478458271
0.038217662033908396
0.03766601854400453
0.03914236402786206
0.03815810242246
0.041477297675674374
0.036454901872464994
0.032499291921419135
0.04183426890454754
0.0426452878990845
0.036935155566754765
0.04180923262163929
0.036760497242262914
0.0375237246682999
0.03674415929539912
0.03670387628696609
0.031809329215953454
0.03927299987686717
0.037901134685734694
0.027556306715427047
0.035569229780947724
0.02963942694950147
0.04005780399830141
0.03057808682416984
0.03865631735222279
0.03002793879241453
0.04318025255528535
0.03852833489920316
0.03483568486863869
0.03803685051346859
0.029667735915543322
0.03069621065936888
0.04007719028099994
0.03922922269059885
0.04022333105988936
0.022658829223170567
0.04346101172943262
0.035767327754528844
0.05330403071391207
0.02362926624904292
0.04272683496600476
0.04227775848889048
0.02120621313435444
0.04110171222102666
0.030491859310026535
0.03752725311652825
0.028628981872158045
0.035709850621693164
0.037138353284124445
0.04563719657016918
0.039800442686469796
0.040054308821656406
0.027339439918000277
0.04329051670915299
0.019176789512182924
0.043704725184437375
0.03460232220401151
0.0495240773585544
0.036909435706995966
0.0461244769849936
0.026793804871714743
0.04177151379205853
0.039749835207855896
0.026614817068574652
0.03997356706784795
0.02308819434551549
0.043450674002878775
0.02795509456600353
0.04166751118390349
0.04521597486471865
0.027159986251533246
0.03919252743303398
0.03667331541267534
0.034499792527218444
0.03200982909744936
0.04022227905279842
0.04232160363724266
0.03345875871994961
0.037533031781608966
0.03227505848770016
0.03230911583059292
0.03742909406487276
0.03769856825206459
0.035315699068883405
0.03520405409010667
0.03658768864060867
0.03478141618636099
0.03831052151508629
0.036614093949775335
0.032597263374845024
0.043510447286636285
0.032525702086074845
0.038890606959930796
0.035324931924612654
0.03756773213862671
0.03559850051470161
0.02311279868708748
0.04735960956811365
0.034599730828367814
0.029605126983580598
0.031662140657409917
0.04330832534468346
0.034281828514961664
0.03268290992633885
0.031341773966931316
0.030129044269468042
0.04320165007737924
0.034529234458982566
0.03839022121536655
0.03559621259615676
0.035461787249137094
0.03747058421731049
0.030597305482091462
0.043286510125904315
0.03070249543120356
0.029413722101194056
0.04321200637133333
0.0438921938792033
0.029253268759508712
0.0437858322984539
0.03098545463264758
0.031143134304632742
0.03322257671232733
0.049303488553656884
0.03667619257011329
