-0.0001305422844344993
-0.00011891388725337532
-0.00012046509832346246
-0.00011700582715844655
-0.00011899793057439282
-0.00011626344833833475
-0.00011643287755272257
-0.00011506909557257144
-0.00011119530519362593
-0.00011115227823830682
-0.00011128136543118381
-0.00011024097087405
-0.00010887753402736659
-0.00010886473783234513
-0.00010763756986504987
-0.00010821594343355358
-0.00010887626737804976
-0.00010842148111660735
-0.00010769208798276098
-0.00010649331849982855
-0.00010546865899190037
-0.00010477438711635499
-0.00010386418348323365
-0.00010301504506429225
-0.00010287659677197698
-0.0001021034750274207
-0.00010151618071308738
-0.00010130741271575022
-0.0001001595772559876
-0.00010065140478495185
-0.00010045990558759566
-9.983430282918034e-05
-9.948073019968697e-05
-9.79164795590686e-05
-9.606855767914027e-05
-9.645876159176123e-05
-9.598088639693847e-05
-9.487939994711348e-05
-9.403528531328303e-05
-9.330670381778096e-05
-9.250629438505764e-05
-9.08347802064584e-05
-8.971241428904857e-05
-8.95104353928574e-05
-8.96980156961734e-05
-8.850264651076598e-05
-8.796520041473939e-05
-8.634174731053898e-05
-8.382745706341296e-05
-8.332659047522137e-05
-8.189781805993044e-05
-8.108108180011556e-05
-7.897661102554369e-05
-7.779608110296607e-05
-7.706965455630173e-05
-7.541942782615703e-05
-7.409732369115522e-05
-7.285773471517462e-05
-7.154129591493773e-05
-7.008778998894833e-05
-6.960966477535017e-05
-6.757578502520514e-05
-6.66832128300102e-05
-6.426662224365155e-05
-6.203692780969584e-05
-6.0831540421518646e-05
-5.8511007818447396e-05
-5.6319224814364716e-05
-5.415558299991181e-05
-5.290560548546373e-05
-5.217851977921901e-05
-4.983649979703182e-05
-4.834075387908092e-05
-4.6956275806566566e-05
-4.4809429907574035e-05
-4.443372940379735e-05
-4.340910669745189e-05
-4.2647752127157986e-05
-4.0900285123337895e-05
-3.998832002305763e-05
-3.924772096544747e-05
-3.813031524760595e-05
-3.7320983065528445e-05
-3.708456236948394e-05
-3.5977295698577784e-05
-3.435844832827148e-05
-3.338423145275252e-05
-3.295676699211902e-05
-3.0883920692798235e-05
-3.008758750987961e-05
-2.896148467645643e-05
-2.884573088680475e-05
-2.8534185190253176e-05
-2.8092531715958394e-05
-2.6826068173302676e-05
-2.6898875412239317e-05
-2.786243490792939e-05
-2.7358474456021845e-05
-2.7082443894882537e-05
-2.630327527594341e-05
-2.589848720716596e-05
-2.505580008458481e-05
-2.446196104637752e-05
-2.3412338281480555e-05
-2.290608935636819e-05
-2.1777522846789815e-05
-2.0638905629891887e-05
-2.018960646861503e-05
-2.0103985503817018e-05
-1.9537002446958322e-05
-1.926323523588033e-05
-1.9207925488708366e-05
-1.815579238662368e-05
-1.832015640093891e-05
-1.7566879224445522e-05
-1.7603304750873182e-05
-1.7166943929412916e-05
-1.6894215282197852e-05
-1.6807594031400885e-05
-1.612520859255354e-05
-1.5632952190703623e-05
-1.5519934213839207e-05
-1.561090773949231e-05
-1.4897155383748569e-05
-1.5120640850711979e-05
-1.493035788503155e-05
-1.4624856479370635e-05
-1.4336767191602174e-05
-1.443710068312045e-05
-1.3819691272489592e-05
-1.2218704941388104e-05
-1.2017634959931087e-05
-1.1828764927222569e-05
-1.137333292454191e-05
-1.0705579462818855e-05
-1.0652989922032313e-05
-1.0625353396513358e-05
-1.0753264441386884e-05
-1.0443331753460528e-05
-9.943455631361322e-06
-9.383732438014915e-06
-9.47610235438122e-06
-8.859154439815557e-06
-8.520191102803253e-06
-8.102526961643573e-06
-7.602772448212752e-06
-8.010295024850285e-06
-7.478221419475723e-06
-6.938124825219216e-06
-7.495294618780937e-06
-7.317588389686653e-06
-6.997249553366429e-06
-7.153402853820834e-06
-7.545075976046012e-06
-7.1428378008852675e-06
-7.582986021905368e-06
-6.9751350776536185e-06
-6.5971017726912144e-06
-6.689903257474594e-06
-6.612601460485324e-06
-6.248667794853395e-06
-6.483633299375061e-06
-6.342680733170077e-06
-5.998272870889143e-06
-5.893809456197693e-06
-5.770318015150395e-06
-5.700772217623771e-06
-5.930898050396734e-06
-5.810508526706869e-06
-5.951650103046289e-06
-5.904604004963008e-06
-5.723462410073346e-06
-5.818677074284347e-06
-5.509445646316306e-06
-6.1828359189414606e-06
-6.251932907194925e-06
-5.34544825722401e-06
-4.84947441441034e-06
-4.7652855676500145e-06
-5.45353713528459e-06
-5.538048009074755e-06
-5.221564362622355e-06
-4.761056226161072e-06
-4.971393484110181e-06
-5.328618110492033e-06
-5.293121639492776e-06
-5.195275108512167e-06
-5.113750876921256e-06
-5.450712692897692e-06
-5.473966620479916e-06
-5.120718680595071e-06
-5.09220882267455e-06
-5.4569812467282946e-06
-5.404527451321263e-06
-5.038808744164113e-06
-4.833109454446695e-06
-4.410476717369064e-06
-4.280760780259869e-06
-4.1882396439230405e-06
-4.424255074400866e-06
-4.364377001247308e-06
-4.286748853833094e-06
-3.919974569330605e-06
-4.1099945888888305e-06
-4.2736774641683874e-06
-4.238347700911749e-06
-4.325292349571153e-06
-4.201116474217523e-06
-4.417149390012154e-06
-4.143246104027587e-06
-4.0447629531179015e-06
-3.978699123104309e-06
-4.014588953857352e-06
-3.7646791365725645e-06
-3.7082681791471788e-06
-3.800885586816298e-06
-3.50524564108101e-06
-3.6734257699445942e-06
-3.8425858826446095e-06
-3.521032452398145e-06
-3.0420805806120304e-06
-3.110679416209493e-06
-3.3652293963762308e-06
-2.938827419975364e-06
-2.84581996759474e-06
-3.203672573706e-06
-3.0332883239759174e-06
-2.9706438513328424e-06
-2.7579165039176163e-06
-2.663957496000533e-06
-3.0813886055050492e-06
-3.0214009744879045e-06
-2.5308595567090064e-06
-2.538314684779439e-06
-2.4399113519156463e-06
-2.1833769465772184e-06
-2.0692288484022594e-06
-2.11843253813034e-06
-2.2193900105670816e-06
-2.25499604437283e-06
-2.2845671326755057e-06
-2.856246029309198e-06
-2.4944711844580234e-06
-2.3734223726722226e-06
-2.1394864458103995e-06
-2.4419904172606515e-06
-2.353708373118644e-06
-2.4800524871365717e-06
-2.6782473416486923e-06
-2.9596550990865342e-06
-2.8195782148110955e-06
-2.8126309999883548e-06
-2.559776268516662e-06
-2.2797667207814283e-06
-2.268933660187927e-06
-2.1981307926962734e-06
-2.533654921627612e-06
-2.6132343273143372e-06
-2.6524647980124057e-06
-2.5753609578174106e-06
-2.595742308994227e-06
-2.526073884560585e-06
-2.075333917264947e-06
-1.882072508018662e-06
-1.933120710669175e-06
-2.09203647605993e-06
-1.6500923753694119e-06
-1.4132257583564818e-06
-1.3380316939193122e-06
-1.2800079288802184e-06
-1.4696808773515986e-06
-1.7471578151647311e-06
-1.4670920567026031e-06
-1.3792160970020315e-06
-1.6618055829842004e-06
-1.3958609539601468e-06
-1.1993176709781266e-06
-1.1477434607487353e-06
-1.079967361967146e-06
-1.1730692180854152e-06
-1.3360266345865754e-06
-1.3411402281802283e-06
-1.0586817044922086e-06
-1.283197637190903e-06
-1.2631613684050904e-06
-1.5374151706819774e-06
-1.4182335333949279e-06
-1.1486200175726402e-06
-1.3328630602436664e-06
-1.7926810401611188e-06
-1.8481668552920092e-06
-2.093617401930016e-06
-1.7407743255888277e-06
-1.620859650400867e-06
-1.5597343288364769e-06
-1.7162893919848485e-06
-1.792656557947761e-06
-1.457304625032323e-06
-1.8329901583944077e-06
-1.581917176472548e-06
-1.8732531626100999e-06
-1.7372773481179467e-06
-1.7350173493468901e-06
-1.6698215463491024e-06
-1.8182113786099143e-06
-1.820068754621362e-06
-1.3715946615643655e-06
-1.5172945874534587e-06
-1.2097816835009418e-06
-1.3022838530836769e-06
-1.835012001364426e-06
-1.3765109335271637e-06
-1.1751959042105253e-06
-1.0846363230431988e-06
-1.0382232275056278e-06
-1.0840297732827004e-06
-9.256973037512237e-07
-9.754994517027007e-07
-9.593189206234587e-07
-7.210120693212113e-07
-9.854088619354973e-07
-9.845252021556876e-07
-9.097346098341391e-07
-9.23444672381542e-07
-9.75054904862138e-07
-1.0073712765599496e-06
-9.90112473606343e-07
-1.635191418482345e-06
-1.8755380538557116e-06
-1.7281322619095116e-06
-1.4359679963108383e-06
-2.048669079738539e-06
-1.9012432986805241e-06
-1.9946247049660273e-06
-2.028317245948647e-06
-2.1875462383489492e-06
-2.161105230434391e-06
-2.0111329531837194e-06
-1.919622191316971e-06
-1.976654850981161e-06
-2.0027839549373416e-06
-2.0075196987923793e-06
-2.021203801197534e-06
-1.6725344191096763e-06
-1.5114159349900875e-06
-1.3781967742244783e-06
-1.6379874721125183e-06
-1.9975199264714005e-06
-1.6716536641109523e-06
-1.4215096601786343e-06
-1.5027676124810714e-06
-1.4863060977918592e-06
-1.4125689977331406e-06
-1.2995158487973495e-06
-1.2238219807735784e-06
-1.3513993761976515e-06
-1.25698949122507e-06
-1.3052987884768061e-06
-1.8614028354879364e-06
-1.360790429646221e-06
-9.834961270246203e-07
-1.0622353218989873e-06
-8.633233670624959e-07
-1.1065013459433364e-06
-1.1873988252931589e-06
-1.431276394253908e-06
-1.292852244739112e-06
-1.1953142631313498e-06
-1.275043056618112e-06
-1.1954890574681643e-06
-1.4409991982522141e-06
-1.4922255012198298e-06
-1.1727159906091613e-06
-1.1687411890069717e-06
-1.3285789167560365e-06
-1.1084095622143229e-06
-1.2109552257691352e-06
-1.242831725791631e-06
-1.5529276408309722e-06
-1.938839268998139e-06
-1.4793673122714635e-06
-1.8040638194535226e-06
-1.7345916217970585e-06
-2.081195488692859e-06
-2.1089962982828645e-06
-1.7725786913127892e-06
-1.9865101438077493e-06
-1.6786182087620862e-06
-1.4754904246939882e-06
-1.8113857773984647e-06
-1.7769145771403008e-06
-1.7163333031140096e-06
-1.7441083585161823e-06
-1.550270823919572e-06
-1.5636763342574367e-06
-1.5465800153332816e-06
-1.613342948550543e-06
-1.8709346843183006e-06
-1.7412064047728537e-06
-1.6962368445619822e-06
-1.5991047513270515e-06
-1.5697430807700004e-06
-1.3510655866991947e-06
-1.7830192621039569e-06
-1.5552055493980583e-06
-1.5779117255579627e-06
-1.460168379998177e-06
-1.5147357356434679e-06
-1.5501144171930323e-06
-1.5287127464192884e-06
-1.6883980019949798e-06
-1.9260884317296534e-06
-1.918771711617423e-06
-1.7862074727141273e-06
-1.648775885083866e-06
-1.4275279760983286e-06
-1.3980639643204336e-06
-1.366797001221288e-06
-1.6158356329733448e-06
-1.6835032003681576e-06
-1.6873529810491954e-06
-1.2596445286903148e-06
-1.3743185685387394e-06
-1.229209034874288e-06
-1.6779616969316797e-06
-1.7655094971037149e-06
-1.4646910219949938e-06
-9.603335937741129e-07
-7.783818442357702e-07
-1.1083645858889213e-06
-7.166146525523273e-07
-7.26441508840767e-07
-9.268537040214511e-07
-7.822155299910937e-07
-1.0781579519154048e-06
-1.263627978730348e-06
-1.3513063638880418e-06
-1.1842142971479495e-06
-1.2815004937152295e-06
-1.345501408505315e-06
-1.440677233008698e-06
-1.4535116861225106e-06
-1.5493848475644896e-06
-1.6194903286884874e-06
-1.3652446914816012e-06
-1.4475466135384825e-06
-1.4433884828484724e-06
-1.484496883808722e-06
-1.521854128243475e-06
-1.3012499141331173e-06
-1.1671041199630396e-06
-9.444500308389884e-07
-1.0797274217770463e-06
-1.4351183602005788e-06
-1.35198610078605e-06
-1.2841685969286356e-06
-1.5197973586997462e-06
-1.630107201402796e-06
-1.4390590178558393e-06
-1.3148029636241794e-06
-2.0163551745508155e-06
-1.6814000877855215e-06
-1.0797207282585208e-06
-1.0899128249324006e-06
-1.2681131205470697e-06
-1.049520187240452e-06
-9.640902649350565e-07
-1.1539641310013975e-06
-1.4460167231727215e-06
-1.1541652438411447e-06
-1.2658106968139191e-06
-1.0595505273158778e-06
-1.0933182647272917e-06
-1.1623338037758872e-06
-1.0745000688497173e-06
-1.1684911109166907e-06
-1.300413162531133e-06
-1.5144994235463631e-06
-1.3739822482724169e-06
-1.052623693742161e-06
-1.0333206193826154e-06
-1.1965814347485835e-06
-1.0536966602307656e-06
-6.39028837832629e-07
-4.844628136467783e-07
-7.460005936015965e-07
-4.77207729100764e-07
-5.615804742069156e-07
-6.533996400426934e-07
-6.460784960296039e-07
-7.099277006776559e-07
-5.264909703697228e-07
-4.7414714391129237e-07
-4.7586704411422537e-07
-3.078273664826064e-07
-3.8747969300778135e-07
-6.94660297336088e-07
-7.446293079079044e-07
-5.282627941524233e-07
-4.936012648277424e-07
-4.3896523038711166e-07
-3.975327935176461e-07
-3.8939353801296145e-07
-3.5161937675830035e-07
-3.4414258681428456e-07
-3.8663994270949764e-07
-4.996951816707039e-07
-3.9752650449359417e-07
-4.7422671028088836e-07
-7.209635810611055e-07
-5.705556558482847e-07
-5.837395308126493e-07
-5.228315129884784e-07
-8.186709947765032e-07
-7.90236946205118e-07
-8.137785393823899e-07
-8.892692490271524e-07
-9.266713420955689e-07
-7.331731651810106e-07
-6.699919605006985e-07
-7.025973472068934e-07
-8.789719759639358e-07
-7.096663548212667e-07
-5.191199118621955e-07
-2.893393237723169e-07
-2.887637320498839e-07
-2.3233835493200508e-07
-1.9685793787353442e-07
-3.848459689412477e-07
-2.0427640008521217e-07
-3.9495456160304876e-07
-4.900253652126791e-07
-5.38763261430717e-07
-6.830422093564952e-07
-6.032824427969952e-07
-5.333059142639536e-07
-8.155218149996485e-07
-4.1517539788058627e-07
-4.3440906642570265e-07
-3.035107726112113e-07
-2.649177676970056e-07
-5.22049862430994e-07
-5.848343140525579e-07
-9.445937252351448e-07
-5.361017170416481e-07
-3.2387799634485104e-07
-5.330282848276049e-07
-5.010508407790242e-07
-3.982752843143501e-07
-4.644347933353329e-07
-5.956872228850536e-07
-6.488220967771602e-07
-7.725602745102915e-07
-7.935156400046675e-07
-6.089387283367799e-07
-5.971009269502985e-07
-2.730832582930842e-07
-4.2731501516623277e-07
-4.030907481809782e-07
-4.994674039126962e-07
-7.229552146373612e-07
-8.779401241554297e-07
-7.03400882480639e-07
-6.469027400198947e-07
-5.525468249901599e-07
-3.864593173912526e-07
-6.591393428877474e-07
-6.567426838876639e-07
-5.811674970962064e-07
-6.656916751297473e-07
-5.751076208110569e-07
-6.417680945896396e-07
-8.703027256028756e-07
-7.455665059501041e-07
-7.496612834140672e-07
-6.64357972821734e-07
-8.653558002085935e-07
-8.030130639662789e-07
-7.695024458147257e-07
-8.123746642857019e-07
-7.315582642466166e-07
-7.614814176188214e-07
-6.514399878919969e-07
-8.586059564457674e-07
-9.030166346338524e-07
-7.586571696528931e-07
-9.204672000967127e-07
-7.238711911365195e-07
-6.232274832503512e-07
-5.045722625676506e-07
-3.9338773599015636e-07
-3.394960236928982e-07
-3.3057218401602545e-07
-5.984761657330544e-07
-8.055358445079143e-07
-5.361195164461104e-07
-6.279076910851618e-07
-4.4512967323057173e-07
-2.806770830698108e-07
-1.8720108696684754e-07
