3.435447358566782
1.469743213791778
1.2620111047357754
0.9838847781437031
0.9246172023856122
0.86485541773879
0.8203543886758279
0.6909629296565402
0.677211195230484
0.5846464595069056
0.5004427756952203
0.4642061830862709
0.4866385354080062
0.3845605908528618
0.3891126509161963
0.39430767762056296
0.2992042483950871
0.30913092368754785
0.27762136554372485
0.2821023600256961
0.29013259333652863
0.25905320887872274
0.21613642784422668
0.2178180337043317
0.23199057371180126
0.20356495068678498
0.20512805660457714
0.20822555119799369
0.18586075254648493
0.18292417762247656
0.1597001423985036
0.16186461933429583
0.1684479564850124
0.14444027674229196
0.14300070703535786
0.1527613958198766
0.15972863941662607
0.14801838777139378
0.1475260551897404
0.15170430155400105
0.12502731593406718
0.13451074942291807
0.1416291453052258
0.13329314854859875
0.13563220746194324
0.11178007901416741
0.12284592350782908
0.12886233408462958
0.11833469936138262
0.12630342377646678
0.11204118956136855
0.11117699593845484
0.11081782762683334
0.12198034154615649
0.08683582792139571
0.11891610392848488
0.10706141021480595
0.12278132844358629
0.12160808073721179
0.11131302504192876
0.10863281330903587
0.1252776372104721
0.11324947634104478
0.11659945191923475
0.10903817689235228
0.11055032858638551
0.1142391613887056
0.11162884686769836
0.11946976590442701
0.11940731126114902
0.1109896207445949
0.11739918636748621
0.11286703909855282
0.11330242965925498
0.11612876901484054
0.118710822447716
0.11260967182022506
0.11108812484620274
0.10389659017918335
0.11225325259400289
0.11167707671478823
0.11847879463617784
0.09362368746593162
0.12070774223041329
0.1207402973651778
0.08736684906424658
0.13112241859451626
0.11640609684062825
0.10718980878321589
0.11940321930603165
0.10869199799819161
0.12673814622077928
0.10242296910365585
0.12296686571874264
0.0994307144233787
0.13564940568977507
0.10404668035208368
0.10783300259609477
0.11573191751823828
0.11691610464839723
0.09992409955062297
0.13129710391555252
0.10950008778414433
0.11427780694767548
0.09937861669965534
0.11187878175152709
0.13070728509025514
0.11136891489740515
0.10579362601392726
0.09094751684629507
0.11909807397835497
0.11635020456742495
0.1312620295110442
0.1112495250017146
0.09254130787018727
0.11308348003734389
0.11714234387340106
0.12340704164555485
0.11175848745936663
0.12901776637443327
0.10176481701099598
0.10271501118330743
0.11259841424939425
0.11451573636166859
0.10202514773582284
0.10812010084940256
0.12439114667232269
0.1100142455096289
0.11683843860173247
0.102287949838986
0.11559287797106241
0.11166096495234988
0.11905302685698953
0.10817125377049534
0.12046610497856054
0.10100303730333521
0.11790175514002128
0.1076798998030321
0.1175074254742999
0.11473797170269856
0.11188951368524652
0.10847181892318801
0.1132011837191016
0.10656323870711461
0.11209797084523851
0.10512899314335959
0.11173520166345913
0.11733044010917723
0.11133958317298928
0.11787877287260136
0.10294126825191188
0.10930998285260538
0.11791384240928311
0.10074860711609
0.09596927384373502
0.1178898323205826
0.1038070532452801
0.10439228767232187
0.11714266245911384
0.09932361142257476
0.09658448727619227
0.11477678482575963
0.10865823226555696
0.10868112422589996
0.10288177013896621
0.1197446007112824
0.11072354610044294
0.11259334412592369
0.10762111565597571
0.1264337220421547
0.10831004080355869
0.12123293124908663
0.10655358650019743
0.09495590511284283
0.12359235057796257
0.10955663647020128
0.127322169113145
0.10144740281680571
0.10966391138314013
0.12115869667394545
0.11028010931972793
0.09574435847183771
0.12089935642754848
0.09416013259602629
0.11122334855642385
0.11538086315293027
0.10252388859995679
0.11209966823377687
0.13171320418030888
0.10416499508774259
0.0944992314528107
0.09700482258188498
0.1033551855167995
0.10757587767084656
0.09603641818925414
0.09576581964126714
0.10717311468181213
0.0933134696189908
0.1043972913526438
0.11191236349227636
0.10670005825037758
0.11027175762717599
0.11090301381267162
0.1027454408965465
0.097973744702134
0.10318656722623584
0.10520606024352752
0.1045614794112634
0.09927061530154037
0.1031039271002173
0.10557543890857798
0.09994475635956379
0.10218808536107342
0.1000222422796693
0.11674302601107005
0.09323170986296474
0.12656174475948015
0.10618800722928111
0.09820463549872131
0.10842714738100767
0.10395141557344924
0.09786176561054004
0.1125350073216132
0.1027343140601221
0.09497971815363744
0.0998999562141472
0.10247374883982811
0.1184429811226015
0.09591519294738554
0.12061672009851622
0.10669177600209588
0.09195050587742656
0.1091454342999698
0.11206500853101413
0.11604138920855527
0.10252516227521245
0.12111865213491778
0.0919823844147765
0.10003966305647856
0.11163559718398323
0.09083420294843128
0.11759514662612608
0.10216821776112488
0.10337281249213856
0.10248274752866827
0.09120500551037275
0.10919698081114262
0.11513700847095554
0.103183887974845
0.08558814603146976
0.08795971114802566
0.10714395191736412
0.11233190855726707
0.10148514254842007
0.11525354186828801
0.10206035852805118
0.10657456366849753
0.10608171644296659
0.09943691572255414
0.12033613389391667
0.09940825128738863
0.08378349581524136
0.0952938534454375
0.10990389779824224
0.10914087145035897
0.0989834417475546
0.10366020501469789
0.10739340901499668
0.09694444041942125
0.11383887022679699
0.11117595852440412
0.10326648763789242
0.109382980825393
0.1114978610020826
0.10747462774599915
0.10177489457840937
0.11480036888109602
0.10374287425614623
0.11258523494673325
0.10331945644651094
0.10815687635508568
0.11132679818209895
0.10894936938986075
0.10240038450591374
0.10192853639729446
0.11479899399927344
0.10450626326728261
0.1093506190193601
0.09927040255338332
0.10858580055798445
0.10674334216805553
0.11476855440338588
0.10058285442747823
0.10601226640595258
0.1131012709642612
0.09819782870840425
0.12651619469482062
0.09161587299752062
0.0920537591370268
0.089571713370379
0.10921587940348494
0.09826852356259158
0.11972860819862588
0.07571307560968873
0.10797738910490728
0.10704359317880016
0.08574848279248977
0.11383670103817206
0.10528359244715935
0.10204602484388844
0.11270215982517255
0.10455595925990221
0.10196093748242635
0.10387245776956147
0.0949709136557826
0.10368848731488232
0.10187286452687197
0.10419122607150264
0.11304895199187424
0.11099692534290902
0.11158814773206478
0.09347895071909264
0.10831119533289946
0.1062966629633329
0.12296021588322154
0.0881603433298406
0.10523291674537072
0.1198570725062619
0.10359455359803574
0.10076961028929529
0.12244119116719272
0.08950790145393947
0.09718942915872279
0.11620899262176691
0.10438301754049092
0.10351697001370021
0.09946708383411507
0.09988106972119515
0.11133761482610219
0.10231702845962043
0.1100328061695926
0.10066099901535157
0.09911111402122871
0.10812943618224961
0.10067381338128631
0.11540287192623298
0.09440402940347575
0.11228463808209568
0.1068503516551151
0.09851733770261964
0.10265863404028873
0.09885008731899965
0.09726903721879142
0.10232999213242336
0.10248509657474747
0.10443617169115949
0.11343618178996595
0.10724294065511313
0.10726756739735509
0.09152564528884123
0.11302308473175904
0.10474016784059316
0.11116167418894939
0.10461029303395122
0.10479678995772332
0.11055048181763108
0.11612709612329153
0.10770181068421705
0.10518162226493376
0.11503905487800206
0.12045231666011007
0.08577648583340688
0.1081593423369813
0.10960053581304922
0.1127561176283474
0.10903123586080177
0.11134438174506785
0.09320805567456747
0.10283935671348286
0.09528544983840075
0.10912727868265432
0.11340442246190556
0.1063054930401858
0.10422152151000193
0.09460110479182955
0.11705179471333606
0.07234275828628545
0.13421491093459484
0.08700599150050539
0.11133727748655593
0.0915609489168054
0.11917884794883835
0.10697235745981848
0.09800480242541897
0.09239848038397622
0.09355098243289883
0.1173434765824704
0.10055643438692272
0.10257204218119707
0.10963626699716163
0.10280167995391083
0.10522317249273909
0.10568428417816218
0.09814719602792943
0.09687986893012472
0.11043987484173039
0.10739464522676839
0.09553424460718025
0.11636890365026784
0.08280571491754465
0.11161428515839836
0.10286594205704666
0.09441183068776045
0.10478499860745734
0.10845759199203356
0.09090160107429045
0.1111552328262748
0.09416936241778666
0.10287534336195044
0.10115143117845814
0.10208734485280255
0.09817450192750202
0.10009827486541378
0.09455414367266053
0.10788866411219689
0.10402449311526574
0.102909446147311
0.10451038681186628
0.0953122046843603
0.11344929167872592
0.0909739380822166
0.10777040335781657
0.10324622251336342
0.09348183062831884
0.11109340725048189
0.09199576517162115
0.09047362914619346
0.11216659470970837
0.08957647740928645
0.10444353588272993
0.08577903604558398
0.11686635007778101
0.08849393825073713
0.10566665620044133
0.09477498202497794
0.09384330709640315
0.11743493469944899
0.09426572501483926
0.09715212349481694
0.10692413264009899
0.08788708158417781
0.10780165760366218
0.10528516332567012
0.09379120857161267
0.11502600052947368
0.09022901893784865
0.10405876059962464
0.10898792160931381
0.10251772575977974
0.1000135484509224
0.10173492251382465
0.110764613793488
0.09808145355487215
0.12056107123625344
0.08358778327406532
0.10788983236188474
0.08328154800540727
0.10223985000303018
0.11629487686129152
0.09067186791503774
0.10812956613717951
0.0985091106419492
0.08957406717303641
0.10133606472990705
0.09951484025003847
0.11529760830023367
0.1017280934408874
0.1025728862715777
0.10482868969278492
0.10112840200409941
0.10931269928097617
0.100242689150669
0.09303594990869633
0.1079126135311157
0.11039037970940759
0.10129064927046336
0.1080906672059032
0.1009850772080835
0.10248524145952062
0.10103201240037932
0.10147354848669383
0.09395959751049489
0.10592135652879496
0.10310077765398487
0.08723615981516955
0.09973188377309429
0.09115222654224414
0.10790573156723901
0.0913726126289449
0.10519339378410275
0.09154630875939578
0.11187150935048534
0.10439709704065614
0.09830457746199724
0.10336161534423413
0.0901583823631855
0.09187562107715917
0.10675905036834488
0.10443403660252258
0.1060702596737099
0.07824085218316464
0.11353003673349926
0.09832647546410453
0.12772150738232269
0.07949079895742993
0.11271476007970994
0.109742840293093
0.07552500795049971
0.11178623269770996
0.09152965220762754
0.1031311024857712
0.08849156572335008
0.1002315062159787
0.09949751268478407
0.1172588647235028
0.10611358249519506
0.10772023914530333
0.08521319582106789
0.11361614184072781
0.07206771103327797
0.11245072624929574
0.09729743060365698
0.11989987102350678
0.10339333490886982
0.11509020071125765
0.08570812120223822
0.10898337851993847
0.10617985431293862
0.08476527727148293
0.10837071517016739
0.08002986542988515
0.11337379964258973
0.08734160287270282
0.10940734413452446
0.11702371293685629
0.0844049216720505
0.1061770519797616
0.09999067285030648
0.09763656734097478
0.09382140614848206
0.10663025299647311
0.11121865835013812
0.09617796055702628
0.10308976881071061
0.0940058765219241
0.09447028265550625
0.10345248714345845
0.10301285974708373
0.09912013655622909
0.09894078578530015
0.10116701034586066
0.09820609186114608
0.10260465408108481
0.10091006719048365
0.09355254018800738
0.11288842555402062
0.0931537611666473
0.104261073924979
0.10013034156746352
0.10155333009332526
0.10104976742919805
0.07807521986799565
0.11944887717760613
0.09823811399089037
0.09088635819869628
0.09255605807656125
0.11173677106558318
0.09848396872183766
0.09537071029763615
0.09373811817478281
0.09038576168561543
0.11146643097458435
0.09810397802241336
0.10354625172001998
0.10122768777554207
0.098267423604831
0.10433511433960951
0.09024263090670001
0.11314516270911132
0.09047471760751923
0.08900564488536422
0.112195346113868
0.11348375526216367
0.08744283394037705
0.11096702372331334
0.09271793014984038
0.09075185885919473
0.09601726703028586
0.12097257560631935
0.09993585240622253
