2.5781003349069236
0.6025560827574868
0.39884829553573026
0.2689017045406112
0.2991380804906721
0.2650638011594613
0.2277403904422038
0.19317001651000718
0.21058789381514426
0.1681628291481647
0.14728160153912462
0.13683836327433802
0.17543387305045474
0.11998219748594514
0.12624153975680794
0.12943548962905788
0.10019259409391848
0.10905338335188403
0.1016129311191026
0.10419907099297405
0.10748449415542131
0.09992255692781908
0.08565408548009515
0.08787062920400522
0.09512626486695439
0.08569253803959684
0.08730772161093689
0.09140566379452746
0.0842379943528415
0.08224041492718717
0.07737652477943271
0.07884591824941985
0.08284833402021964
0.07308193817194822
0.0739180545889489
0.07740323401758097
0.08168430981712173
0.07715277655886998
0.07586061164561281
0.07775831609910382
0.06953658641693924
0.0745860967832361
0.07512536771136566
0.07384689207917647
0.07410006755220609
0.06652431363455844
0.07239830268182508
0.07314499075848448
0.07151282389742741
0.07527722761986534
0.06868561362658722
0.06970786375493027
0.06915315831471505
0.07527122192381733
0.06034119363428782
0.07238441953381551
0.06786157117913598
0.07368269195591194
0.07216871700560053
0.06903349760366415
0.06721059306173761
0.0732307565546986
0.06922409967755548
0.07156317509994235
0.0688865406445457
0.06925045157296826
0.06978557593243169
0.0692410416111512
0.07115347002147009
0.07134599841631734
0.0687066394046111
0.0714097846960784
0.06935558519393638
0.06849029809708937
0.07041753128008998
0.07186176101474659
0.06922151378787839
0.06916127062699609
0.06630653758917976
0.06990219352672389
0.06942170632638685
0.0721264657449733
0.0615063945044075
0.07292942494572396
0.07281473684597059
0.05841197131667286
0.07710257839357508
0.07018351382103519
0.06596672517733405
0.07128195722074504
0.06699458956111061
0.07383019281753703
0.06469695459025493
0.07233254880765858
0.0630156213140952
0.07784637157211377
0.06536739362079812
0.06725289223823643
0.07144615839006029
0.07139645586046728
0.06328129716743917
0.07614483496349683
0.0682756667787992
0.07013164670206606
0.06437858099293342
0.06727789373447497
0.0778555354859302
0.06805174273060824
0.06671443450318622
0.05988906665057268
0.07197438991304649
0.07013111497086567
0.07586229930334873
0.06696902494540141
0.061432595783169716
0.06953094237268079
0.06967247257589539
0.07190664403437488
0.06918470392786506
0.07483899573107129
0.06412696364956598
0.06484566623871417
0.07007870979040214
0.0697205616734868
0.0660667290094484
0.06742550569680938
0.07341364722536958
0.06710415808281497
0.07059854748186425
0.0659291828084953
0.06919372643924494
0.06861271374130054
0.07248815668044963
0.06702940686322424
0.07331114249519896
0.06372515304162558
0.07132689527276417
0.06698013106833442
0.0706604333675426
0.06960874123066879
0.06857921357226113
0.06685942045642414
0.06957099859035858
0.0670051471789138
0.06895679887721612
0.06593883249139332
0.06893233904628542
0.07091809187651328
0.06906707015603888
0.07108547232464711
0.06630332635013737
0.06871248729378525
0.07214209053705892
0.06536902778147571
0.0636597100486709
0.07186630486335227
0.06678934436142984
0.06678424126374116
0.07257587176180728
0.06462501258710804
0.06401695457010435
0.07102123003763457
0.06777656816985404
0.06765155326507553
0.0648647103647607
0.07248203457076696
0.06804466582294824
0.06904790165793637
0.06783202384004666
0.07440763570206321
0.06748257858165796
0.07194941525644474
0.0668759496335912
0.061880041210763695
0.07432886581206559
0.06703427001037568
0.07437881847600573
0.06414890521124977
0.06762502364733297
0.07283968352915152
0.06925743321240273
0.06321571096507968
0.07284690222729916
0.0634759155884925
0.06892142137107642
0.07069691626584508
0.06415530684255603
0.06951344446144134
0.07613992621528282
0.0672486301349557
0.06286828016416858
0.06414544772005816
0.06693743079212373
0.06872028515984614
0.06395773109102594
0.06422391933375511
0.06842442918096439
0.06236183851201465
0.06613024611673925
0.06925356572331942
0.06653150361692668
0.06852993282718935
0.06934104069217067
0.06629059343949716
0.06483591596960374
0.0660446838280051
0.06693503759679911
0.0666269324787393
0.06486084110076552
0.06621208486984065
0.06684241264694087
0.06509940410910202
0.06589553350974145
0.06470048214997286
0.07155704920423096
0.062174782973538706
0.07595482355901513
0.06614070187619739
0.06409713531763334
0.06746415559040464
0.06664487209670461
0.06437217259604106
0.07082575831589276
0.06638869049324506
0.06351774813188915
0.06486423059866048
0.06629724497569428
0.07359998213275727
0.06164201314938997
0.07340268724247058
0.0669237926190692
0.06174991561261856
0.06835226234440031
0.06914794541207021
0.07129787829151188
0.06635262294793906
0.07328122138869071
0.06062829630462912
0.06510638084896989
0.07016607471471788
0.06068429827312197
0.0728098470279002
0.0657629365897805
0.06687402104000574
0.06600715751435769
0.06340081751872988
0.06908524098833078
0.07037676727750163
0.0678231275583064
0.0607216603939246
0.06047848213895939
0.06840500591889671
0.07086021633670274
0.06449793299417132
0.07187656972867747
0.06484264658386077
0.06822325992802887
0.06777133707942413
0.06508181833972533
0.07341380154821968
0.06560340465343409
0.05923245264136273
0.06446517868291425
0.06827880315941529
0.06953230436445902
0.06551793028694997
0.06601680952556216
0.067844063181943
0.06307002035158592
0.07042980641531556
0.06912312166009477
0.06487488954166032
0.067966655065454
0.06812867444292035
0.0669391988472932
0.06464743455939427
0.07027575139806647
0.06571875507875845
0.06975267725267811
0.06543485211559395
0.06747382220920121
0.06828805647682452
0.06770490129154337
0.06536309098811362
0.06560324841057477
0.07067825970158953
0.0660756015272784
0.0684064100563958
0.06460044783729034
0.06789754358106766
0.0667506961448901
0.07000302621568351
0.06481566156962536
0.06630912471049721
0.06980991017991219
0.06364166588131068
0.07576978954729503
0.061608397234838616
0.06269677245206591
0.06114101156497887
0.06974355325075811
0.06399648647040021
0.07397145321727663
0.05499594629931169
0.06947864339335998
0.06812453936056598
0.05862664169820862
0.0709610404851644
0.06600367499893342
0.06632179744960065
0.07068004021825998
0.06615022063403782
0.06581202891412312
0.06682901571680239
0.06322089451756599
0.0665878232980174
0.06378019330820636
0.06706384086536
0.06834848167752658
0.06850077646474044
0.06832457237296562
0.061561452258594225
0.06777235118510283
0.0656484726789421
0.07402140178474718
0.05943030427021069
0.06664444433619687
0.07223517435224916
0.065039093464451
0.06507756506713729
0.07406770244267756
0.061052908307697246
0.06249050391783965
0.07069382985945845
0.06654714839870407
0.06615315936168359
0.06394746264213345
0.06350421810023271
0.06742105523691229
0.06487365460792638
0.06813904718981813
0.06376044742385115
0.06371762207034382
0.06596776211391324
0.06384858561585238
0.07020824677918268
0.06128239450787289
0.06863431339624568
0.06630984748430226
0.06358111232343683
0.06515924862680444
0.06428103388179147
0.06320307400428514
0.06475255912021342
0.0648311482121547
0.06486181689736743
0.06848985258408863
0.06607307785906005
0.0669978137222537
0.05976147594375779
0.06813897523840053
0.06494010742956205
0.0688982276023244
0.06455620753484359
0.06481781189559378
0.06716358310718468
0.06854872413290043
0.06610371245651682
0.0653036788571626
0.06935441024277521
0.07078080047326891
0.057406868070256016
0.06607761434144407
0.066479602140253
0.0688852110196013
0.06593785887125178
0.06813894475445799
0.060464407509678735
0.06470307608917895
0.06149275375840565
0.06748183210636827
0.06860086829671501
0.06624643317680212
0.06507909030019157
0.06095336321943804
0.07094308011490258
0.05251631825028554
0.07698878936766498
0.05917219993104969
0.0684746251731733
0.05951975456411964
0.0710874527618559
0.06656878673727962
0.06285019651176812
0.061080351856577654
0.06106762477007789
0.07037069280024456
0.06332207296678014
0.06442990849820385
0.06742942456722907
0.06457731600148954
0.06581317402584397
0.06687789316208143
0.06340907663241893
0.062017973151354905
0.06849518533040216
0.06672346500841819
0.06160173854331715
0.07076968400455687
0.05605524590414395
0.06832222981324447
0.06448722743780176
0.06137223123991187
0.06555841967423001
0.06678523967191037
0.06003019777194098
0.06840382185359688
0.06112664401787671
0.06515989971239174
0.06423430269638049
0.06461104766492719
0.06316036242735235
0.06425520855649981
0.06144799759773457
0.06823269953694788
0.0642552968836727
0.06498719708980534
0.06581728982037284
0.062209681840613484
0.06872674148273317
0.060189417229317456
0.06689800053119552
0.06457220040518197
0.06169709958392533
0.0683143037688527
0.06098203625583994
0.059992924278629
0.06873937751220512
0.06014108741520972
0.06599202778770764
0.05911934434476754
0.07131789189398936
0.05966847788785463
0.0661917997767096
0.06162120454499255
0.06189033867575336
0.07041720923819188
0.06132470432034545
0.06288360748642488
0.0670211824649216
0.05789514241632128
0.06832375847127127
0.06548930836193588
0.06163563118046285
0.06897140221427316
0.059517789952645915
0.06439265504857336
0.06743414121666465
0.06360649120440517
0.06373912495210012
0.06452884689054411
0.06619981664192418
0.062415544125858854
0.07205512026405853
0.05813197078574719
0.06712950326070405
0.05735287660786855
0.06504752929322422
0.07069176778642704
0.06059912789909952
0.06881580895582295
0.0626481142455199
0.059883170724050076
0.06378140713871065
0.06313758371127905
0.07041104159830813
0.06351173096808835
0.06490838169660149
0.06568769941551854
0.06297135299773536
0.06783643424632432
0.06378898450402894
0.0605377120208805
0.06607898330126984
0.06774557627521563
0.06435624074757747
0.06628191107344153
0.06422514220416221
0.06496217048160084
0.06428849983933395
0.06477038173234441
0.06215079505320476
0.06664883139529738
0.0652001185639613
0.05968015992919496
0.06416303957002642
0.06151349416029626
0.06784867290812342
0.06079505414675004
0.06653756926011672
0.061518809228352664
0.0686916536314116
0.06586915086212473
0.0634692446767366
0.06532510808345092
0.06049103270946206
0.06117991013519898
0.06668225688306426
0.06520528912854691
0.06584764993749559
0.055582592739602144
0.07006960836968021
0.06255967047173476
0.0744182963963544
0.055862322658894285
0.06998873870158433
0.067465971507456
0.054319721467765994
0.0706852533267406
0.06103846226629896
0.06560455343308116
0.05986346360768421
0.06452236518911693
0.06235967858262576
0.07162195789978663
0.06631342919570381
0.06766616314838546
0.05787395257705256
0.07032600836828351
0.05289112539637996
0.06874639616158885
0.06269559809816597
0.07037633201917229
0.06648458118982398
0.06896632703264123
0.05891484916345149
0.06721267988567875
0.06643043382538726
0.058150894342638225
0.06839745210996573
0.056941936325713774
0.06992364777049617
0.059387093966664826
0.06774077791909593
0.07180827418747156
0.05724525949040401
0.06698505703589298
0.06331785856003778
0.06313717299464928
0.061812041165388146
0.0664085701033743
0.06889770301463811
0.06271997511562338
0.0655575304703814
0.061731427293810724
0.062161763006335365
0.06602366433978296
0.06531471929485923
0.06380484061167184
0.06373723171502892
0.06458004383181316
0.06342555465433153
0.06429483612958828
0.06429661952795973
0.06095582768118576
0.06937836600885983
0.060628718979980636
0.06537112454289867
0.06480599056753883
0.06398626406798544
0.06545184210678427
0.05496306275354995
0.07209013721338757
0.06363912957949915
0.06128198145281361
0.06089458042971682
0.06842931109291596
0.06420294441741661
0.06268856989260277
0.06239715566102793
0.060257450127434255
0.06826554217537784
0.06357539481604876
0.06515688990728687
0.06563237807173553
0.06280639507146417
0.06686544990625934
0.059646050091427955
0.06985927641769682
0.05977272569282871
0.05959231539399944
0.06898368032568175
0.06959189300128407
0.0581901632822996
0.06718199772328354
0.061733011399274285
0.05960935207110816
0.06279513558737286
0.07166936707790887
0.06325984809318207
