-0.00013357720605132204
-0.00012990126614803794
-0.0001178340087925015
-0.0001100175809201405
-9.587369869997794e-05
-9.050788395581078e-05
-7.822077869032337e-05
-7.01139298918726e-05
-6.151787224721543e-05
-5.504826845868525e-05
-5.085578461013803e-05
-4.7216409627624135e-05
-4.3713915888306304e-05
-4.019299039673233e-05
-3.886946285126248e-05
-3.7382679524684876e-05
-3.6698540767516805e-05
-3.731592113143523e-05
-3.748426361535503e-05
-3.6756592669041345e-05
-3.456662697890015e-05
-3.485669043988714e-05
-3.501686417924551e-05
-3.398915928469419e-05
-3.3682299140814896e-05
-3.405913957976736e-05
-3.449128295566576e-05
-3.3445600921469224e-05
-3.38953833744637e-05
-3.411160839648262e-05
-3.515642014530453e-05
-3.428376846757062e-05
-3.5558149209935905e-05
-3.6270994584170965e-05
-3.3668291709747995e-05
-3.436520650952675e-05
-3.472583166849627e-05
-3.4126447173076927e-05
-3.464027556927047e-05
-3.496088309610194e-05
-3.4923386448537244e-05
-3.5484823860719596e-05
-3.6595965933951515e-05
-3.523126455278274e-05
-3.571464037156181e-05
-3.484271467270985e-05
-3.619550463756443e-05
-3.578823587438954e-05
-3.493262475886796e-05
-3.485952119161892e-05
-3.5364477365941707e-05
-3.536949198287739e-05
-3.587757183359591e-05
-3.604383298941819e-05
-3.620292665329072e-05
-3.513025661016366e-05
-3.484264420371296e-05
-3.4117393860705544e-05
-3.350513981314617e-05
-3.300503616359223e-05
-3.2248491657406296e-05
-3.182389398851363e-05
-3.177965320194037e-05
-3.2494201419737054e-05
-3.224379098456767e-05
-3.344015230713585e-05
-3.3209105216277145e-05
-3.4025278081470686e-05
-3.3633811755054114e-05
-3.4048301501941215e-05
-3.430995558220376e-05
-3.423781055500041e-05
-3.525112347065092e-05
-3.42529061459505e-05
-3.389755430463184e-05
-3.4811495694426684e-05
-3.459469694967588e-05
-3.403548934902237e-05
-3.422673439167233e-05
-3.383339288929063e-05
-3.35545428916467e-05
-3.342831647993686e-05
-3.335243161051983e-05
-3.2728353323397675e-05
-3.26446251064125e-05
-3.26096478265417e-05
-3.251142697990872e-05
-3.191223516262619e-05
-3.2207201406385546e-05
-3.157183581842454e-05
-3.212027931348765e-05
-3.1665273127146065e-05
-3.255278864310606e-05
-3.310100254128446e-05
-3.304765562427713e-05
-3.358331216279314e-05
-3.330052533312011e-05
-3.395123025661128e-05
-3.366464079590514e-05
-3.311374934532473e-05
-3.2847798138391227e-05
-3.231471513303135e-05
-3.2578701696669064e-05
-3.299391297601957e-05
-3.428197669563815e-05
-3.374859389387658e-05
-3.370709034950576e-05
-3.255235572362801e-05
-3.2312821228212364e-05
-3.12813370126403e-05
-3.0998085869079524e-05
-3.035368704500056e-05
-2.9473187708019935e-05
-2.9898028649902835e-05
-2.9827187366511982e-05
-2.825549907154507e-05
-2.8547143032213812e-05
-2.8567362042613916e-05
-2.8290030160052185e-05
-2.826828932922109e-05
-2.823081996649745e-05
-2.7818703933412002e-05
-2.7764392008841106e-05
-2.762267488126074e-05
-2.751913537698177e-05
-2.7337294442178165e-05
-2.7202386196155135e-05
-2.7246027794144874e-05
-2.7530288813674513e-05
-2.7764904829112952e-05
-2.7446881008304275e-05
-2.7391724062100468e-05
-2.786187454788618e-05
-2.824850114982972e-05
-2.7585149736195388e-05
-2.7772458553146054e-05
-2.699774786715689e-05
-2.713801755076188e-05
-2.7079006502861847e-05
-2.683182335911422e-05
-2.681030289548087e-05
-2.7485015784299725e-05
-2.675866811909213e-05
-2.5955215379427602e-05
-2.5560895664966665e-05
-2.5631720307972972e-05
-2.5525641157636762e-05
-2.5784312701607296e-05
-2.6042448384773537e-05
-2.654469197430579e-05
-2.632496000808681e-05
-2.619022934932555e-05
-2.6817716624699876e-05
-2.7353260722722756e-05
-2.8151004530459262e-05
-2.7815441070641908e-05
-2.8559282765383142e-05
-2.866741757585529e-05
-2.8076773930849783e-05
-2.7916344050835403e-05
-2.8009612463022307e-05
-2.8056598643565343e-05
-2.727060099358722e-05
-2.728932829793646e-05
-2.69210043673714e-05
-2.547084551662448e-05
-2.5673143614700098e-05
-2.5384761169401895e-05
-2.507388712223878e-05
-2.5780899603786464e-05
-2.580084596788597e-05
-2.543274139396898e-05
-2.4669187243691544e-05
-2.411494501251986e-05
-2.5442798182161318e-05
-2.559670321244522e-05
-2.5456197531807617e-05
-2.583886850549822e-05
-2.5814141028806465e-05
-2.6471455755570247e-05
-2.6528234499252262e-05
-2.5606651804453037e-05
-2.5977532964639573e-05
-2.5549725722629336e-05
-2.5578341929185962e-05
-2.5258768733625334e-05
-2.4929219054886038e-05
-2.5187804702134735e-05
-2.5537524548040152e-05
-2.512068985433197e-05
-2.4929395429488203e-05
-2.586522182186686e-05
-2.634903527602243e-05
-2.6127652812714654e-05
-2.5958396724524425e-05
-2.5606038063954287e-05
-2.478322386633846e-05
-2.5241441714266937e-05
-2.4751160068532313e-05
-2.424921748806136e-05
-2.359346958487381e-05
-2.3734860978610987e-05
-2.326873760062477e-05
-2.246823095009421e-05
-2.277947310681662e-05
-2.3030535279152293e-05
-2.24815409671498e-05
-2.368892415284386e-05
-2.330232362308177e-05
-2.3615992648518403e-05
-2.428531721913411e-05
-2.3695564811566362e-05
-2.3542726045922825e-05
-2.439377863925916e-05
-2.41907575939506e-05
-2.456175523682894e-05
-2.5320266407409992e-05
-2.5438537367908457e-05
-2.563571474133318e-05
-2.4880411863840117e-05
-2.4815764306738317e-05
-2.4326888200852813e-05
-2.4640527246649275e-05
-2.438967055274622e-05
-2.371681269626909e-05
-2.3553023075456388e-05
-2.367408530887958e-05
-2.3712536252181355e-05
-2.396336128219479e-05
-2.4308598666620026e-05
-2.4471091011138116e-05
-2.4535946404621763e-05
-2.4203361169417837e-05
-2.395278365670324e-05
-2.4028029521879808e-05
-2.3953102720918617e-05
-2.4148808060326025e-05
-2.357556769749391e-05
-2.4034140922055855e-05
-2.408757063676603e-05
-2.44243606344012e-05
-2.5564373437966288e-05
-2.540090072552967e-05
-2.4775178206726667e-05
-2.4690354149680826e-05
-2.4571384899361334e-05
-2.408026011835318e-05
-2.3418512851262846e-05
-2.3356416797334396e-05
-2.3031366826789627e-05
-2.3735556977852764e-05
-2.2875783879835917e-05
-2.3768153672184173e-05
-2.2887806456613664e-05
-2.2861903441177372e-05
-2.3126326966491803e-05
-2.3051817724653693e-05
-2.3212040307246047e-05
-2.3566298060123465e-05
-2.3402453398038807e-05
-2.3610076486538338e-05
-2.2990486387344492e-05
-2.3530378206891732e-05
-2.3570306641179035e-05
-2.4059439022460504e-05
-2.3899146981420927e-05
-2.3731207572078954e-05
-2.4368684130927755e-05
-2.4149290429367857e-05
-2.4078374702151416e-05
-2.3721240453327214e-05
-2.2970979006021042e-05
-2.3085184120982712e-05
-2.2784142317875564e-05
-2.299924401288283e-05
-2.2643942833787554e-05
-2.2726087991031818e-05
-2.325196314982518e-05
-2.374260899766038e-05
-2.3596389736566278e-05
-2.3560184167258234e-05
-2.3855592492812622e-05
-2.3299852694402e-05
-2.3221357575190876e-05
-2.359972124934386e-05
-2.3423019565935073e-05
-2.347954594167984e-05
-2.2805711759482854e-05
-2.248174806246189e-05
-2.2700755599308416e-05
-2.3139857957074935e-05
-2.230961830786395e-05
-2.2536598812116103e-05
-2.1973762529712446e-05
-2.1461205337632067e-05
-2.1800981981127904e-05
-2.2261280752934033e-05
-2.232150634679581e-05
-2.2943828972293652e-05
-2.2406710909476884e-05
-2.229654374888115e-05
-2.2443605673658937e-05
-2.2112761278684183e-05
-2.0918467540738033e-05
-2.150853746301167e-05
-2.205304648399491e-05
-2.2053135479735727e-05
-2.1473244352684424e-05
-2.117330404871609e-05
-2.0978603195679306e-05
-2.107739318388566e-05
-2.1198577289598892e-05
-2.101918235658323e-05
-2.090370482484879e-05
-2.0379552249020588e-05
-1.979524286407805e-05
-1.985467093214134e-05
-1.9764950020881196e-05
-2.0201381024283666e-05
-2.0392435679376057e-05
-2.083690890652145e-05
-2.1191575595164774e-05
-2.1180873537324026e-05
-2.1075683670696214e-05
-2.1409325671373625e-05
-2.2162029145639046e-05
-2.1941770076712903e-05
-2.2077736166129062e-05
-2.1927119531836877e-05
-2.182279260725611e-05
-2.1600627304805028e-05
-2.106803340548477e-05
-2.0681114822056974e-05
-2.1312750471191032e-05
-2.1196798856922045e-05
-2.0645788363590663e-05
-2.0090754602548527e-05
-2.028765744331327e-05
-2.0709291102657853e-05
-2.105645715481067e-05
-2.116626523342415e-05
-2.1398964842470985e-05
-2.2180776660981656e-05
-2.1929298546402372e-05
-2.20365743222862e-05
-2.2476841439600793e-05
-2.200103329044025e-05
-2.206425024606115e-05
-2.204496882364361e-05
-2.1466059748760285e-05
-2.1850547758125078e-05
-2.1497617598032337e-05
-2.1613129757935423e-05
-2.1680702586848013e-05
-2.187452763017198e-05
-2.1864333205114775e-05
-2.1115335955444067e-05
-2.094079172820784e-05
-2.1320937742496392e-05
-2.125531924927297e-05
-2.0864255997434224e-05
-2.0821259197503053e-05
-1.9243247489039613e-05
-2.0279123149251705e-05
-2.0282678330355946e-05
-1.952155030772297e-05
-2.0319801815613e-05
-2.049948549635398e-05
-2.102933278904486e-05
-2.1896324782304605e-05
-2.150369073206093e-05
-2.144273161387968e-05
-2.2029817113501917e-05
-2.110205962337743e-05
-2.215911236244547e-05
-2.1469286635962176e-05
-2.1075619062887403e-05
-2.109365656603283e-05
-2.033226377938667e-05
-2.035247073056073e-05
-2.087222977327959e-05
-2.099259102208264e-05
-2.0758912392516828e-05
-2.1304889742168598e-05
-2.1094539853813195e-05
-2.106654776273192e-05
-2.098268473842095e-05
-2.1337624342844788e-05
-2.10833411444953e-05
-2.095542118628078e-05
-2.0757014984458994e-05
-2.0592119889678777e-05
-1.9626694093285886e-05
-1.9641423393666088e-05
-1.962254592163609e-05
-1.9642842879100635e-05
-1.937420596799779e-05
-1.968657704344002e-05
-1.976974602223857e-05
-2.0049536167924224e-05
-2.0219695283298347e-05
-1.9994298916706747e-05
-1.963383894892306e-05
-2.009036176820734e-05
-2.018115083046723e-05
-2.0048315693404424e-05
-2.1024564409378433e-05
-2.1623090948129107e-05
-2.2235106505966677e-05
-2.1946306703655325e-05
-2.1812195040251094e-05
-2.143858768653849e-05
-2.1862126029898515e-05
-2.1759834689200268e-05
-2.1449478784537252e-05
-2.0579333202611587e-05
-2.098656578810834e-05
-2.0570686737536796e-05
-2.0105092752836988e-05
-1.986496344788638e-05
-2.042990598527939e-05
-2.0603853516621274e-05
-2.0191496029535e-05
-2.007201112940459e-05
-1.9538631291922042e-05
-1.930052429896831e-05
-1.9686320970153987e-05
-1.9624457746869194e-05
-1.9884044646729576e-05
-1.9881504394342535e-05
-1.974257463222818e-05
-1.981742159976555e-05
-2.093692981159418e-05
-2.0312740566118413e-05
-2.0404814508596986e-05
-2.1310094679291877e-05
-2.0897962005821886e-05
-2.125818139541446e-05
-2.1542001074218813e-05
-2.1398535022011924e-05
-2.1463008899310672e-05
-2.1605619015948225e-05
-2.1715071987408145e-05
-2.1686541879683284e-05
-2.1812865169421355e-05
-2.2458421881310642e-05
-2.2105742202795767e-05
-2.2303317059090154e-05
-2.2662672967675866e-05
-2.2139282952627616e-05
-2.180620847664411e-05
-2.1713140759621404e-05
-2.232689884193759e-05
-2.2376299697228847e-05
-2.2305660186921834e-05
-2.2507603379953826e-05
-2.2596097753396156e-05
-2.2189356833998182e-05
-2.2763028432058894e-05
-2.335226182131683e-05
-2.3465165954635098e-05
-2.3249742298503406e-05
-2.3204314655029317e-05
-2.304485840593568e-05
-2.2616726979591744e-05
-2.237395704098701e-05
-2.312594012807865e-05
-2.3273779839251398e-05
-2.1845726021436145e-05
-2.13548000492328e-05
-2.0249103491315275e-05
-2.03683428278762e-05
-1.96221293056927e-05
-1.864529925417931e-05
-1.9333230671623756e-05
-1.8928471911715826e-05
-1.963854339448045e-05
-1.8881839356186834e-05
-2.0457737601073285e-05
-2.0540337303558504e-05
-2.006255312557591e-05
-2.0187782124762804e-05
-1.9875386728758543e-05
-2.112440759244944e-05
-2.082194421543843e-05
-2.171936305078109e-05
-2.264946205185778e-05
-2.3042127024921313e-05
-2.2151831419452923e-05
-2.2461935899358382e-05
-2.3278270519868885e-05
-2.3014211600874894e-05
-2.2877709650654448e-05
-2.2594554105092323e-05
-2.2817873657374918e-05
-2.1932792353456738e-05
-2.2757947657804902e-05
-2.320722544229486e-05
-2.2853783472479943e-05
-2.271077829829193e-05
-2.194337314533725e-05
-2.159731694620051e-05
-2.17342698036831e-05
-2.1407616697144005e-05
-2.127229554052637e-05
-2.1381302724842465e-05
-2.119917944246144e-05
-2.098352349464592e-05
-2.11090138893471e-05
-2.04363819244059e-05
-2.07235310948885e-05
-2.020192766428442e-05
-2.045948827731923e-05
-2.01596336679628e-05
-2.0841405987286838e-05
-2.132393826657251e-05
-2.1521772766761757e-05
-2.082624767488731e-05
-2.1421701671055484e-05
-2.2195715953583e-05
-2.2283034384060926e-05
-2.1810488962930525e-05
-2.240957514408769e-05
-2.1885178756309432e-05
-2.134441153126924e-05
-2.1537317648094528e-05
-2.0976990829998005e-05
-2.10794424438737e-05
-2.0822477448813583e-05
-1.9922324807137353e-05
-1.9552303557348852e-05
-1.9120962894737238e-05
-1.959354765993474e-05
-1.938470914966375e-05
-1.907200452546089e-05
-1.9190326282922695e-05
-1.930541960367312e-05
-1.9952564899641504e-05
-1.9631938980806068e-05
-1.906159343855473e-05
-1.8047045361729237e-05
-1.7722270462804267e-05
-1.8188513018281406e-05
-1.8744406622351596e-05
-1.859058735404957e-05
-1.9234511489264184e-05
-1.946540551553308e-05
-2.054102851953185e-05
-2.061033316109657e-05
-2.117716636954962e-05
-2.1569006936193478e-05
-2.147542168300047e-05
-2.130639148634617e-05
-2.1479777488922184e-05
-2.2219775995903614e-05
-2.1562880512512357e-05
-2.062678834557085e-05
-1.9904296735788835e-05
-2.0686126272603696e-05
-2.0819654175149345e-05
-2.0930922834883893e-05
-2.0340449703292473e-05
-2.03796342382837e-05
-2.095166564686224e-05
-2.1237578847730118e-05
-2.1288506576200706e-05
-2.1474187801855066e-05
-2.1325144593396948e-05
-2.1555059262296977e-05
-2.124345519405324e-05
-2.150137960496876e-05
-2.155218674117889e-05
-2.0773749417491706e-05
-2.1348486673862983e-05
-2.0541904194504713e-05
-2.0654618075005367e-05
-2.0570106816766957e-05
-2.0563052775860006e-05
-2.0303076005937464e-05
-1.9689782102769067e-05
-2.0235481888111854e-05
-2.0185407130931572e-05
-2.0440443256154174e-05
-2.063949957826278e-05
-2.088396198545255e-05
-1.9395775881194924e-05
-1.979941764686912e-05
-2.0076978183135873e-05
-2.004472898315052e-05
-1.961334149840426e-05
-1.9642471737892333e-05
-1.9433308032737977e-05
-1.906676731811819e-05
-1.8891420444965155e-05
-1.8193390604682025e-05
-1.7883555806798136e-05
-1.826920082816354e-05
-1.984694117035596e-05
-1.9549900200756923e-05
-2.0413519585552557e-05
