1.1589744012388918
-1.1703485250817958
-1.4028480924941875
-0.3941553013606204
-1.022148499886195
-1.003884396067372
-0.815344633879485
-0.5409016697495072
-0.582028572206144
-0.2650104039176195
-0.5619589868519042
-0.45753844689439843
-0.41860145661565995
-0.17955052169660726
-0.18654734682705668
-0.12102382743938102
-0.03562759932268549
-0.010452797416494124
-0.009364443434471334
0.05001771249980838
0.06897581829172042
0.09021250670344604
0.08379373501089436
0.11258703603892138
0.09023214835259649
0.14201084869327368
0.17254278319025482
0.1809329288770203
0.154466916858736
0.14906541127021666
0.15262882294202293
0.16741323467619992
0.15558223278020267
0.15842890287577002
0.06733173810600958
0.12225267877672902
0.1857960563911884
0.11373409292557174
0.16731335676309686
0.13489535682903672
0.17146241738831763
0.17151924250302492
0.14866288012072565
0.14061209519773168
0.1654466658278748
0.2027014056565585
0.17733901973675797
0.1592118434814943
0.1841624416410923
0.17467965020073783
0.21156270429491997
0.17963287682720908
0.16279008892295813
0.17877517337048496
0.158439733752015
0.160843167833432
0.13334022035080664
0.15244698507443968
0.14730254387810687
0.14614635288577388
0.15531833393982164
0.14155979311369635
0.15230964153522142
0.15084962467490523
0.13329717692815596
0.15076945984253176
0.15862863993755094
0.15546001925098676
0.16701773457505084
0.14392931945621967
0.16419408547140105
0.15540860527781425
0.15753711394413752
0.1774458689270196
0.17586156994932228
0.1952959372903462
0.1368398089651708
0.1818139079561526
0.16283251568933743
0.1337525558019816
0.17607352786042071
0.11677485200817939
0.1291825569027828
0.1442895031499642
0.16365182617058358
0.1819076495314086
0.1635044521341721
0.15579004251156692
0.14208732027974394
0.1948140093849765
0.1615775956608424
0.15590705264670154
0.1654573077749875
0.11807187694918227
0.12603534916760745
0.1563869728706777
0.14400255052303826
0.14612545752552925
0.13340139275209772
0.1149946134020057
0.17403233034053334
0.17248832748737186
0.14701294897262146
0.20495779156960822
0.15942443854658417
0.1604962818738487
0.1451606204284838
0.18328665921257603
0.16874197737693233
0.1705642673359425
0.16104137787112482
0.16306049092155364
0.17016416284497138
0.15101581722221993
0.15722461569088478
0.15569042704171604
0.16774118971079588
0.15448669927125727
0.15591604848978696
0.1425823364406824
0.1777718190483197
0.1670340115411414
0.1428411532262409
0.16753375183583963
0.1469939269332422
0.1837269328362136
0.1768873676105782
0.1919773932830948
0.12017379018167655
0.17182135794104803
0.15529136797758164
0.1362065225839615
0.12354034726956377
0.11805912516407531
0.1363434716369267
0.08605124994668316
0.1474855414584858
0.14190147729392197
0.1287496836459333
0.13249250282361
0.14927449574935492
0.13356093205166636
0.15071032955138772
0.15962319152809126
0.14748883671213495
0.14602179059551823
0.15158295821014758
0.1648394477174238
0.17148188329129307
0.15942151238710653
0.16686465170372416
0.15025743557554153
0.17288273974770196
0.17158774773297072
0.141746889937807
0.17035228476204253
0.13647653914436145
0.1150723146835204
0.1359102942428931
0.18833562776584317
0.1590253203348429
0.1460764245906224
0.19006322878757836
0.15004288656982007
0.18775575001793052
0.17216420468563834
0.15405523787787254
0.1666795347161867
0.16757540294417628
0.17482189099407858
0.18173368764972245
0.14456759669162608
0.2754948783527922
0.24989918840152245
0.2610855246031726
0.2069905795570877
0.17964889026350445
0.21193720772862434
0.18460322021403247
0.1997940068098682
0.16916295966236955
0.18707565766655737
0.19243684686996318
0.17304638386876495
0.12183114903530588
0.17401242404486295
0.16541163647478377
0.15645911461777157
0.13860136082102717
0.13448022833714882
0.15959308192961746
0.15227863668567604
0.1738683135352201
0.12300913360970164
0.1675112247467041
0.13670132595493836
0.13791487374584432
0.12815690758051695
0.14617288707652026
0.13979553638233078
0.12525784831356118
0.15724471349407126
0.12539321277290583
0.16749136943986673
0.17912466913737632
0.1461963416422131
0.1547099616533766
0.17992105776513065
0.18217725030801915
0.18372783870641055
0.16842249877474927
0.15577649511396885
0.14738360461261538
0.16878119623504095
0.1480048955935571
0.1698071158801516
0.1534226933080289
0.1476318754462732
0.15998359776481433
0.1300534470938146
0.15629691487454153
0.14478346657145907
0.16262549255043268
0.16960860995782745
0.16921267674533064
0.1750105503877556
0.17518549171034936
0.1567986599618086
0.16832967723409334
0.17419960658514388
0.17736887382947047
0.1757970792370745
0.20523337530041183
0.18484157806745283
0.19023769428194673
0.1674554758636212
0.1645479399917854
0.17818029259366017
0.11469488347345894
0.15445395296922437
0.16766044785402268
0.16496854647994041
0.17982790081037414
0.13720585771456914
0.18042553961277008
0.18853221511192345
0.16115993607996237
0.14628995570173073
0.16205891235559075
0.14856217108252975
0.1344925146377473
0.14526054929053686
0.13767460311107613
0.13385498899690532
0.1508653370870484
0.15457377437916067
0.1398116131140678
0.1298541093452109
0.14282783793492448
0.14267824291837988
0.14131960845379918
0.11273050546663364
0.11236810620391259
0.12498143987937106
0.11386047507187834
0.12184798193198663
0.13135671670790072
0.13405262462630937
0.13382001474706662
0.10830631617594648
0.1341531471526078
0.16054065673853513
0.14477344240165418
0.07953253854066133
0.15056403019224052
0.12209375451008479
0.11227548494935036
0.14015412247843212
0.12021959100470499
0.11740453110110981
0.13109857364799138
0.13181512808013293
0.1487814368404172
0.11629373937224348
0.1257073959439165
0.13628198289208943
0.13149038189159776
0.169940915890038
0.13381244780288803
0.1427249667122615
0.14635433179015914
0.13912360439146007
0.17405424120025365
0.14430662234210306
0.13960834471853795
0.12987470230156625
0.11561495779703061
0.13866690618710387
0.1443874795438239
0.12465073389574644
0.15206544501362024
0.11978411456328575
0.17606186848651204
0.12341323160324935
0.14810571391825322
0.15309988445153944
0.13989264681003988
0.14085417523704194
0.14836703002866772
0.137267231285848
0.13834812696505752
0.17917013970199386
0.1584118796788432
0.17192767818320404
0.1495430010750338
0.18821521134655253
0.1498882589749647
0.1390287363987968
0.15601865588514893
0.16020724873265457
0.18463421150766038
0.16741443480606433
0.18236489734543418
0.18106675790450363
0.2007027140784043
0.19647391878620343
0.16171483823132735
0.17657623164079808
0.15894335568710058
0.17477172895990037
0.15930521822344787
0.1589015153133207
0.16459835044763707
0.15570868889766712
0.1590709284775787
0.1784337231785887
0.1670432492693955
0.15115685643697227
0.12922592835039487
0.14656224131963594
0.14703068247547857
0.14688252761132187
0.144365700746507
0.12836321401927206
0.12384783738741169
0.1684943034693047
0.11143337969702703
0.11892402944741426
0.1109280107387652
0.17350171043330598
0.12813763931842037
0.1435108383151668
0.1351497807988414
0.14071312022429924
0.1368260075924573
0.15508675464877375
0.15356475542540904
0.17782225283897585
0.12877152606637943
0.14287798443843644
0.12876398104277473
0.1523183263639954
0.13883700464955634
0.15094662592228916
0.1464897905545378
0.15403277254329253
0.16208669039015486
0.16290751214277138
0.1631257585627113
0.1496288909111172
0.15728502240488995
0.15972717144285087
0.1413277849830963
0.12359458480582193
0.14585343486181013
0.17521767845998207
0.14727132363865772
0.15521541624157517
0.16733966117586802
0.14530701768537121
0.16081921632172047
0.15014176041370741
0.1542289052158594
0.1823662110427567
0.14047062442706967
0.17212831739474227
0.14901673718338349
0.17071913418153095
0.17348959089981186
0.12558378938464793
0.15531354987372956
0.14649131807015725
0.14672849323876477
0.14340121092067826
0.12074016976273722
0.14466644409630033
0.13378423982713786
0.14611261196572473
0.16117448608080545
0.13258662930241338
0.1498052584766238
0.14029223558113532
0.14052596053591482
0.11748517808262948
0.13053119886252615
0.17590664492713082
0.17135674485729802
0.12674032403501095
0.14442072468119915
0.13415833143517375
0.13720707204710278
0.1305474520109042
0.13331678768412936
0.14844503826289265
0.15125727136101988
0.14977934280479396
0.134907138630903
0.15746391700856663
0.12657944911539
0.13795916611949602
0.1320303270800246
0.14502940614086887
0.15398771522773635
0.134067649366679
0.12729277727366597
0.13527118652645084
0.1039966941052289
0.1726374246042084
0.13392734996698522
0.14680588831780134
0.1352499186889165
0.1499337412899843
0.15568794586040355
0.14895399675394097
0.13001940249361926
0.16621350986814057
0.12455609026020048
0.11625609144189016
0.14108399408696978
0.17939951517446726
0.11592853651382029
0.11654872592124674
0.1577447914126053
0.1652165521281185
0.12631461457176893
0.13514034301732425
0.15315203527764729
0.12509129541501385
0.1266823834222224
0.131995959483363
0.13301326252554577
0.13362051637981226
0.1335013382550743
0.14602333029594133
0.11135504925537303
0.14046663583980668
0.15920348263817788
0.16353904628367336
0.1481517415959388
0.14397834908838072
0.1271273177979445
0.11692577340053739
0.1336526786563573
0.12557527863235143
0.1632528396461297
0.16738853998551215
0.1553230423618246
0.1717807167313165
0.16659545425877528
0.1468080700961528
0.15570826669809995
0.1256382665683136
0.1620684876796548
0.13188773845494897
0.14967370205731304
0.12400597375300196
0.13588054981772546
0.1377025313882364
0.16285660911213468
0.1389893570880371
0.1383663468769993
0.12212555802532868
0.15613596520766063
0.14904471445414755
0.13252042947957912
0.16754787160014664
0.13917835115205013
0.1698691766295168
0.13145837641355615
0.15635939139044946
0.1202597783671485
0.18101351666781637
0.12907855933601106
0.1401543661400124
0.15252094439886235
0.1653924321376339
0.14215950560928495
0.12396858268443288
0.16807036498492514
0.15554924100568449
0.13944869729931708
0.14317355740004806
0.15414162490008124
0.17271145233125598
0.17047673001609467
0.16369414289861364
0.16281170128948158
0.18024986506336266
0.13156216620916017
0.16938788029882643
0.19158986893792948
0.1372385626244876
0.16156066485025264
0.1670271454172002
0.16838329778639255
0.11608556081989298
0.15903231817194158
0.14346021082666185
0.15970736766165053
0.13916485142652635
0.12341786171331208
0.1473511005169712
0.1410681455982504
0.14913741481938847
0.15027354209235422
0.13801332470029593
0.14004765847628867
0.14171257287401845
0.142210874809987
0.1257600827763478
0.1402882232365233
0.13758922775310498
0.13995952773149367
0.15411913056892376
0.1317880138694481
0.1260333238169551
0.153638892772573
0.13209455439613926
0.13628433223951747
0.13578948006896233
0.15668461808106965
0.11173771088511718
0.14646656271415176
0.1678763946078511
0.16101319598318595
0.12106718081567022
0.15392986678138929
0.15432219773410233
0.1448977699296342
0.16917484295037058
0.16059091801030767
0.17061826611731062
0.16146551076909182
0.14621730066008037
0.13467035238217148
0.14569759603451798
0.13370259401078025
0.15882996966441473
0.13225670784918797
0.1435894856220801
0.1453884616731321
0.13261497545883888
0.1511816163719804
0.16281677568676295
0.14531008711222698
0.12897843874708526
0.15814361221122522
0.09523916204839393
0.16838148327682306
0.14654460737343739
0.12176368574404882
0.1447018565722155
0.17762628045898896
0.14928081438497262
0.18279377296049562
0.1347904751698176
0.13951516379084852
0.16774519884751904
0.1455571342397619
0.1423071113380569
0.17490426457866473
0.11635976764201014
0.15625786110413847
0.1364607906865853
0.13254959626054322
0.15241490118205547
0.14748146336663653
0.14195561091657038
0.14762890697629363
0.1398650970551427
0.1620691756338433
0.14114675890757805
0.1334345263204779
0.15500019402329432
0.13783193400336635
0.15795228092206848
0.11738854408678082
0.15680485499884794
0.15556198213663366
0.15285795633853586
