5.29042539773164
2.4557752962465638
1.6178292941164087
2.5141830333956965
1.3919840234297294
0.8963038915837253
0.6392492784394158
0.7973242564885704
0.6928380529085795
0.9572617687560894
0.3702190661871875
0.3933095360795657
0.25405319531758624
0.26114305550301514
0.12947355086604753
0.12217286877610066
0.09259261577217667
0.09755546020136939
0.08962353229246757
0.0931034330278635
0.09639851679956471
0.09888156379262607
0.09943168058439537
0.10481840544552715
0.0918763008106638
0.10773773844940243
0.11053156507787881
0.1158252844793929
0.10824302542540762
0.10191302360207946
0.10502792898289583
0.11088452619259004
0.10709100437385065
0.11441760317043022
0.08500749759238076
0.09906034406136584
0.11735533950505433
0.09227105554331232
0.11023299044205083
0.1003443052371343
0.11141512156636627
0.1122558320424071
0.10415389195636467
0.09776209329289419
0.10701363319876017
0.11861284656657113
0.1100460717247592
0.10389919040931596
0.11235581007268694
0.11109262201245185
0.11836546079980002
0.11176343786495703
0.10512281098851452
0.11197606846690178
0.1051000166270468
0.10606492338357149
0.09800071614208045
0.10750537310485486
0.10094192568902616
0.09917186569698432
0.10478208731446001
0.09804837667831669
0.10437452220530422
0.10322995035460701
0.09821065556671885
0.100857629130284
0.10421079431694967
0.10350943425739254
0.10955472262921157
0.09926741149414468
0.10846858468182662
0.10179128442649488
0.10193547144256256
0.10909824314768668
0.10627343995427643
0.1160277248946605
0.09419653806145545
0.11273166144059764
0.10645039489975681
0.09548819920531025
0.1118582694756764
0.09310529884640817
0.09860409830731375
0.09907117037585488
0.10429738724121342
0.1113853475285901
0.1055299012956244
0.10228970474391072
0.09778628456923696
0.11673376095239762
0.10254115707896373
0.10329537569648689
0.10533049750935149
0.09263917527816913
0.09565128634373347
0.10544209416817736
0.10216769893412236
0.10370197078144108
0.09515804314502964
0.08868204077912702
0.11050502914521429
0.10972856723324016
0.09598642601459115
0.11978495258975912
0.1016099479187418
0.10266354169558596
0.09589233359804859
0.11220473409802825
0.10521030915832078
0.10635406123819174
0.10358300156615398
0.10747903388821417
0.10643575740633188
0.10149576521858021
0.10165967592210681
0.10144770490350546
0.105036912554944
0.1017793345230597
0.10469431499088253
0.09863034690971728
0.11024110584899231
0.10765378798047702
0.096608632106196
0.10672741731697763
0.09500207627813022
0.11159101225159786
0.10777501058247355
0.1148304626069687
0.0885188068366713
0.10798245123415082
0.10175439922346009
0.09879837881911684
0.09523574980320754
0.0986641369484089
0.10217543629308541
0.0844270491765605
0.10244977363833675
0.10203269772507527
0.09575089557027375
0.09827782869063041
0.10206465643865091
0.09693237325107609
0.10191794333082659
0.10432373746125786
0.1004011332988739
0.0994279514308329
0.10162617804275619
0.10768452148746561
0.1081770517759853
0.1019099051201785
0.10504212996198072
0.09924727085011976
0.10525482354892625
0.10788886580202314
0.09745042777999684
0.11063272230051181
0.09866608044615498
0.08843818231037369
0.10825190486179458
0.11426348432346627
0.100965426682874
0.09753623728950818
0.11161961620328603
0.09771353972178919
0.1107530871199237
0.1057036274837123
0.10074271247894676
0.10765235112221153
0.10575957679086262
0.1068557501529102
0.11021385962764423
0.09900296031049004
0.1974433014790217
0.12191484661565886
0.12998427174709462
0.11062232722286824
0.10038508599003156
0.11775583380626307
0.10464687210818131
0.11338250959912936
0.10326556416435374
0.11030282707953895
0.11203614015270162
0.10935619714911338
0.08787179462335727
0.10773638442710594
0.10469852125755062
0.10108620797594388
0.09636240797462287
0.0965141372203275
0.104601233507748
0.09925981942150328
0.10758282037244903
0.09014794506408551
0.10562071117951914
0.09652951718480499
0.09772137248957599
0.09406861386917255
0.10158853991715996
0.09795428381335956
0.09329669336201968
0.10278995390291568
0.08998756103769497
0.10561183384723133
0.10987943148723354
0.09656734205782413
0.09975948515865538
0.10648361055387391
0.10788528221072974
0.10653280942804283
0.10673909289417444
0.09707832981452898
0.09919975622108688
0.1036069898141755
0.09752920880499813
0.10408943470705438
0.10163808676103751
0.09826874443226391
0.10414004067165984
0.09257781974695346
0.09985821156038178
0.09844165805865217
0.10205456611044982
0.10412709332174724
0.10455448435688461
0.10568693390599003
0.1048505184137159
0.09820990943936286
0.10380226194306656
0.10289221719183304
0.10659531034805157
0.10488739692502552
0.1160127545396487
0.10755054790664602
0.11149132858823847
0.10220893393098204
0.10431882325145933
0.10661191658841239
0.08601598693402829
0.10011708722622306
0.10430416416514803
0.10291835679500191
0.10876503500535532
0.09266903699824104
0.10957335128828331
0.11038073924956499
0.10042903972444711
0.09806168617473708
0.10513358832233483
0.09714905972833987
0.09420920584212851
0.09748497412160591
0.0963126650011098
0.09365753156857358
0.10038848511046833
0.10215633631580406
0.09671977527991489
0.09194997511804104
0.09747371056841479
0.09723348191214932
0.09921011549455148
0.08889896443320645
0.09054520519243346
0.09431862796622294
0.09072366577607614
0.09248190331790182
0.09577761707758461
0.0970253064814541
0.09691692667978781
0.08800596391989125
0.09393858226637046
0.10749200786705371
0.10016056191590098
0.07849488248703657
0.10212243872660177
0.09292916650021518
0.08887127414345741
0.09727839118352642
0.09335178861187564
0.09042080429693063
0.09471690841019154
0.09215531505092427
0.10201953572255594
0.09003570944898659
0.09056385544439156
0.09584198712750717
0.09413905814290047
0.10678082304420294
0.09295452834555397
0.09680568392354029
0.09804572040836017
0.09471751715022105
0.108041450864187
0.09822129209836324
0.0963014413913091
0.09445770802321257
0.088432550361311
0.09694644184438167
0.09785958738238723
0.08969037089910772
0.0993073938621415
0.08893642615940836
0.10900913420374747
0.0885473817448925
0.0985480846354255
0.10134287330287474
0.09601608208484119
0.09651229806520321
0.09857878323506426
0.0943124804093882
0.09408071878607627
0.1082877811320402
0.09710508971302598
0.1040392147584094
0.09640597945286168
0.11222084211530509
0.09628421616637045
0.09398261502523113
0.10130463878589648
0.09838885282752691
0.108795207131792
0.10139754345571553
0.10726514555237911
0.1046834608057031
0.11353302160622897
0.11062151828297863
0.09857756830751896
0.10564898754711505
0.09962325032662463
0.1056156960764417
0.1000746637582779
0.10090861441912474
0.10260804094098232
0.10061208665784863
0.09912173643156334
0.10681367075691621
0.1040754424477065
0.09887412245626803
0.09150372497323486
0.09997250360471231
0.09909444329915224
0.09851502392579008
0.0996249764467831
0.09157771027336518
0.09004361499790792
0.10912397545244959
0.08757190685719252
0.09161040704283449
0.08918060020854075
0.10900318208667967
0.09390756232595002
0.09830558700142084
0.09393252715192459
0.09530732277090903
0.09391640016326198
0.09983248732708118
0.09974491189199465
0.10694046622073208
0.09067982752565984
0.09719139296147558
0.09098525317730727
0.0987719923119854
0.09374673823239627
0.09943787670797771
0.09753668984329258
0.09955855279609009
0.10079753467882122
0.10286999514533414
0.10139487697570412
0.09525060874444467
0.09965948450068633
0.09924709576147574
0.09430551039123977
0.08868887347893582
0.0948064942602758
0.10644969040596927
0.09676996666800093
0.09758233741201737
0.10283679487528624
0.09535295599036747
0.10184147484876492
0.09879961940977308
0.09850089017439771
0.10935757695524781
0.09319026982066808
0.10446889056927627
0.0966194741151951
0.10287152920608167
0.1065194263226456
0.08764392896382897
0.10091629493291732
0.09814776894119051
0.0989549836764733
0.09738590340647432
0.09090258294923438
0.09934109504576083
0.09462994923470197
0.09660472134473147
0.10299070817590864
0.09262055365575685
0.10005081313903685
0.09636610187590122
0.0980242373490775
0.08855452719661924
0.09222125399995733
0.10761607659083826
0.10624246575214245
0.0908544360211602
0.09783212785367612
0.09548564572577123
0.09626465746098095
0.09386925854616696
0.09332289291476761
0.09957024834498211
0.0993361725575394
0.09739794699406182
0.09508305736300018
0.10207228038322043
0.09070163164977674
0.09574006221912525
0.09369674897580235
0.09676354764788239
0.10250606546523394
0.09357323290573226
0.09373524878174067
0.09627240979009205
0.08244889636558515
0.10662117903983151
0.09307415038347244
0.09807363787183056
0.09403173722050807
0.0997120084034072
0.10047970891550735
0.09947224354578389
0.09207733582567286
0.10507296688026851
0.09141667242403384
0.08801298171143841
0.09848584634838281
0.09154324681946525
0.08828005018747515
0.08815853552961792
0.10123539615974382
0.10670213228850453
0.08996107781098948
0.09531683685189044
0.10129129727957425
0.09256577657328711
0.09320248225358901
0.09397438092640152
0.09435751596120773
0.09584831460206597
0.09537953338413327
0.09884868845067642
0.08618538078196623
0.0952595869700114
0.1025689276004279
0.10345955406902013
0.10000479925009939
0.09786703706615502
0.09402032665632389
0.09089431435697609
0.0955133273921631
0.0901484804365922
0.10625370612574948
0.10315875384818625
0.09903067377982316
0.10703166726010817
0.103702654786132
0.0974625510474046
0.0996493539876408
0.09077005498801116
0.10402259047798536
0.09157799822450788
0.10016397849001267
0.0903304825640387
0.09489297935808147
0.09485813464831423
0.10399511566868534
0.0938359923246834
0.09552283198745162
0.08895497141336953
0.10395231304897203
0.09993689548638132
0.09346176835673826
0.10428045476200404
0.09395171612225196
0.10552879284929347
0.09265762143250969
0.1016081268036807
0.09028909990081081
0.11038439969221751
0.09174549289875561
0.09628711923680923
0.09896314909888639
0.10533452089186068
0.0973362870928314
0.08911827613634092
0.10629866968978334
0.10130413076667874
0.0939329727380364
0.09570066755016644
0.1004413015174645
0.10570078101698999
0.10402138344943523
0.10113763898887017
0.10179697335870178
0.1092013471449415
0.09156653202242321
0.10509316333466107
0.11422819133709979
0.09062444411770061
0.10415015052314158
0.10637743239877401
0.10376698178825555
0.08814543340769079
0.10552707611134758
0.09806671931787773
0.10230345430749434
0.09827650255627102
0.08867058889181526
0.10222017454604308
0.09771733579260332
0.09982789342326147
0.09840226673555595
0.09923631339161484
0.09676647952033414
0.09646044678434178
0.09861459120832107
0.09197478079133564
0.09532437694293482
0.09434122274871226
0.09643440321087837
0.09994768668655996
0.09337520240633576
0.09044806572988077
0.10030042400790586
0.0937587099701718
0.095647977044185
0.09451339911255571
0.10205498696477325
0.08340595103800297
0.09979148733395117
0.10535432929518046
0.1004997441476142
0.09002230302603156
0.09915434334565092
0.09835761192220228
0.09699380294316345
0.10486474674608973
0.10118105690236445
0.10559277974621013
0.1009861028028859
0.09554518148716953
0.09468081572817431
0.09804179098595071
0.09558059854639901
0.1033147841140076
0.09310939852838163
0.09771256507546813
0.09736410831963574
0.09219892902506722
0.09865538913894582
0.10352295281848421
0.09584380789763397
0.09156555289195643
0.10418689257844731
0.07789042064299186
0.1080271060819979
0.09905836813979679
0.08795757364067766
0.0962315310758573
0.10649875082351544
0.09607213314760614
0.10992932843941229
0.09033881458971235
0.095608150517499
0.10344600718882349
0.09579996295549252
0.09618907297650973
0.10984403640031815
0.08294238315688239
0.10028761204470087
0.09523485345696961
0.0914283510711458
0.09901114532517062
0.09711966091008098
0.09508298834164937
0.09649432802365886
0.0940558638561655
0.10282116072873275
0.0943824310131647
0.09157492661917652
0.09993941426553109
0.09457832098835045
0.09928718250658777
0.08631094120856789
0.10210384400906386
0.09743498997003944
0.09752176908983125
