-4.131317447732996
-3.6259938964137324
-3.0205595669923007
-2.908228317896525
-2.414036649244803
-1.9000977719271626
-1.4545156911567405
-1.338155812687344
-1.274805106498577
-1.2222171271288838
-0.932127195375937
-0.8508007636776677
-0.6726109385490417
-0.44065338483563177
-0.3159820282900775
-0.24315931454852777
-0.12818351705317144
-0.10797094243268172
-0.09895049070042593
-0.043048963944548393
-0.027388132108306443
-0.008634200765708623
-0.015602930328222337
0.007802619000021541
-0.001610468986823603
0.034307168796658516
0.062045708990707577
0.0651410907437956
0.046257787884247524
0.047186498620754316
0.04763605209343411
0.05656299105396977
0.04852678279901199
0.04404756976981406
-0.017642090029699763
0.023226700136782946
0.06847544678021222
0.021497164007828192
0.05711500463938272
0.034586013521119535
0.06008221983426699
0.05929889571012205
0.044545586169179946
0.042885233320433785
0.05846874719416654
0.08412339860849359
0.06732914436078216
0.055348441397115866
0.07184156400358511
0.06362188983648256
0.09323260864173924
0.06790480767462954
0.05770315649419057
0.06683514729310344
0.05337592040625707
0.05481337460999688
0.03537434484826884
0.04497573188833754
0.04639412034522071
0.04700748949242687
0.050568497015370265
0.043543240814297286
0.04796690080763289
0.047652169387287426
0.03511876480964323
0.04994527059952142
0.054451058377270344
0.05198461260577595
0.0574966466433748
0.04469595725337664
0.05575981322262022
0.053651557360016915
0.055636893311101526
0.06838188058248272
0.06962202939515312
0.07930302200407756
0.042677866122512904
0.06911628124200636
0.05641634690713276
0.03829818723412851
0.06424881159155457
0.02370298226122503
0.030611813266727107
0.045251060380703874
0.05938708218228486
0.07055491108136873
0.05800706106755468
0.05353225182733257
0.04433324330710565
0.07811182085424662
0.059068560479553764
0.05264333979209402
0.06015936409002515
0.02546580402284033
0.03041711110725171
0.05097846197895706
0.04186815304759269
0.04245743887602455
0.038277013753368345
0.026345685952239566
0.06356015176236353
0.06279207396976373
0.05105910089763778
0.08520583562656409
0.0578487744464332
0.05786648643401417
0.04930199342952282
0.07111447453886892
0.06356398216599633
0.06424148597202643
0.05748937570455449
0.05561181335360743
0.06375787648613807
0.04954995275302618
0.05559476853037874
0.05427097915499299
0.06273282486600457
0.05273593422370376
0.05125002420714332
0.043980257766735226
0.06755894567403528
0.059408043512289795
0.046260288269776434
0.06083395458861358
0.052019369762597814
0.07216325752368127
0.06913955960664209
0.07717417949741637
0.031682512979454326
0.06386667306327985
0.053564415183953114
0.03743553558295524
0.028332460326729
0.019423235449250096
0.03419561953180366
0.001651972385675267
0.045062768885313916
0.03989591903087718
0.03302586660720408
0.034241505777808254
0.0472366483795836
0.03665604602321292
0.048819143488934194
0.05532541007010473
0.04711326394506075
0.046619471438505034
0.04998230390871564
0.05718071099922613
0.06333087451100626
0.05753815257749348
0.061848849765266535
0.051036354870087015
0.06765473490856865
0.06372623368925243
0.044324613560025615
0.05974737875146308
0.037839018761318316
0.026662802340945712
0.027686466704364174
0.07410005742201099
0.05808790437057959
0.04856824366355862
0.07847088295966387
0.05235663568601012
0.07702958523468287
0.06648604914166585
0.053338199095041665
0.05905256839469075
0.0618408983163708
0.06799192378228461
0.07154562998955415
0.04559006895525036
0.07807624622903488
0.1280084557096146
0.1311266974295938
0.09639385080447903
0.07928926151038872
0.09420721370864797
0.07998216276367505
0.08643796846822456
0.06592392332863205
0.07679843693040311
0.08042668471009368
0.06371573638955817
0.03398493423851
0.0663013003628563
0.0607380427558113
0.05539809508870045
0.0422644896424134
0.03799121177117168
0.055016775931343784
0.0530446817962608
0.06631183914012378
0.032887316847875436
0.061916470764791245
0.040197413983858295
0.040218285698857575
0.034113533303348556
0.04460909819506385
0.04186550210471506
0.031984747176196565
0.054478493075024476
0.03542891927753334
0.06190200220724499
0.06926801759120146
0.04965202893665129
0.05497295795767396
0.07346113545268222
0.07431526933538003
0.07721864547649468
0.061707689502293724
0.05872185883560666
0.04820739177348851
0.0651985992056628
0.05049987919240569
0.06574224378413486
0.05180992657767126
0.0493885701591218
0.05586919131585293
0.03750050887120543
0.05646351700717652
0.04636613523298702
0.060595566527573044
0.06550590478366723
0.06468190774494023
0.06934717031954615
0.0703586479993882
0.05861246234329614
0.0645513762374995
0.07133169686076818
0.07079803169687728
0.07093421988948076
0.08924482504112853
0.0773149824709873
0.07877039471296249
0.06527049372110653
0.06025326845270616
0.07159195378146789
0.028702931668333435
0.0543609544876273
0.06338070871101485
0.06207575556321966
0.07108826705263238
0.044561599743449025
0.07087687841030182
0.07817604723903868
0.060754974458918524
0.04825168801471591
0.05694868110327257
0.05143614345730317
0.04030704497051408
0.04779845194274525
0.041385706057082174
0.04022034530148462
0.05049971469324427
0.05244056613473394
0.04311489122402337
0.037927345683177315
0.04537769459636399
0.04546816429744164
0.04213310440105421
0.02385453118390783
0.02184643221725882
0.030686382721695635
0.023160869583349536
0.029389977989787305
0.03560283049699609
0.037051685740826304
0.03692723699431452
0.020324431139872305
0.04023828824844073
0.05307162250176555
0.044635966109732785
0.0010604397048828778
0.04846458937282915
0.029187231837702846
0.02342693661167114
0.04289897972786868
0.026891543905043766
0.02700732255363147
0.03640522524990417
0.03968366808947866
0.04678519993278853
0.026281250567451394
0.03516713916151612
0.04046341640598796
0.03737480267537413
0.06318289922502893
0.04088040180849256
0.04594198269424615
0.04833175175547324
0.044428397706943304
0.06603532798450303
0.046107302824061155
0.043328366546591966
0.035438793133599336
0.027204669460102363
0.041742784462662205
0.04655083724194103
0.034982768603152144
0.05278034428893416
0.030870133562496415
0.06707484690748432
0.034886767647953495
0.04957913559068133
0.05177906490172501
0.043898617497352126
0.044363349564028556
0.04980942092111541
0.04297572846903845
0.04428848179264201
0.0709035551062024
0.061327810088793434
0.06790936815862854
0.05315740123667099
0.076014164373865
0.05362389774786101
0.04506588802259001
0.054734217614463045
0.061838788855648426
0.07585984418121236
0.06603808460446696
0.07512093171546305
0.07640437398071366
0.08719110119380746
0.08587456106518705
0.06315920905197142
0.07094932106082086
0.059342033178028136
0.06917786041945133
0.05925215421141022
0.05801396770833957
0.062010990612045
0.0551179162942356
0.059970388997936865
0.07164069692845698
0.06298789706219125
0.0523030222652273
0.03774291313149863
0.046610794926959055
0.0479574039992359
0.04838890277487398
0.044762905738833875
0.036807433046676497
0.033826259344264316
0.05939280449981905
0.02388347373171537
0.027335686962167663
0.021769456323926097
0.0645199949870369
0.03425192891585606
0.04522674854120447
0.04123886928169264
0.0454274779034744
0.04293148205788047
0.05527613145575203
0.053840960220744215
0.07090272652675156
0.03811302077870264
0.04570784705423715
0.03779959337596126
0.05356715738566385
0.04510951042175293
0.05152902800451826
0.04897338181251177
0.05449374026998326
0.06130947702115885
0.06005801434663159
0.06175191008434114
0.05440017656871566
0.05764704175008875
0.06050151755550393
0.04704430770922314
0.03492681302682117
0.05106909886968357
0.06878945567748612
0.0505224317829642
0.05765417300992542
0.0645231967791915
0.04997441507401635
0.05899861558120594
0.05136313235507933
0.055748774773544736
0.07302993855706451
0.04730144871778234
0.0676804957566438
0.05241824421790187
0.06786894187529537
0.06699124989703435
0.03796081790804035
0.05441801063285244
0.04836414444812194
0.047793136495682925
0.046034950502130585
0.02985720685144231
0.04534499248903659
0.03917366507704611
0.04952757700596488
0.05820354662729962
0.039986126857844216
0.04977466717914299
0.043946128269588505
0.042521357268991845
0.028950740893681843
0.03833012639855345
0.06831061571628433
0.06513530586596096
0.03590751118112907
0.04661083268432843
0.03869463187745876
0.04096422653593537
0.03669963122013508
0.0400157583773964
0.04889654916607671
0.05194254877494165
0.05240197229216358
0.03984506634232174
0.05541220595531976
0.035897922736627084
0.04223897127883026
0.03835400746471283
0.04828646189222733
0.051501839594156655
0.04051448949785144
0.03357706915725161
0.039018079271988464
0.021567483794771962
0.06603586972967067
0.04087308492334732
0.04875213232029368
0.04123792411862976
0.0502415492578789
0.05522917441299392
0.04950206712992103
0.03796247056581908
0.061161852407234686
0.03316031680097459
0.028264369850081426
0.042619687655975146
0.08787767004428639
0.027669949560529657
0.028411795023000903
0.05653111119237211
0.05853610735061078
0.036375349074929814
0.03984596569918924
0.05188284338132858
0.03254782234284061
0.0335025630839583
0.03804371771575124
0.03867755047287102
0.03779391491682165
0.03814413255140944
0.04719701868964842
0.02519197370943234
0.045229555055913
0.056657150767191695
0.06010168399316845
0.048169705706338085
0.04613466391822806
0.03313045702115805
0.0260547073946024
0.03816255686494211
0.035449842931012866
0.05702175017170332
0.06425215924779575
0.05631549445550061
0.06477232246349256
0.06291464609266431
0.049366875672367985
0.056079162672782935
0.034888579922928195
0.0580655204270173
0.040328385861357674
0.049529058755271964
0.033694420372032456
0.041007208685321664
0.042863281446948856
0.058881949409152624
0.04517390410802801
0.04286357766465732
0.03319077556780367
0.052203527393026486
0.04912894343767591
0.0390794842193524
0.06328913747091536
0.04524928520657812
0.0643634257958857
0.03882290723009242
0.05477372495698984
0.02999395489071806
0.07065213503557499
0.03735594243388968
0.04388983892621817
0.053580613151468615
0.060079841426125276
0.04484597634722444
0.034873513875667145
0.061794548890449934
0.054267821833491325
0.04553766834497866
0.047494488026670834
0.05372205614198551
0.0670320807300784
0.0664766187503658
0.06257788902493538
0.061035924903720756
0.07106950184162189
0.04001674218172276
0.06431515118176187
0.07738240431623396
0.04663431889343041
0.05743097538921844
0.06066986902927359
0.0646371556342476
0.02796145087901365
0.053526763830126986
0.04541431843406624
0.05742533584297807
0.040910543697127315
0.03476955402099217
0.045152737043315065
0.0433732186426857
0.04933140595891961
0.05189262154615588
0.038798548427789854
0.04330215789593273
0.04527320536888308
0.043617106793034405
0.033805224389113764
0.04498339697925581
0.043267126108899163
0.0435447191854042
0.054190828240718004
0.03843188344466465
0.03560444647101341
0.053357776607973154
0.0383557960546265
0.04065598869972207
0.04129514306852663
0.054647678345510806
0.02834948011311806
0.046693261436842104
0.06254081022753208
0.0605320429226763
0.031064114370598906
0.05479498908216893
0.055985125930790136
0.04792457742344899
0.06433127491726298
0.059431430124850186
0.06504696325174775
0.06050071192698346
0.05069360057650893
0.04001175524360776
0.04767736823608478
0.038142621896609115
0.05553509214789503
0.03916799553230198
0.04589773966344418
0.04804528485638676
0.04043638586342611
0.052546604424370105
0.059314775867042716
0.04948751588731452
0.037434174189844203
0.05397819491217551
0.017370065932886466
0.060375932742048194
0.047507483382812805
0.03382761406505273
0.04849187760717339
0.07114830307007113
0.05323003044921077
0.07288498610809997
0.0444723148938027
0.04392758371411926
0.06431975244992862
0.049777474975497976
0.04613772845294551
0.06508046334298949
0.033437569111508005
0.055990692727155636
0.04124657665293112
0.04114212939964124
0.053423152296562436
0.05038160288326994
0.04689269788839199
0.05115462446459181
0.045828846757541654
0.05926765531680926
0.046783759939932716
0.041878665658360764
0.05507967281327755
0.0432718046768396
0.058682981188650486
0.031095870175502367
0.05472085983664901
0.05814654242109369
0.05535660180935843
