1.4574644626939999
0.5966546849292867
0.5238311137346661
0.4371223195510752
0.36016192824086724
0.31369470811503775
0.273376738236231
0.2454869576236781
0.20753177203895415
0.17893515468082008
0.15918532963842152
0.146872841922895
0.13023586466579753
0.12233447151477722
0.11218489687889814
0.10250841334790868
0.09253392421147402
0.08852279853240094
0.08070408360594336
0.0799104589585434
0.07754918819512514
0.0718892422340372
0.06849057426237885
0.06715529690606191
0.06608720347833108
0.06402917851365227
0.06261858728385586
0.06356213211684543
0.061483066698864976
0.06133159488329992
0.06013364983613
0.05963412210180917
0.05870518897769644
0.05700951968593632
0.05533708725946353
0.05333358535050031
0.05308000593829681
0.05215232903137803
0.05170765813604435
0.05353079681175158
0.05368973559919087
0.051290583668057534
0.050274948677157656
0.05264990647213862
0.05130768656073248
0.050981683086823014
0.05158370959243792
0.0497478668249267
0.05074738781515728
0.05207918587633792
0.04966000151436995
0.04993660165106549
0.051880977376747656
0.04878404947436031
0.052431876250707055
0.05006937583470169
0.048759073008070974
0.05062507904299042
0.049139432389946544
0.051851839889936586
0.05086791160078171
0.048904550760327015
0.04646352804813753
0.04967070800690528
0.04765238977749558
0.04572989773827002
0.04720581503968467
0.04841949743054369
0.048415862368967603
0.049251299734939545
0.05065898231011542
0.048155634970787696
0.04846442217445549
0.04706177799962461
0.048547239883748046
0.05009062622728593
0.04980963283930631
0.05057234122582218
0.04864967664813294
0.049630434860420576
0.049663194915389314
0.04862153511494398
0.04972676765173674
0.04904870926402509
0.04894650932401419
0.05054461321903064
0.04993108837207889
0.05212514470057453
0.0485469659735613
0.050239256090101075
0.04886573321350357
0.04893423308180097
0.049522987534018126
0.04955642418661976
0.04857405918266843
0.04751606390482801
0.048780609157812946
0.04965187012601425
0.04839628616840962
0.04899617898387506
0.04939404881340178
0.04874733049586853
0.04865222380167859
0.047809321104603654
0.04687263394486817
0.04701846010216019
0.04859843426384032
0.04856469719670713
0.04777614730684196
0.04713162025710677
0.04820091967087458
0.04887360346448772
0.048604884286246756
0.04730249939431601
0.04904723394223872
0.04937378766617793
0.04743713652715087
0.048671974534826246
0.04820840639774414
0.04954454440568738
0.048726918115554484
0.04928201626000159
0.04801155524602269
0.04852617774432635
0.04586550287957139
0.047807826663312666
0.04774804344017278
0.04890497676918612
0.047664038806825
0.04865076103083351
0.047803352929323036
0.04946686658076942
0.04745025417822249
0.04849999514134491
0.049500277821960696
0.04750001242329531
0.04871730386717793
0.04732709394987015
0.05035150205333005
0.05070376396179199
0.049748031260883986
0.050849678323549384
0.05033051792313071
0.051018474119551044
0.04842095808947788
0.049334118723431054
0.05018212796901079
0.049635327777222675
0.0504237700089374
0.04824283165747628
0.04976383643772672
0.04870873687186224
0.05011575818061829
0.04972768356092274
0.048259110116016336
0.0507609595243326
0.049827467392691796
0.051533571375972205
0.048971853796940516
0.05053116642486523
0.05125237073858871
0.05041253118611434
0.05130337196785738
0.049962448761524524
0.05047770556172027
0.04686605872531586
0.04971531887319596
0.04822263731895124
0.04942263520651442
0.04804717330535983
0.0470043422846014
0.049418774537523004
0.047387785722008524
0.047868617818526485
0.04731176426524625
0.04847940674928181
0.04811512435622075
0.046750770566765874
0.04721967112546896
0.047876924259916825
0.0487128733739476
0.04858030122704804
0.04819554692572531
0.050661834863507574
0.049467246154980625
0.04758215048076475
0.05014102930915268
0.04981260184362969
0.047602845043601356
0.04997613253619741
0.05091239384320729
0.04899610746377969
0.04849502305938479
0.050416144728660586
0.049094717716798186
0.049030348088811425
0.047914488136987475
0.04977809649563449
0.0484366688384291
0.04794573365601108
0.0469156332560541
0.04918043049709762
0.04917324055534075
0.04833902767859399
0.04937582646825296
0.04707278457251104
0.05064317971084486
0.04773975356536753
0.05003855788039372
0.047661253018304706
0.049556778683601053
0.04767949381733642
0.04822587823111783
0.048307672049850224
0.04867696845630074
0.049095358239377246
0.04929179245167795
0.049661126951960954
0.04863244256223826
0.04843638271695989
0.049395847953308154
0.04812342786942335
0.049219399901545224
0.046619654600234595
0.0476884206483031
0.04693717862041119
0.04858478352920536
0.04886713026858428
0.0469802716637359
0.04684947961941362
0.04764044994269224
0.0474536908133065
0.04764760936172131
0.04755479335401426
0.047292171339230506
0.04778246247921796
0.04938148671268102
0.04748707656091189
0.04829729614121949
0.04862182323053917
0.0468596706249039
0.050719494063078484
0.04809405345414929
0.04813865843119428
0.04753111161236816
0.0471544710234465
0.05056028609876247
0.047275023367803766
0.048983359651859196
0.05063319581506007
0.04986229316769716
0.04889250581207521
0.04897096088320455
0.05115507088930291
0.04931282006094561
0.0489761012387188
0.049714161362498996
0.048867121026577316
0.050244048522675736
0.0484738099087468
0.05102688792325995
0.04881298586123568
0.049945524504736945
0.05077296840574812
0.0503390141598442
0.049841198790818456
0.04966392699519501
0.048957149037981734
0.05060062387355548
0.050525092821129984
0.04891062547343181
0.04990252463749665
0.04964393073528567
0.048613754060009826
0.05141109439325245
0.050133918716079175
0.05157666080631316
0.05010558789157692
0.0502080772893832
0.050541808420573084
0.05150480520747164
0.05073577514575685
0.049336587936233946
0.05070964505019433
0.04896902770406621
0.05059418372590752
0.04897564991158159
0.049211725913097755
0.0487756335943499
0.050299590223414056
0.046955129548030744
0.050467934245791504
0.048250915129285525
0.048874593761694785
0.04902969302938265
0.05012564717189354
0.048060350226895775
0.04959809903384132
0.04614721963127308
0.04721678930115612
0.0480034734314198
0.04758935619748252
0.0471932449761559
0.04933414973921197
0.048034440460340944
0.047166213176815824
0.04880284596618046
0.05088022156508968
0.04882575806011172
0.048561530124724785
0.04913237166371854
0.04887664388207828
0.04766592041260618
0.048077526499572046
0.04961021808249985
0.049486835851498386
0.04863114610643071
0.04927612630212132
0.050644947172087784
0.050587903280906815
0.04974703336518039
0.04918125383829808
0.04902348910622737
0.052109584877924886
0.04771212477456121
0.0512492425767157
0.049270024591618604
0.04959854476756471
0.04822052770622951
0.04996976617942838
0.04838916837949963
0.04947125037912937
0.04983042669208611
0.04964510622598669
0.04866496810744352
0.05039665886913152
0.048950310854022114
0.04912273844649248
0.05027475614538964
0.049849301897098915
0.04855520802495234
0.05024331182186656
0.04887980034794001
0.05054123118136297
0.05020101373631726
0.04790576100075508
0.05035454204086872
0.04876873976934482
0.04867681207080536
0.04961592279210249
0.04938071404090699
0.04846580506247632
0.0505011179648778
0.04755856873577132
0.04848318803398048
0.049034171940430124
0.04842814477982328
0.04788941295050523
0.049546134800595394
0.04778148059952347
0.048565723538837015
0.047456144686678754
0.047922576073666706
0.049345813467002966
0.04947504262878176
0.04986832793802023
0.04635775405639673
0.05001377288854736
0.04971716213861809
0.04706346633679727
0.04747357559664284
0.047342108861159755
0.04705168785089079
0.048185994823956316
0.047466461289235776
0.04746272844152854
0.05065676010049441
0.0491113775601501
0.049008766756228665
0.047636312517501854
0.04813026169808034
0.04883548915112282
0.04713219041552614
0.04779154895804823
0.04793784715344801
0.049918032486868255
0.04724914747673799
0.05075723527218489
0.04889676330665894
0.050963549000923244
0.04989324385738548
0.04888957675601192
0.048873698749743844
0.05073309228481615
0.04933505657895961
0.04914133965640383
0.05019939520724994
0.04892093536224874
0.04915592781651546
0.0492427275817403
0.04862781030618969
0.048905747107175344
0.05084099378162885
0.04843837400514851
0.04882814961704699
0.04970340789021815
0.04947991768336472
0.048988495610983056
0.04826055287712199
0.04964645063668928
0.04777769103153225
0.04808600381126299
0.050245685404276146
0.04956509307136431
0.04973692059352556
0.05089895148378085
0.04995648371439208
0.048176327873678766
0.049414661775945744
0.05013153403175666
0.048857450479751124
0.04867702671326697
0.048922708994873304
0.05045299958711599
0.049606950433157826
0.047804519493023265
0.049662238203317804
0.05039285087191007
0.049648743240601
0.0486855045590988
0.05019039428409408
0.04911056040128803
0.0503457875621012
0.04990346874384319
0.04960834010887672
0.04933077255537843
0.04857600405264427
0.0480324081830023
0.047903591038330515
0.05053526825983735
0.04783814838703941
0.04787906019071884
0.048368798812632174
0.049445846567259116
0.048365204759380394
0.05015629670199226
0.0486415408195599
0.0487635296796832
0.048031865599948695
0.04787908667315017
0.04921974590705598
0.04948329347295358
0.04755323100287248
0.04862400433596443
0.04924619214554481
0.049556193289840046
0.05026521106962772
0.04835062360884074
0.048073602467775346
0.04983312047415358
0.04809671207878958
0.048218480974216674
0.04753944901749492
0.050279276051065504
0.04771302544018802
0.04981756940867533
0.04877180536825429
0.048854176848031144
0.04776862649630536
0.04771426717257675
0.05075673636542085
0.04946778921191307
0.04843094189760878
0.04870794652961195
0.049064652002690466
0.04900067047051647
0.04936075651032083
0.049523097734131355
0.05027793586144552
0.0515355989939588
0.04962794929194976
0.04765590588726541
0.04890564448912354
0.04848710043246255
0.048990352616152345
0.04933614081100506
0.04820018986733082
0.04869203500394874
0.04898525631219587
0.04862550046459278
0.048558065966319515
0.04648326329941697
0.04945702012902235
0.0481362577089492
0.04761955987059457
0.04783646189059843
0.046988619935205755
0.0481518510126454
0.04699244908440639
0.050567892243099564
0.046887543148306364
0.04721991998307845
0.04667423735920559
0.04790466443690307
0.04684990695403779
0.04652657521450344
0.04954606187255944
0.04703225136241492
0.047560970219509564
0.046131527922390135
0.04813452787587748
0.04844537665793563
0.0476593717603999
0.04691528536872391
0.050584706724347436
0.0464644413879689
0.04862868451951619
0.04936171563013512
0.04876877008389462
0.048130326950922606
0.049387187075198576
0.04913953427937539
0.048673420489820485
0.048648471472894445
0.049204531952957896
0.04796086993780645
0.047476174112628486
0.049878738020711084
0.04874217021826874
0.050882780099945034
0.047647553137229647
0.04865365620866856
0.0490137880503693
0.048256024696371136
0.04966895575087298
0.05037340555778321
0.04831268859698492
0.0475485058802673
0.049058638482957204
0.047900099699001976
0.048594045428120916
0.04700293494936298
0.048468662245089514
0.04879696442307357
0.04885801590212128
0.048119166479719915
0.0495867452584207
0.04850615274215884
0.05021107385537642
0.049088933318853376
0.050031879347036866
0.047491687599240856
0.05018896997413214
0.04961014036637019
0.05014663097065161
0.04761167165604146
0.04976245101322146
0.04815698942881735
0.05119891408283044
0.04941562023287749
0.049804271995911704
0.048454567705116726
0.0504995128742474
0.048364849191378144
0.048645322810968054
0.04887644141255056
0.05120334718924235
0.04967630436808309
0.048509807797039256
0.05171764418756699
0.04878185689997147
0.04972394213956945
0.05094136472188813
0.049005417435375204
0.0497997002566562
0.04853445346850683
0.0494626976960503
0.05064389848095529
0.04770146762020886
0.05011132997186745
0.04816496695720536
0.049195623885401905
0.04724284612902385
0.049185288587913795
0.05048450959901161
0.04916836758527686
0.04945673218873494
0.04851710834156941
0.04929294414160883
0.048892464477788
0.050601388031945506
0.04929619543802212
0.0477971510578166
0.05040291590780458
0.0483358530793339
0.048611173291197594
0.051785281278631266
0.0470988249844488
0.050049887783825395
0.04838767122641644
