-0.013632731145138249
-0.01350016807041624
-0.01336418031988775
-0.013259002999128664
-0.013117006881272092
-0.013017649745897334
-0.012897934183916625
-0.01282765080275781
-0.012744705844670533
-0.01264169937109246
-0.012578597938751473
-0.012508104516960243
-0.012440573654192336
-0.012381214840228067
-0.012355332750388805
-0.012301011372576741
-0.01224158681819544
-0.012188862138153875
-0.012153429477749502
-0.012121371081208481
-0.012139750162468236
-0.0121441910865114
-0.012072835829766357
-0.012033897506840089
-0.01197251956909895
-0.011958679425365784
-0.011981174190912177
-0.011961414999164203
-0.011884525599067702
-0.011843767373220009
-0.0117984706262017
-0.011808279501822064
-0.011795405583346592
-0.01176318885101115
-0.011759191619999268
-0.011758414080695194
-0.01176376281415715
-0.011734825356260819
-0.011752733790918308
-0.011752572294105501
-0.01173004985184354
-0.011732227508636082
-0.011746709930765278
-0.011721261870115995
-0.011740411297582529
-0.011656946491669207
-0.011642558067379629
-0.011668517024201505
-0.011658122385030284
-0.011625491718159003
-0.01162745271645048
-0.01162074810880072
-0.011623233063694309
-0.011611308984677582
-0.011653100814232055
-0.011669601899955202
-0.01164045910734464
-0.011636565669494517
-0.011666187654961559
-0.011676249910584267
-0.011700844781144576
-0.01172414978089578
-0.011728366552030339
-0.011690734655541532
-0.011678665432640735
-0.011656090913011747
-0.011634116893743768
-0.011615010318072404
-0.011628173373858719
-0.01164424972170416
-0.011677034911425674
-0.011708333776058519
-0.01170844016596675
-0.01171253359712222
-0.011719205772832912
-0.01170708891004324
-0.011741561683661797
-0.011741445060161983
-0.011742915919817546
-0.011707349433837569
-0.011734134747701533
-0.011771271394236999
-0.011794336140155792
-0.011839339361690423
-0.011842696691918023
-0.011842330671189463
-0.011845622781444999
-0.01182392135481624
-0.01183861872071729
-0.011807714660158928
-0.011784009986064013
-0.011743407559526317
-0.011754790107336115
-0.011701860399368932
-0.011690654769978102
-0.011669444479048252
-0.011680084959987331
-0.011727321936803706
-0.011792571837192073
-0.01178968108313925
-0.011796694051693467
-0.011765940805130146
-0.011778801723438152
-0.011802994668045465
-0.011792992718298645
-0.011824973053572808
-0.011849653907120228
-0.01188044256037649
-0.011906659142935977
-0.011932245346114916
-0.01193433999467422
-0.011898593582651194
-0.01189706665737664
-0.011906868613818112
-0.011916323707384222
-0.011879761347218472
-0.011855525452205364
-0.011830800453967907
-0.011803778397905477
-0.0118250036447802
-0.011875336934976718
-0.011896475059363773
-0.011949927759740282
-0.012015294086407212
-0.012016092054545879
-0.011987459051477559
-0.011964174392907059
-0.011963938171153559
-0.011967588670770912
-0.011998522407649195
-0.012029342030120247
-0.012042034894008846
-0.012052540081169676
-0.012058532977586283
-0.012052956984981019
-0.012051099900375395
-0.012040163001374287
-0.012034690511577269
-0.012034735976554014
-0.01204738480531994
-0.012076637428253888
-0.012067843940766418
-0.012026731521986864
-0.01200111384558327
-0.011969415618873694
-0.011982255001716754
-0.01202351759900065
-0.012063108779051725
-0.012106934009010301
-0.01208409293938209
-0.012072977407232803
-0.01209459966596435
-0.012071009895161671
-0.012063965957392665
-0.01207715608727406
-0.012073327168164885
-0.012088426750372437
-0.012080752652357606
-0.012102959841928062
-0.012137603726895416
-0.012128220597172485
-0.012117708353873562
-0.012132238037884236
-0.012171694313121192
-0.012167258368914618
-0.012144639403285348
-0.012118135557016905
-0.012130232215585077
-0.01211303872987628
-0.012134495037881768
-0.012155077683136744
-0.012180981735753663
-0.012213242941481225
-0.012154513882363544
-0.0121500709806295
-0.012121220064513823
-0.012127546029274955
-0.012138337861089145
-0.012150094296564074
-0.012157370007651694
-0.012137109600007533
-0.012131069403360872
-0.01210958995472859
-0.012102690065170035
-0.012132185204502413
-0.012133074732606901
-0.012151866860906867
-0.012153621368548449
-0.012151192851802882
-0.012148957650231964
-0.012136387863360784
-0.012103469121982069
-0.012076663291629623
-0.012033634709523004
-0.011983057686730343
-0.011981473090674948
-0.012037539109587669
-0.01201449676471598
-0.01195217618061339
-0.011915734454112894
-0.011945504180210478
-0.011980228635537275
-0.01197918431066415
-0.01197652109515141
-0.011931917542482124
-0.01193676346584278
-0.011925326304181534
-0.011935055381892358
-0.011943571581779158
-0.011949129440986058
-0.011946715463829392
-0.011954071427531103
-0.011949947361341294
-0.011951343375532067
-0.011947439243907438
-0.011962556110366302
-0.01197827655602904
-0.012024273526142625
-0.011966679710894823
-0.011930515025468434
-0.011960625188315616
-0.011970497788313557
-0.011951426235849367
-0.011983874527847065
-0.012006864921354195
-0.011992144568220658
-0.011990077842903488
-0.012027010732494733
-0.012041686787543929
-0.01202406442778952
-0.01201698658440043
-0.012030860036611557
-0.012061713520875749
-0.012051657800946166
-0.012015731254702105
-0.011960126070634408
-0.011953930425293306
-0.011946538671412888
-0.011915656469543191
-0.01190687746686094
-0.01190139253569
-0.011928110038313795
-0.011968940151307512
-0.01193831765147693
-0.01192584323203739
-0.011906383657718405
-0.011886884513146737
-0.011846674666466082
-0.011820299490628874
-0.011833444270579254
-0.01183411489953013
-0.011824012761387755
-0.011809915715061566
-0.011852673556217375
-0.011847741408821414
-0.011905747159000704
-0.011892832454074832
-0.01189434986342402
-0.011890655503991772
-0.011889133043587208
-0.011939336167758002
-0.011954166981227258
-0.011988567254122565
-0.0120012345175971
-0.012003042450284256
-0.01199744508108672
-0.011972131640376414
-0.011976917734479203
-0.011949361154042623
-0.011953278658363748
-0.011959929786184254
-0.011943139059140401
-0.01198008230284733
-0.011977128651650513
-0.01197831247768858
-0.011984393619658315
-0.011998802155037137
-0.012031354744206456
-0.012029638212612447
-0.012011508369708762
-0.011993019890916699
-0.011968317293726346
-0.011973581890411237
-0.012007967645631118
-0.011985549873069806
-0.011966903409098877
-0.011980950317400343
-0.012026264781461042
-0.012060376404620269
-0.01208029362537405
-0.01209351975361214
-0.012150113361285013
-0.012136127520352601
-0.012124550123425091
-0.012156772750484593
-0.012166981607237283
-0.01218158464111826
-0.012175733579651397
-0.012209432407775346
-0.012215800199876814
-0.012184003455673947
-0.012150489051333245
-0.012119248339577633
-0.012142552703838138
-0.012161695699700537
-0.012174020022811259
-0.012206071626175853
-0.012201451088356621
-0.012176978286794003
-0.012180808739846243
-0.012205746983561446
-0.012160622996880728
-0.012169724867186125
-0.012167768503594047
-0.012169811326791258
-0.012159647206392359
-0.01215773910174475
-0.012157379194874973
-0.012155867000932203
-0.01214387756498421
-0.012146167002399177
-0.012132453491144321
-0.012180641079869341
-0.012193713216658901
-0.012225730361088235
-0.012255128988010042
-0.01222841330420445
-0.012209822297753657
-0.012194935478927457
-0.012245742067256395
-0.012194781520349137
-0.012222625112489742
-0.012283899421420167
-0.012306564580649137
-0.012302703295341309
-0.012276305696543525
-0.012247192136505072
-0.012220501740846565
-0.012221332201186349
-0.012194602881722591
-0.012231588199296418
-0.012237953148124849
-0.012234394126297796
-0.012244219541111413
-0.01226093772908344
-0.012250546042752617
-0.012233507331898983
-0.01222746428102255
-0.012207388582036776
-0.012263925713213051
-0.012255496734424548
-0.01225456717040609
-0.01227543502498199
-0.012259225388441016
-0.012251205698532216
-0.012233025668298496
-0.012224398827289833
-0.012217272259294986
-0.01221291130846914
-0.012221712640979711
-0.012201657348915058
-0.012182923565235208
-0.012202032600693843
-0.01222064182819689
-0.012226463322911192
-0.012228743529275936
-0.012216977232738452
-0.012229647564099116
-0.012217715678407865
-0.012225343944395289
-0.012268595309818492
-0.01223445534158279
-0.012217880752595032
-0.012198788048151662
-0.012179338406114017
-0.012169558620628188
-0.012130616955897388
-0.01215993482619524
-0.01213006860412219
-0.01211345008957912
-0.012107599564992329
-0.012075589071301853
-0.012070537347565679
-0.012049021566396251
-0.012065661052132354
-0.012070280056008522
-0.012059418802313945
-0.012080651658641941
-0.012067315924693556
-0.012085104481700588
-0.01211852749590488
-0.012125677434617982
-0.012122370992951534
-0.012107986419954721
-0.012119452677228871
-0.012132885624818943
-0.012123985166716224
-0.012100078543538556
-0.01208110134500791
-0.01210196932010791
-0.01211825907778214
-0.01210115885033327
-0.012099464801961885
-0.012100453269394004
-0.012120449811439303
-0.012122025516103295
-0.012108149258967709
-0.012108293838579864
-0.012101122123353621
-0.012091720936929479
-0.012098782761570285
-0.012140890566960853
-0.012165707201861284
-0.012187900942038088
-0.012168344049988424
-0.012133471004884032
-0.01215389943407739
-0.012181926299543941
-0.012220392710364916
-0.012216756580507054
-0.012249778824694016
-0.01226674197241664
-0.012229057384983581
-0.012246868545737337
-0.012249759442227729
-0.01222811752163312
-0.012243332138613743
-0.01219398896483814
-0.01217566093101221
-0.012174924254855689
-0.012181851727997555
-0.012142592646619852
-0.012152341928552178
-0.012133011123275056
-0.012137499648858519
-0.012091625224360648
-0.012082855923868277
-0.012117346770623151
-0.012107930261203471
-0.012117882998769773
-0.012116005090887056
-0.012116980448584346
-0.012123984816100667
-0.012103872072389898
-0.012127827852964401
-0.01212383216685232
-0.012135572348009138
-0.012120719407411183
-0.01210408284164527
-0.012128109879353467
-0.012119540216072517
-0.012157768224749494
-0.012134567735826269
-0.012124481528778286
-0.0121276465628077
-0.012137040013776105
-0.012184610343812144
-0.012224807228673907
-0.012213435489684343
-0.012193867936730385
-0.012131256922422087
-0.012121242016334743
-0.012109651624718134
-0.012108506497872226
-0.012122694397454753
-0.012083847168833017
-0.012145537121550126
-0.012159689313129466
-0.012134450400138603
-0.01214974193888552
-0.012150591765256489
-0.012125679658835426
-0.012103119678795338
-0.012114527722930207
-0.012109036897035207
-0.012134318705648184
-0.012178540931028478
-0.012155516155283241
-0.012155130001551965
-0.012196618997875382
-0.012245237745125504
-0.012264345454819062
-0.01225571016616681
-0.012274001686669448
-0.012273961847976727
-0.01230230558773174
-0.012271333135226194
-0.012263845455120591
-0.012266585115781601
-0.012278582873370717
-0.01225174461655757
-0.012209426206262673
-0.0121610514655271
-0.012179805130204734
-0.012169294431805611
-0.012146875618354362
-0.012164884077056366
-0.012173266035011586
-0.012175604098421685
-0.01219123118721387
-0.01217907968470279
-0.012186357614529483
-0.012160393376560772
-0.012181579464060418
-0.012218814052860526
-0.012224874738603831
-0.012229792505283566
-0.012209315724013483
-0.012222724890007692
-0.012217809900860577
-0.012182497194803812
-0.012180531622074983
-0.012198311627349433
-0.012195295243359664
-0.012226655421888126
-0.012192034009186661
-0.012206820776576505
-0.012194681244299692
-0.012171166335396907
-0.012157886831418557
-0.01214883467182517
-0.01219790723065243
-0.012144437651423846
-0.012137076302486307
-0.012154622063698137
-0.012169547746067539
-0.012194321715437315
-0.01214827376363032
-0.012121150620719966
-0.01214690519058529
-0.012184496196534703
-0.012165790631928864
-0.012164122430498109
-0.012157103764441084
-0.01213262322194436
-0.012127109682735275
-0.012106968977433793
-0.012120456226608333
-0.012131341185201617
-0.012172849185983924
-0.012178597188390353
-0.012167236302047968
-0.012117389233454186
-0.012114062351996408
-0.012095698758083232
-0.012054740555365297
-0.01202607279205147
-0.012001885605209013
-0.012015648706651786
-0.012026660790776505
-0.012065755263628328
-0.012077245565460009
-0.012060903933118372
-0.012046801561818404
-0.012088701490531949
-0.012102087609031621
-0.012121461145579816
-0.012125184134963682
-0.012104195082450614
-0.01208388757727602
-0.012092520110309124
-0.012109042988980518
-0.012080103361650425
-0.012073967814007226
-0.012050459566800033
-0.012058378969702651
-0.012099152332281366
-0.012117019542219007
-0.01212974769227645
-0.012120173372985685
-0.012154978453455603
-0.012185013617443688
-0.012183824565042467
-0.012154582718058544
-0.012147595848449889
-0.012115786986096817
-0.012137927443665616
-0.012147490072118886
-0.01214494682738886
-0.012124536038540742
-0.01211173183777753
-0.01213636996005388
-0.012133558593032992
-0.012130479843300932
-0.012129030919031185
-0.012130846017423797
-0.012145963765899924
-0.012161846831440925
-0.012183581966468517
-0.012147198349018307
-0.012155732189250344
-0.012146600670016864
-0.012180597225532813
-0.01216389445368858
-0.012191657102940713
-0.012203654701657156
-0.012169519066810608
-0.012177987741854262
-0.012197878529482028
-0.012214967635843683
