-0.002183404736219588
-0.002477040912552658
-0.002227563503359638
-0.0022648331524355524
-0.0023094517437414826
-0.0026892862220546025
-0.0023488400990731764
-0.0023827815365673128
-0.0023391570637083347
-0.002721861123790609
-0.0027404025187137446
-0.0025399274116354284
-0.0024763123706364196
-0.0028137479193073535
-0.002528682189508779
-0.0023829346833464217
-0.0026598586551087443
-0.0025522965564782657
-0.0027447811361129785
-0.0027673614294626936
-0.002437058692720445
-0.002745496493738512
-0.0023593773541847126
-0.002628674837313441
-0.0020460548381475837
-0.0023189504466364585
-0.0022592971754456796
-0.0021525655542759974
-0.0021887678439138714
-0.0021470455641166924
-0.00216608915468688
-0.002101131657932927
-0.0019964788792863368
-0.002237937331012611
-0.00206445338152993
-0.0022321454462465957
-0.0019145132417407412
-0.002003692790989646
-0.002107370605500559
-0.0017709244889786123
-0.0019349044140504201
-0.0020351932354308157
-0.0023030019496250486
-0.001937875390225209
-0.0021091439107055404
-0.0021051431691543644
-0.001788059035546804
-0.0018089584616891793
-0.0020785286523754293
-0.0020632802387122165
-0.0020315647983554334
-0.0020463456679827
-0.002040422025482955
-0.0020847474288593205
-0.001859211997798686
-0.001907270804404353
-0.001974672432051678
-0.001884909531591239
-0.0020320317213530998
-0.0019321759080402573
-0.001960261974601341
-0.0021920398428496917
-0.0018860860661302952
-0.002041836320796442
-0.00202398733518133
-0.002099398930070295
-0.002108537133638748
-0.00226710270335143
-0.0019313163337353935
-0.0017354179201828056
-0.0016898677988107815
-0.002036299400590077
-0.002167422969791065
-0.0020513289406981637
-0.001842552502966691
-0.0019939910436032
-0.0019394753688892188
-0.00200592529959354
-0.002313781978843123
-0.0020282777814698886
-0.0017961099780308177
-0.0022142373771452143
-0.0018678272688852804
-0.001928411104241277
-0.0020124953732834085
-0.0020289822663537116
-0.0018846696139973088
-0.0019084534115738
-0.002078327540158654
-0.0021723774523042957
-0.0021619302272048767
-0.0020506827295773185
-0.0016987101504693481
-0.0020977089748040957
-0.002062432968922595
-0.002005720064604897
-0.002056979977874191
-0.0021167013567169853
-0.001980578802557158
-0.0021807822448097693
-0.0020147642477052427
-0.0021655713436664966
-0.0019206130683498432
-0.002003118343991152
-0.002069253231470946
-0.0019182299915555781
-0.002085957171439363
-0.0020305691744403973
-0.002177399600932413
-0.0019151206151697409
-0.0020269763537234995
-0.0022173437588389236
-0.0019442466069763422
-0.0022649532914878028
-0.002170641315923786
-0.00200630593639695
-0.002182136572852166
-0.002153617820219176
-0.0020088378427835017
-0.0020335372701706027
-0.0019713905301832766
-0.0024089779236194813
-0.002092599172560943
-0.002081344901382309
-0.0022645516724511664
-0.0020738035622369436
-0.002070395551983338
-0.002050658873539137
-0.0019321334079026103
-0.002037146152523544
-0.001972711085173413
-0.0021175472332367867
-0.0020364985967661407
-0.0019401607050329862
-0.002150378039441873
-0.002191253520821252
-0.0020186475893750524
-0.0022618044167932233
-0.0022388651143337036
-0.0023253561690687683
-0.0024336856010525663
-0.002121920552122138
-0.002125873629451299
-0.0022765885439391077
-0.002159087041088808
-0.001971376422305101
-0.0021636195871074884
-0.0018418796045936222
-0.0022406171447253405
-0.00208235876828704
-0.002153603048106653
-0.002017195058941744
-0.002247697642325076
-0.001968979524720805
-0.00197606903713434
-0.002126632487878609
-0.002137459690967248
-0.002062372126646583
-0.002209856948051685
-0.0021275318032221106
-0.0020826007335655625
-0.002191696277398393
-0.0019418815319813794
-0.0020963244527272456
-0.002306110511391711
-0.001964919460848346
-0.0020252228495861026
-0.0021947628966241146
-0.00235876495454029
-0.002107590789302627
-0.002156744594968895
-0.0019937854361422812
-0.0021606320724740285
-0.0023499364673435345
-0.00233767144528941
-0.0020299309112638015
-0.002271971810637155
-0.0020666487427174877
-0.002050013401088425
-0.00218161361775141
-0.0019506706026457751
-0.0022535178003692882
-0.002169235165698944
-0.002133124299533763
-0.0019299136980477439
-0.0022304851404934744
-0.002211330950869835
-0.0021744267056103437
-0.002018827486526129
-0.002210926330195808
-0.002138062136455289
-0.002066475351766334
-0.0020849500830101533
-0.002178426959323771
-0.0020717907531744234
-0.002144218868768946
-0.002300587583269985
-0.0021655580938217565
-0.0023688977034668733
-0.0020175508288605318
-0.0021652069524511954
-0.002133099237920867
-0.0021538646748339046
-0.002096172789294685
-0.0022029839082490245
-0.0018818340032742552
-0.0019461029216809008
-0.002066307273241331
-0.002093810742437483
-0.0020584301912777536
-0.0019630711776209967
-0.0021627244705862904
-0.0019433594477934585
-0.0018802307781080974
-0.0023057583753581814
-0.002113893532031513
-0.002120210898754339
-0.0019089792111747464
-0.002050427920362497
-0.0024426371327908505
-0.0021243444382748867
-0.00229941875275734
-0.0021056646242542673
-0.0021423829986841722
-0.0021334443141050327
-0.0020983244977035116
-0.002117359360486601
-0.0020790462785135987
-0.0020602168923571805
-0.0024163137643426315
-0.002090093313773832
-0.0021948274221214987
-0.0019647582027709607
-0.002132626684930231
-0.002300018370658653
-0.0020978371522292925
-0.0021185869244662618
-0.001969009897977286
-0.002087010216845197
-0.002207594611281634
-0.00205672670675297
-0.0020902140908649613
-0.001909594852800151
-0.0021237160159972477
-0.0022161974006663994
-0.0021297292574432164
-0.0019829995094382963
-0.0021527262836126887
-0.0020481303928968565
-0.0019733005262610845
-0.001964703038448831
-0.0021337379275172463
-0.0020551384105122667
-0.00212663883136113
-0.0023472462411985346
-0.0022485825493973447
-0.002242772780656524
-0.0018630631596030303
-0.002160681441754112
-0.0022745338919269937
-0.0021126844948385786
-0.0022560308945607796
-0.002011851950187825
-0.0021173528580268656
-0.0019321374468935872
-0.0018635122163600144
-0.0021007979081152776
-0.00198475225729532
-0.001919880081766594
-0.0021075870046799567
-0.00222505683758339
-0.0021203464333383317
-0.0019984558463575306
-0.0023046832356529547
-0.0023135754880208707
-0.002040021869453302
-0.0022387804093445683
-0.0020577257623968976
-0.0019913066036076127
-0.00237813840075542
-0.0021447531822424066
-0.0022363984977282155
-0.002039362713399641
-0.0019902968120634255
-0.002280239872562375
-0.0022642356000419405
-0.002227642748867527
-0.0023606839943579854
-0.0020247902993135412
-0.002167332614511488
-0.0019544006449502592
-0.002079833412396809
-0.002196878175792424
-0.0022913527686348593
-0.0019624440425653183
-0.002181531773293879
-0.0024970850592266713
-0.0022794062677737557
-0.0021868516780097643
-0.0021973162177677114
-0.002112147891388488
-0.002167287014782564
-0.0022138216538365686
-0.002220043518073465
-0.0020739962304456927
-0.0020154927850989266
-0.00227115924654872
-0.0021170171512246813
-0.0023340938046034505
-0.0021405983592108976
-0.00208109841627318
-0.0021791464114339514
-0.0020843668364377084
-0.0024000696459492506
-0.002025049120088053
-0.0021030745882107947
-0.0020232376990029547
-0.0022933411218416795
-0.002291219339465206
-0.002196899321515104
-0.0020605210697674653
-0.002189222364987612
-0.0018758656657059916
-0.0022647491870885035
-0.00203699707651015
-0.0020350612290231706
-0.002096065530075971
-0.002161854181742416
-0.0022375296619663544
-0.00203566879871876
-0.0022355525544979897
-0.002248908390893275
-0.0023233827415361803
-0.002196942331762784
-0.0023362024802737378
-0.0022381748953558514
-0.0021781714917467223
-0.0021082067339382887
-0.0022141679173163452
-0.0021320618720843494
-0.002231915186974102
-0.0021405077157214173
-0.0021779498580514643
-0.002154425993941545
-0.002087383914201436
-0.0022757497822229657
-0.0020279269860403004
-0.0022263902534266447
-0.0020216293244461354
-0.002318978233012661
-0.0021167019680203535
-0.0017687878127389204
-0.0021417479128114235
-0.0021388401011856154
-0.0022416389001629683
-0.002174495229137458
-0.0023658141666363787
-0.002044585158880228
-0.0021732356059314664
-0.0022443721935369305
-0.002236705958228434
-0.002283512561125698
-0.0019749566771463034
-0.0022703507502333554
-0.0022463745729223487
-0.0022806097318139977
-0.0021349672354811903
-0.002412009380559777
-0.0019938916517197518
-0.0019327512410687387
-0.0022101182082053007
-0.002323433399980327
-0.002307986531240337
-0.0022322722886972688
-0.0021617656374167582
-0.0020680458827624488
-0.0020990135992423778
-0.0020655727476915006
-0.002249755260134107
-0.002327244513567737
-0.0020866880903221328
-0.002320148678569061
-0.0020743283390104346
-0.002361463595895737
-0.001935638002570704
-0.002299937998675985
-0.002008508450037487
-0.0020471804794719283
-0.0021019001343990386
-0.0020527200546043237
-0.0024836406667342573
-0.0021298821757377777
-0.001961355495568757
-0.0021271749995535965
-0.002257519994294408
-0.001982098848970281
-0.0022352845005678356
-0.0021323918267663246
-0.0022003985871981158
-0.0021171165257546157
-0.0019572918361821087
-0.002093427669327513
-0.0023008531586933474
-0.0019518532243338986
-0.0022385804744461143
-0.0021177846047937842
-0.0020863939091720542
-0.0020082633072010044
-0.002348712958258663
-0.0022764050195002382
-0.0022861123633379802
-0.002252329549009045
-0.0022389130855857463
-0.0020508374807266267
-0.0020200313853495815
-0.0020992915318524233
-0.0021376675846938023
-0.002181153362211517
-0.002195998882396017
-0.002235025289161758
-0.0020623024444225905
-0.0020788698247643446
-0.0023394278249343936
-0.0020808355040725997
-0.002150295857906882
-0.002235767645328882
-0.0020406923997390424
-0.001996138368012673
-0.0020160674932435947
-0.0019943899031547806
-0.0021088888606193446
-0.0022684543529879124
-0.0022590812220878134
-0.002098603454376585
-0.0021178683231862167
-0.0019357627304939682
-0.0021127453110725077
-0.002030583427415331
-0.0025257873931329336
-0.0023795925255129294
-0.0019610209290633995
-0.0023111294878968747
-0.0022037348661208315
-0.0021900709499341506
-0.0020147649430054954
-0.0022446828915000322
-0.002117736914021026
-0.0022897724445144992
-0.002348553853053847
-0.002261501117522502
-0.0019514327963970365
-0.0021917430984464224
-0.0024017040511328477
-0.0022047806951839173
-0.001980794143706049
-0.0021427156483119357
-0.002171967893408484
-0.0019786774845506638
-0.00207449206811186
-0.0022661905769768838
-0.002171270005444263
-0.00211713401622305
-0.0020481834501784625
-0.0021177477027513425
-0.002244335681412818
-0.0021651616863428646
-0.0022117277558086116
-0.002250369579000446
-0.002254441546242658
-0.0021014982707983163
-0.002042853524767149
-0.002018510228605068
-0.0021329264696863352
-0.002069781190398721
-0.0020914063193759984
-0.0020862982599275043
-0.0018473399198079509
-0.0022927191225037644
-0.0022107138029860084
-0.002182465581595234
-0.002163852723860123
-0.002156206025045795
-0.002096184665372848
-0.002248612046759986
-0.0019158283938694055
-0.002390853613980637
-0.0020904913023742384
-0.0021176620530139723
-0.0022291462142283993
-0.002055848705813752
-0.002158277520064696
-0.0023117842500613066
-0.0021293485882887555
-0.00204663884866398
-0.002204978291213185
-0.002363281148934118
-0.0021002010512966005
-0.0022488851639865777
-0.0020180285599236607
-0.0021353198055804367
-0.0021106239748226335
-0.0021072130795327503
-0.0018369691258976035
-0.002226832776084365
-0.0021647666573463053
-0.00225090472815921
-0.0020285868954207117
-0.002227907736782457
-0.00204667424231751
-0.002273790295541673
-0.0020038252029435755
-0.0019947734367188187
-0.0020363922743901943
-0.0020422569688156693
-0.0021089998464801497
-0.002227526998993495
-0.0018536435838635826
-0.0020254709032798924
-0.0022197066507431964
-0.002062970328418961
-0.0022499063532853522
-0.001978257200576921
-0.0022980188659357864
-0.0022473783635227054
-0.00189523735540552
-0.002064437520119267
-0.0021712025395929234
-0.0022814461929703527
-0.002112133720262087
-0.002111654737132772
-0.002083858446986523
-0.0020538224360515784
-0.0018151091258387874
-0.001985995757896225
-0.0022888164374625106
-0.002242673337429271
-0.0020546782233701374
-0.0019437248033755186
-0.0023341871360100038
-0.0018653900112298714
-0.002196352303828401
-0.0018847945449813348
-0.0022732116677172524
-0.0020812848807094976
-0.0023978327267860683
-0.00204032112422618
-0.0020152636225526876
-0.0022278953593497064
-0.0020218662853724516
-0.0019225996290256407
-0.002198109680546596
-0.002161055109154713
-0.002351324800239624
-0.0020272443574747313
-0.002005487973551683
-0.002178254725594913
-0.0021567033246633026
-0.0019680094804269987
-0.002004847808200276
-0.0020955414164149136
-0.002215077090880189
-0.0021157404544545483
-0.002098529819155689
-0.0021171151847274037
-0.0021313238882663585
-0.0021661583740534168
-0.0021898992262324684
-0.001988488731915021
-0.0021137706900620145
-0.0019374038241653474
-0.002268974736503929
-0.002135411132282836
-0.001956351325313556
-0.0022434258659112796
-0.002168196157374868
-0.0020886212442461816
-0.0022153286067164413
-0.002142037948729468
-0.002051490409928109
-0.001961968418001169
-0.002072909417777696
-0.002214038363785444
-0.0022957957839649453
-0.0019314864260568368
-0.0023408230622836753
-0.0019228399980364213
-0.001994129683281506
-0.0021695390000520762
-0.00196015431129888
-0.0021115876716329544
-0.002341469272459317
-0.0022905860050190926
-0.002198055391219612
-0.0022265530373354993
-0.0019374029188620255
-0.0022637946602583185
-0.0023022902947612985
-0.002309067425147033
-0.002142427619188443
-0.00208962609346953
