1.4732805956812467
0.612631895524614
0.539422855394728
0.45264615701401933
0.3755883876015158
0.3294016449547866
0.2886235112653059
0.2606973901391029
0.2226156356580117
0.19429871614145883
0.1745043299818302
0.16192087388652213
0.14515275065513217
0.13752943466910544
0.12706891260767245
0.11719236000276664
0.10743536982027924
0.10326395697672577
0.09560229429317747
0.09479919113766622
0.092125997207511
0.08677892976933542
0.08292278749320436
0.08181786922299687
0.08010577771210056
0.07830680880476447
0.07685905853834223
0.07767611284849836
0.0755563603631933
0.07532240753335988
0.07409820976831458
0.07354353333494681
0.07249707344316822
0.07101064609938904
0.06916073247352067
0.06732414546148742
0.0667582816855215
0.06589084713007598
0.06556776285116725
0.06705429345807608
0.0673546896672205
0.06505800470271532
0.06432466021574595
0.06630904416224974
0.06515724153997486
0.06474377260242095
0.06501432657515739
0.06322534225114128
0.06448403877370498
0.06576795793302795
0.06331901920082815
0.06360369554227766
0.06554463254835675
0.06248010589248117
0.06594418897567426
0.06364624868284034
0.062374204619075446
0.06414655427831938
0.06283765191979268
0.06546026611536303
0.06452901824651396
0.06282074012081412
0.06007798044284915
0.06340327916173812
0.061355042186401344
0.059485387919908934
0.060948468862539705
0.062301610366386526
0.06197535207714228
0.06263096716035815
0.06402588492971571
0.06190026851973551
0.062340285366072376
0.060825640825992996
0.06210899828001857
0.06379170613363386
0.06349067016340354
0.0643197114332853
0.06270637460710371
0.06336606203523629
0.06319343966760618
0.06260704380350517
0.06338893098975806
0.06281645971569506
0.06280170119477108
0.06441592595211285
0.06366138077231452
0.06585751939564943
0.06246391208568478
0.06421934822574257
0.06281167359693962
0.062728323373834
0.06297648782732294
0.06335599361918867
0.06232714703416123
0.06119122853064362
0.06251767423990018
0.06349589341484449
0.0621694370145526
0.06296664213432986
0.06320550709634143
0.06267884244649287
0.062351638601873725
0.06161543423693408
0.06073487974593744
0.06076166332315873
0.06253404522259884
0.06247570926652235
0.06186020606306984
0.06097898632835816
0.06216223599553546
0.06298954072134459
0.06244619760169264
0.06147432118818602
0.06313419911791296
0.06325985486893093
0.061474798430743466
0.06265639319248936
0.06202102275839185
0.06340308515628909
0.06257364554056788
0.06358746874748784
0.06205408229109119
0.06262281661962761
0.06014614647993927
0.0618690893656629
0.061782613377470305
0.06291957365020233
0.06156376066672451
0.0626864293425837
0.06180540593614911
0.06362644874436015
0.06153929275186623
0.06249868892927599
0.06370361278326635
0.06174236605875194
0.06277611466289004
0.0616235887960476
0.06462510336354813
0.06507650474360323
0.06425835493239848
0.06503944297266358
0.06448312341783415
0.06529617644846439
0.0625494606409441
0.06328775021795402
0.06436926535988118
0.06354031618136693
0.06477132125428933
0.06240928335498799
0.06399041714749354
0.06282053171821377
0.06443446588647717
0.06376062907579848
0.06231233519775903
0.06496091925758211
0.06405335372889086
0.06567669580142727
0.06328467080260024
0.06479630195809638
0.06546319198575529
0.06472193610662703
0.06537749132908442
0.06423046796527855
0.06495107429321198
0.0609756178332164
0.0638586770852699
0.06254763269029996
0.06389443891615991
0.06228925928966526
0.06131616471992696
0.0635935417814728
0.061761660704060514
0.06237306824392256
0.061799506341819375
0.06263055753318922
0.0625146420152091
0.0609557570916984
0.061419778561000435
0.062215907715589686
0.06280065345002667
0.06296488844022594
0.062474371853065404
0.06489764922298491
0.0635293448357569
0.061945710181916025
0.06450422708739471
0.06414064971374019
0.06177286557469736
0.0643360165769563
0.06518684391151457
0.06316605182364583
0.06265663663473199
0.06462820640436429
0.06314956624855232
0.06315604011692545
0.06225261484984966
0.06395815142759068
0.06275774308699457
0.06187901893384097
0.061026344353826166
0.0632937584839323
0.06330628971267929
0.06241172188345124
0.06351072807138895
0.06089138149776879
0.06451460878529093
0.061741116122506996
0.06407594008042532
0.06166881267803118
0.06346656526301933
0.061796289654996464
0.06211918465765741
0.062139246179996166
0.06293016619405106
0.06317180763409637
0.06339027979137267
0.06359437948147602
0.06264955033548177
0.06280953489134417
0.06348081749644788
0.06239334443748436
0.06327649074168328
0.06074591192745549
0.06182872988146675
0.06102764756035279
0.06269222066244658
0.06297318741186138
0.06108217516859226
0.061289857804556105
0.061747529552153804
0.06167937827789608
0.061674081106834554
0.06173907800248879
0.061607921068720956
0.061840425805626986
0.0634540039457052
0.061402624856461495
0.06229996279785958
0.06273629527182921
0.06081778966438244
0.06473781803677625
0.06197258830207455
0.06220069212072036
0.06167315204408677
0.06119058412801036
0.06443017032819197
0.06127442431855289
0.06285178938277942
0.06443994053201202
0.06366111104486182
0.06285025636829875
0.06283601487658041
0.06513438332168495
0.06350780779988889
0.06313043104155976
0.06384976650040378
0.06262453421128585
0.06429538561359924
0.0626374767463216
0.06507890834746992
0.0630231835441116
0.06394594412790064
0.0648915558697327
0.06427419411347193
0.06370215581127388
0.063736856591833
0.06291881887077846
0.06446986499735538
0.06458595817470375
0.0630956120460349
0.06396601046161617
0.06362246917286778
0.06289556551286403
0.06570298237013905
0.06415833389550886
0.06581424330635106
0.06419466837199733
0.0642290221499827
0.06493145530386006
0.06564257839037214
0.06494049118448268
0.06334953241680255
0.06470790926558788
0.06323481717913905
0.06482532267623088
0.06318424303112004
0.06359867480282179
0.06286080005058252
0.06454721649779993
0.0610030500766109
0.06469788111691528
0.0625839205321801
0.06329049660331186
0.06314890962094069
0.06447416043237728
0.06273902002585066
0.06405323863248615
0.060543503988917696
0.061629905839286306
0.062299624929095014
0.061907132391763084
0.061526315118295746
0.06369674623779514
0.06227013194276129
0.06135572605656789
0.06328007680199602
0.06519868991009015
0.06333682995892184
0.06288293722797843
0.06341921709039632
0.06321641330004615
0.061920012188527516
0.06264536458834567
0.06380507869865087
0.06374955754179289
0.06281212275464307
0.06372684646288261
0.06509203330120619
0.06492868013241712
0.06395372169037514
0.06350292963085367
0.0630799962372026
0.06656804719720694
0.06197485239244997
0.06553943235262791
0.06359450318028821
0.06397022107643459
0.0626529928022886
0.06425117709783508
0.06281950206441038
0.0639427836984396
0.0644377094337388
0.06414861322435386
0.06330387403585894
0.06491113958113334
0.06337567444288117
0.0634514467270278
0.06471025613410508
0.06417596635189565
0.06301871178507366
0.06462177280747496
0.06329214417868677
0.06493987645679976
0.06454933544018251
0.0624320572543451
0.06461597630644546
0.06322259434279712
0.06290582974359174
0.06419882647254888
0.06375291294089573
0.0624891597270856
0.06491830067654304
0.061956634230035196
0.06297603268176317
0.06344169293639852
0.0630183580057586
0.06215127059532439
0.06393228190238862
0.06224756551468197
0.06300408665419502
0.06192258096382241
0.06209956565597916
0.06383680595523294
0.06394788067897453
0.06437768111388911
0.06070969837498577
0.0646554297849755
0.0639287693426013
0.061221561747986604
0.06195228916099843
0.06189999757060671
0.06157755513867254
0.06261705521576326
0.061807565021273846
0.061700333074173504
0.06488639086430126
0.06333688521648155
0.06338859045439783
0.06207700720988214
0.062324549769982696
0.06323122721959781
0.061277055962230355
0.062202033712802564
0.06193914626560667
0.06428825022269259
0.0613170748384779
0.06488506730152842
0.06306597935035825
0.06510137342300047
0.06449541209046455
0.06314513636205127
0.06295742530183976
0.06496825364883989
0.06371202952338054
0.06325632377034601
0.06455866505857558
0.06315340563819251
0.06343742755570395
0.06346181338954279
0.06270336113486658
0.06310033342828426
0.06524131169597454
0.06249068046317381
0.06318717979113846
0.06394321797004736
0.06367446071030024
0.06310505298075869
0.06271038777194918
0.06401457666857716
0.062162586350870484
0.06247922368621563
0.06465030535918606
0.0638038314290016
0.06392529613530154
0.06513171393889934
0.0642480509246097
0.06253940757802304
0.06383105347152142
0.06458331582903423
0.06316953189397122
0.06302263849442277
0.06349119439118486
0.06478070361156235
0.06400700582273523
0.062268404451691926
0.06394626287579099
0.0645829780438148
0.06384047186823891
0.06285481879843728
0.06448113505783326
0.06352160716812838
0.06475721053669557
0.06413508329321356
0.0638637080870788
0.0633581604616826
0.06277160527568092
0.06218033861368895
0.06253730906721423
0.06503274340648205
0.061915174244409975
0.062307170121108785
0.06269651861751781
0.06373978942523108
0.06250779741060208
0.06452481159940363
0.06289485022973489
0.06317402138785623
0.06248450228834854
0.062268697700518016
0.06329071920447271
0.06383280523997896
0.062089502790888006
0.06295326664797304
0.0633546327432508
0.06383594907546307
0.06462178926723187
0.0625541081186384
0.0623615300447187
0.06429317911045955
0.06239923910950037
0.06245685700491509
0.061697284343159374
0.06450553029666052
0.06208005548345254
0.06406657847794978
0.06312907041488763
0.06326423584045295
0.06215751832488048
0.0619655072935583
0.06495018124799518
0.06361197908135022
0.06266698794275084
0.06289225576774163
0.06326509501839823
0.06322128776159576
0.06338663737234825
0.06397133292356397
0.06464377946001204
0.06591468360548948
0.06403703971163315
0.06207645729814163
0.06325753940789795
0.06300971406950232
0.06318014279446181
0.06402929996907272
0.06256201426115106
0.06307354257989894
0.06348098740529488
0.06295993239892757
0.0629680880893241
0.061004474052392385
0.0637474201811368
0.06236270170467084
0.06199383246986305
0.06234661848558223
0.06125370521810563
0.06257400205495822
0.061186081718872576
0.0648944436928586
0.06117724694640321
0.06151349055169917
0.06067159986397361
0.06231307644972249
0.06123348767595256
0.06100235472378485
0.06380444124121876
0.061469474744380394
0.061830369402270983
0.06062312812051352
0.0623208504060612
0.06262068116270444
0.061894075731363365
0.061152837791151424
0.0649203617591411
0.060884002557791334
0.06268914899898365
0.06358186809674782
0.06315964319852783
0.062351184253416514
0.06378592762493474
0.06331569874138736
0.06311587694594088
0.06303292615886996
0.06325439150883433
0.062194855112637226
0.061841698426424584
0.06430845820509336
0.0629754545769709
0.06514133985209114
0.06191590786089792
0.06287326931624729
0.06299301944673061
0.0623991243486457
0.06409039530793534
0.06474318853031624
0.06247433600399424
0.06161268699832041
0.06352416678770062
0.06193833917050677
0.06296899472637212
0.061054965749602105
0.06285926322726643
0.06299231150735389
0.06335154729895294
0.06221422820132883
0.06362808163223022
0.06273593361051205
0.0642485890934682
0.06303819374400466
0.0642957443056409
0.061729988411945456
0.06460119864958173
0.063684186229811
0.0642408207497176
0.061892014350194265
0.0640406154370045
0.06225018282147015
0.06530795716680586
0.06359504934208578
0.06411186931106974
0.06267935129101662
0.06467814600670381
0.06255593213307507
0.06282710625023089
0.06310097855680129
0.06549239854657037
0.06378181282266536
0.06275332612807259
0.06577522134244004
0.06320581001996556
0.06404436668928931
0.06508154068416094
0.06340342630522654
0.06411549208466621
0.0627388618681032
0.0638159538824659
0.06493342613171348
0.06189790468197316
0.06419783450170037
0.06234960826798616
0.06354603212162414
0.06167220042689758
0.06324725492364343
0.06495436374098063
0.0632220537538695
0.06359682585222318
0.06284849414163653
0.06343668019399047
0.06315125047284013
0.06509858957382247
0.06373338217792265
0.06217580364524004
0.06479336351895815
0.062464913130080436
0.0630786226131022
0.06625709058716893
0.061585880158578646
0.06439019404899549
0.06269226517966565
