1.036143801594153
0.28584273741580546
0.17282973143737762
0.12174696434522048
0.0844651774968952
0.06373939205077477
0.0464595414174255
0.045024284734972754
0.02694074205646757
0.01715891360217938
0.013048086917842738
0.008760914894810411
0.0066060623532393946
0.004774541151709855
0.004022394839557819
0.003093352436553687
0.000962822840665467
0.0018374471881543286
0.008779278439760674
-0.0017050310707418248
-0.0021249379162327385
-0.0032015443037380466
0.00013068254775134848
-0.003772253869101405
-0.003831142898707185
-0.004668688075616956
-0.00624978455452947
-0.0028195172941195778
-0.006084450252819807
-0.00540575742488727
-0.004177963362599258
-0.005652787996223196
-0.005366268269426655
-0.006006257423723582
-0.00376598383882083
-0.006927919466397725
-0.006386341546021868
-0.00606276623730082
-0.006409058737335727
-0.00640508271753788
-0.00655702167423442
-0.006707424130581785
-0.006705701535975095
-0.00658903383591678
-0.00681203936401289
-0.00704730413708603
-0.00704465540475212
-0.00656683151901234
-0.0071352705228491685
-0.007725617793039419
-0.007232958349050023
-0.007216391433030367
-0.005982225580373779
-0.007710872631287202
-0.00795897532661911
-0.007566895050695166
-0.0076288920929073354
-0.008087157503177877
-0.007715872910921462
-0.008048357783991378
-0.008085104505880736
-0.008165025712514762
-0.007973156837397254
-0.008093086548615246
-0.007702135492581874
-0.008486195984005462
-0.008637432954856195
-0.008720401805476286
-0.008449734866735526
-0.008504765215911902
-0.008447904548665975
-0.008581255756143946
-0.00869601773447357
-0.00859183706343174
-0.008804541753488593
-0.008929538862139453
-0.008489258686313405
-0.009025177148578223
-0.009104050611495041
-0.009115091635612771
-0.008854827242612374
-0.009062610825640149
-0.009097995092452038
-0.008655531950353179
-0.009196082361449953
-0.009000895952340215
-0.008782166457967833
-0.008453845772601198
-0.007212476390122902
-0.008971016312716528
-0.009153723236522637
-0.00906476152013056
-0.009080601413734258
-0.009039597115770449
-0.00900971950904932
-0.009002289360796566
-0.008772698661778123
-0.00784572954144096
-0.008403447609452996
-0.009282989263010678
-0.009187390985607636
-0.00886424949130742
-0.009236592146044132
-0.008457269171776716
-0.009148385380103718
-0.009116520392126404
-0.008852814021520317
-0.008538333354226778
-0.00888878964324249
-0.008243917849904392
-0.00898424175393302
-0.008973652179702186
-0.008397315518232062
-0.008751340700837319
-0.009184607455972582
-0.009203644692024681
-0.008813035460480022
-0.009167838684516028
-0.00875762876094086
-0.007748132418782916
-0.009216095609008334
-0.00845611623080913
-0.008901254132797475
-0.00886055863375077
-0.008220883243484422
-0.008947649087349418
-0.008447779156267644
-0.008481521393696312
-0.00861434348335024
-0.009110654507821891
-0.008917495229979977
-0.00872123286681017
-0.008835272912983782
-0.009001112281112
-0.009011583714163862
-0.009238619200186805
-0.008769530602148735
-0.009593316432437859
-0.00921952297212556
-0.009321154822828248
-0.009025069887866267
-0.009314239519881085
-0.009351772544323466
-0.009310364784323611
-0.009019038460974117
-0.00913952289702138
-0.009196703408088069
-0.009066718042595312
-0.009072904373169877
-0.009004795391228981
-0.009031031304039061
-0.008940419860300608
-0.008868807287944947
-0.009209782908146735
-0.009232876189344097
-0.008997455166536383
-0.00916266472049756
-0.008882936328882351
-0.008953228464815766
-0.008972570122568867
-0.009580340899992735
-0.009320067921362352
-0.009194010034843814
-0.008987769731902517
-0.009043495341029485
-0.009210629720473661
-0.008900848838675302
-0.009082552252220922
-0.009047566198569256
-0.009206147838267498
-0.00914710082579404
-0.009163549249933567
-0.009439095070410986
-0.009556397229607683
-0.009355522209079935
-0.009412312653148546
-0.009097606329305563
-0.009037519426783547
-0.00921520114352461
-0.009207574630272575
-0.009211009879072663
-0.009123792011814657
-0.009073604275181424
-0.00926728589402046
-0.009139058920845855
-0.00930185547331348
-0.009655472247686703
-0.009524723609501962
-0.009300354185688775
-0.009558029503386934
-0.00951017219631467
-0.009403352886147331
-0.008669989192276262
-0.009552329416328576
-0.00960723939933814
-0.009366669027076568
-0.009518545205355621
-0.009259708774334286
-0.009449659555684775
-0.009270125166221988
-0.009520994438207708
-0.008958474254177418
-0.009597391499846708
-0.009099031316873151
-0.009026120220369194
-0.009375078763696365
-0.009419240572606213
-0.009559741523116828
-0.009079254494281486
-0.00932713944785064
-0.009590159717481584
-0.009409714925277512
-0.009837326365232001
-0.009435070677136536
-0.009590616756759119
-0.009607608507212716
-0.009621347548090853
-0.009728745000029449
-0.009678043100575452
-0.009612102121172939
-0.00958101263968274
-0.009742088396160397
-0.00976272063126089
-0.00974887411284726
-0.009614413196686655
-0.010040434006077703
-0.009761273808544501
-0.009459758529555985
-0.009787254838738591
-0.009641185001237318
-0.009724953371915035
-0.009884935669833794
-0.00984085169766331
-0.009754411471658387
-0.009722007944947108
-0.009934477304341272
-0.009802901530929376
-0.009827664506155997
-0.00991668559727259
-0.009709085461508948
-0.00997433331067441
-0.009919250084203668
-0.009712043080071453
-0.00979462110408349
-0.009834009072801565
-0.009783528085972649
-0.009781277833099011
-0.009755508779198863
-0.009720330325944816
-0.009723377936461474
-0.00966914806776913
-0.009808459566556849
-0.009728131562587805
-0.009820105090329889
-0.009875863778870553
-0.009710989212908316
-0.009784696230781265
-0.009683818425401114
-0.00965959870518418
-0.009855952675570734
-0.009700493019772693
-0.00976014215266332
-0.009776486399641727
-0.009825327653379646
-0.00961098761035828
-0.009751075861277058
-0.009659548962372356
-0.009657821180007886
-0.009800470576738007
-0.00977565495268209
-0.009702627046499402
-0.009705648545059375
-0.009725990901642945
-0.00970737737370655
-0.009685091595747508
-0.009803646555519662
-0.00981753351079533
-0.009680285913054832
-0.009809335014142561
-0.009758913071709684
-0.009847079277096781
-0.00987769575731363
-0.009921504608064425
-0.009899602748919278
-0.009750000173517038
-0.009830737106676679
-0.00977408050384838
-0.009959199577861
-0.009891824812802952
-0.009819714467448648
-0.009885540664254223
-0.009808857549796813
-0.009886334273323883
-0.009902839263668283
-0.010131396056385711
-0.009786864434136077
-0.00992221923515899
-0.009920917759882287
-0.009815219423035159
-0.009897258591081481
-0.009984951128717511
-0.009869193355552853
-0.009961411157564725
-0.009999743904336356
-0.010003483777109069
-0.009708019348909146
-0.009993563032185192
-0.009819325662101619
-0.010066410231229384
-0.00996755120868329
-0.00996998236660147
-0.009971950740145985
-0.009925532789202407
-0.009819689320283941
-0.00985275655548321
-0.009923593296844047
-0.00989883446600288
-0.009985975583549588
-0.010002564497699495
-0.009881274760118686
-0.009888060647062958
-0.00993899672612315
-0.009857782456674614
-0.00981939774210332
-0.00983253910089843
-0.009859459874860477
-0.00982248278305633
-0.009919744366197848
-0.009941154677653686
-0.009757069720944856
-0.009775663061009254
-0.009881305761518888
-0.009876298301969655
-0.009802976177888922
-0.009769703993515576
-0.009927955828607083
-0.008988491384661757
-0.009952061419608072
-0.009890250848548022
-0.009892822509573306
-0.00988934230117593
-0.00985490954190027
-0.009884909387619701
-0.010039871754997876
-0.009767359767283778
-0.009856978555035312
-0.009888142909039744
-0.009988976881140843
-0.00994406854006229
-0.008680478837050032
-0.009956832688476424
-0.009792764254962094
-0.009766801101795864
-0.00988413000741275
-0.009822622356296051
-0.0100360845492105
-0.009753209627524484
-0.009934016094484832
-0.009834856379893609
-0.009897872859437485
-0.00985377561300993
-0.00985013538011117
-0.009974691267416347
-0.009890159784117714
-0.009821382694644854
-0.009928000775107648
-0.009918468361138365
-0.009889228918473237
-0.009829074746812693
-0.009917624107038137
-0.009899183906964027
-0.009845823256182485
-0.009957939086598344
-0.010012538530281745
-0.009900802052288781
-0.009893734462093563
-0.00979646103369305
-0.009839963358535897
-0.009957235715410207
-0.00996415127738146
-0.009957677384954877
-0.009872307821933646
-0.009953922119166236
-0.009781915569328703
-0.009998733301472384
-0.009959962700668257
-0.009927076876920182
-0.009965989757620263
-0.009926003350119571
-0.009972547568031587
-0.009883053386874962
-0.009036443154036533
-0.009950866535655222
-0.009915642872510944
-0.009717959971749224
-0.009890269071911461
-0.00989094294491224
-0.009800517074472737
-0.010014954653161112
-0.009937847618130036
-0.009909205613075756
-0.009868023885064758
-0.009875360602745787
-0.009872702590655535
-0.009793241048464551
-0.009829399218142498
-0.009818615607218816
-0.009885284650954418
-0.009839679990545847
-0.009965250411187298
-0.009806716318416875
-0.009921922809735407
-0.00977632943977369
-0.00986621606280096
-0.009887533159053418
-0.009959089865151326
-0.009875514812301844
-0.009891628922196105
-0.009945920208701864
-0.009993642548215576
-0.009867906649014912
-0.009794911596691236
-0.01005904756457312
-0.009758399974089116
-0.009779217318282463
-0.009784445817058441
-0.00982523995480733
-0.009903657824906986
-0.009910170681541786
-0.009792647481663152
-0.009930795103718993
-0.009913465802674182
-0.009822688373969869
-0.009939343988662586
-0.009756947780260816
-0.009949659535777755
-0.009870869298174512
-0.009776261272781995
-0.00989263074734481
-0.009951160568743945
-0.009837434979272076
-0.009876921301474795
-0.009818501707923134
-0.009867448915611022
-0.009842480286897626
-0.009854874580923934
-0.009993369907897431
-0.009928999943076633
-0.009776320183300413
-0.009874329462763853
-0.00989538444991922
-0.010031944808724802
-0.009827718937594909
-0.009740480199980084
-0.009895177010912448
-0.009841677820077166
-0.009836703051405493
-0.00988974189531291
-0.009869400107709226
-0.010034274912322871
-0.009894283379253466
-0.009915024993824772
-0.010017361234349664
-0.009946342524199282
-0.009889557892165612
-0.009714672794507351
-0.009911250876029953
-0.009914938657311722
-0.009829257882665842
-0.009707387899106834
-0.009860831416153815
-0.009774068936530966
-0.00987573239399353
-0.009882242656021844
-0.009748603891057427
-0.009931489509472157
-0.009891809697728604
-0.009864518578979187
-0.00991821521311067
-0.009894993070338387
-0.009978486370528117
-0.00991176312090829
-0.009898002732370514
-0.009797285907552578
-0.00999780958663905
-0.009996399233932607
-0.009895866642182227
-0.00983249001437798
-0.00993880380410701
-0.009830196051916573
-0.009974631496879738
-0.009964677975222002
-0.009876473517215345
-0.009932148185907864
-0.009954423511226195
-0.00980009159684414
-0.01000013562879758
-0.00989438711112598
-0.00997797595191514
-0.009869969096325804
-0.009997638173808809
-0.009942715989018325
-0.009943827526876703
-0.00982174083183054
-0.009881778560520615
-0.009901258283935021
-0.009967381840397138
-0.010003482781758066
-0.009903667913749813
-0.00998159391747322
-0.009898606169736012
-0.00981392426037928
-0.009931242479069624
-0.00993957411556039
-0.010055587135138922
-0.009916152647929267
-0.009972330057644285
-0.00989802457334008
-0.009808828974200878
-0.009910905599826946
-0.010017462621908635
-0.009897907232516445
-0.010010978729405906
-0.009848877554759383
-0.00985743523488054
-0.009911133925197647
-0.009887558360060212
-0.009923691388394218
-0.009889027674216778
-0.009946181693521794
-0.009976246126461774
-0.010030921157158446
-0.010020426865958143
-0.009974928954034113
-0.009939508048410062
-0.00990347296319669
-0.00984905062650796
-0.009947816660860554
-0.009832950864802115
-0.010025752370711415
-0.010038481015362777
-0.009964994806796312
-0.010135706343862693
-0.009999913997307885
-0.010021839784167241
-0.01009232580108801
-0.0100135690998286
-0.00999888168007601
-0.010033338697394357
-0.009897087313584052
-0.00995192756963661
-0.010135749157052487
-0.009944534477835987
-0.010125449221231975
-0.009938802222313825
-0.01015931936854031
-0.01007060814736178
-0.009918448183452711
-0.010057271603727713
-0.010002857627114281
-0.009947427886072547
-0.009959931870980654
-0.010034086545056197
-0.010107303518452682
-0.009972016386745964
-0.009990649578685406
-0.010133749156375415
-0.009990222741907927
-0.010178550537966657
-0.010029558684618679
-0.010036702152865474
-0.009959729955880903
-0.009938830156170298
-0.009981647218228317
-0.010104343586135656
-0.009988217808131594
-0.01003776938887313
-0.010026735313294921
-0.009923801757395267
-0.010045777703635395
-0.010072507162112743
-0.009951937348523643
-0.010089487949153408
-0.009956401601084509
-0.009953535720705986
-0.009907742142968346
-0.00991611442877911
-0.009977143871947192
-0.01001301416545175
-0.010052421882573982
-0.010072392746224068
-0.009991672796604689
-0.010061812307685613
-0.00989368880254915
-0.009946199352270924
-0.009896065770590212
-0.010140037826204207
-0.010084442958759609
-0.009990183511399664
-0.009991882578469813
