1.0510165070649236
0.3007826970424503
0.1880038478411734
0.13687692530220374
0.09924832481192425
0.07879992228699848
0.06094985984964296
0.05969207733287476
0.04144917332741897
0.031420442360104064
0.02742414993408602
0.022789330732484812
0.020445535126054893
0.018757083294622133
0.01762601291993633
0.01673911837278865
0.014614477069699205
0.015286221595306414
0.022233097977004946
0.011602815503647435
0.011113215679506539
0.010149926965095802
0.013296330612502062
0.009241644277062732
0.009081117703317432
0.00811152775240771
0.006637980586128833
0.009959804298159725
0.006605264274003275
0.007389429276372539
0.008438906014634994
0.006905768503565923
0.007108858611718461
0.006556701646695728
0.00869759923662059
0.0054978544980258445
0.006032192335987929
0.006407406639846158
0.006038802627153927
0.006149869327964552
0.005938075754056626
0.005811853800514655
0.005873674713438959
0.006071887918733409
0.005692604031901282
0.005587158315211127
0.005585143970893114
0.006140935203438858
0.005613030456333945
0.005095466343664157
0.005572851295983128
0.005643211690221505
0.006983810689962411
0.0052127414719507215
0.0050561573454615425
0.0054445241425128185
0.005399912124812545
0.004961546863432887
0.005427586760924896
0.00523998558655876
0.0051358423406782094
0.005119660185664543
0.005426986736893014
0.005226593022416637
0.005643232770307804
0.004847009112927481
0.004803653043381928
0.004781963158711733
0.005102061404704728
0.004897551645262866
0.005066758134671545
0.005036761793780898
0.004897409411569242
0.004962780440291681
0.004935469643351098
0.0047568905602020095
0.005249758373975055
0.0047374731650052125
0.0046662136282066054
0.004600304263021826
0.00486143644702679
0.004832700468068651
0.0048105880168805015
0.005083634508446266
0.004688730813177245
0.004836001834155468
0.005070307133701135
0.005397532052120369
0.0067764970826829085
0.004926863804939785
0.004771665195130481
0.004756930067924259
0.00470793934628091
0.004942143891912565
0.004858582477663731
0.004830800471609109
0.005202455375001591
0.006051392030713032
0.005430037576297763
0.004733396870142315
0.004827419116827514
0.005168045603113569
0.004833538494040113
0.005395735353431519
0.004880474810124724
0.004858342173974961
0.004927750803017261
0.005401428434197442
0.005062335249385796
0.0057032066854844745
0.005028233805205673
0.005046036968724366
0.005538950453774305
0.005185951309522352
0.004832280840309977
0.0048346232958465405
0.005220145978000801
0.004797255273933843
0.005202916095549881
0.006195934386960289
0.0047506158683518155
0.005661839778258582
0.005039774232682248
0.005064126883280551
0.005870355940351147
0.004963643823884922
0.005782179489506234
0.005524218504069723
0.005391670730477927
0.004860091836053471
0.004994751930280472
0.0052744133543455975
0.0050846943444412315
0.004969948299640236
0.004909399055122776
0.004768297664668353
0.0051209857042067595
0.0044691150470498545
0.004677570343028492
0.004609125144997961
0.004913398928783863
0.004631871851051983
0.004652503578199685
0.004737320067124529
0.004914103552528104
0.004678648751996662
0.004689864990268688
0.004856644692608825
0.005003920816398022
0.0050017177181871375
0.004998946948217053
0.005017147535454569
0.005179810711433674
0.004731127279956127
0.00470920072766603
0.004965616838126153
0.004645965823056031
0.004944136417725531
0.004871587360230478
0.004970663512494866
0.004341759722228744
0.004668104722168209
0.004676086246672639
0.004906190192468784
0.00488128061997486
0.004610322434382396
0.00493898127851935
0.004702331641692581
0.004783425926143536
0.00455939952744302
0.004716088899749593
0.004707091057116486
0.004434655136356014
0.004295453551549144
0.004488429247339809
0.004515965455811966
0.004863422211474244
0.004832396223082469
0.004621202419639303
0.0045965547258219885
0.0047594892312190495
0.004787784071868373
0.004746373498801404
0.004525938130882423
0.004737266197662393
0.0046417298595770266
0.0043761085288224425
0.004368216462080454
0.004621427486563334
0.0043956859986792555
0.004359788286274124
0.004448671651152836
0.005125511056758114
0.004298845686753339
0.004288261663532467
0.0045051812364363284
0.004311350049738394
0.004586922768248769
0.004342427102983493
0.004518131282793547
0.0043074377276298035
0.004960076817133086
0.004189890713132627
0.004693939493608923
0.004784712738728558
0.004365573563882208
0.0043484061227900385
0.004231815217826807
0.004701870827102539
0.004481904001795556
0.004198685450228367
0.004392815738810896
0.004035996426682687
0.004251507200160631
0.004242800103611444
0.004261524462253874
0.0042702910774551125
0.004107166113499261
0.00425996475487409
0.004170234338243972
0.004299261723417658
0.004132472389392206
0.00408607153876801
0.004143267301788001
0.004170750213688734
0.004029929786156572
0.004127710007423957
0.004498670898101409
0.004194109649506572
0.004223245097682593
0.0041324991674628105
0.003991223929097032
0.0040679439197901955
0.004032988907601976
0.004110788234174834
0.004128494939732263
0.004218946843184313
0.004177816535047896
0.0040260993377160045
0.004162095134233823
0.003973572599261388
0.004066422154437532
0.004101527643706504
0.004101018348683283
0.004105068604258122
0.0041558887396604405
0.004103225213521
0.004196670181863737
0.004088946017827766
0.004152098798613224
0.004171701977156772
0.004136043228936614
0.004094006532659478
0.004075069223745231
0.003994427576117232
0.004193227193991333
0.004084733109948502
0.004129797963196324
0.004136477686779471
0.004040816974293193
0.004086572393316601
0.0041493245593756
0.00405221798769162
0.004049348167882272
0.004175430960367521
0.004061936064590555
0.004131161244367831
0.00418437825642286
0.004058059537601366
0.004098603474994888
0.004091178800035777
0.004157158070120204
0.0040874185674510954
0.0041395889489649566
0.004095482466482281
0.004040784295557387
0.004002602536138511
0.004114796552221378
0.003980325854263356
0.004149149071645297
0.004028034772272804
0.0040471640707437475
0.004043930388343142
0.0039733872379201784
0.004095042400695093
0.004092136007056979
0.004070121017321071
0.004007968974474352
0.003961482554177565
0.003995556694553671
0.003978456436789202
0.004168144509640115
0.004064458233960977
0.00393330522792894
0.003944403874265845
0.004110503698257162
0.003891938999277045
0.003952268886860111
0.004000827263826068
0.003995223627998712
0.003976297741746748
0.004001853741738159
0.004055636021621467
0.003917927282441269
0.003991558820098362
0.004130447588931929
0.003886403684236939
0.004028523712099741
0.0039115430930451115
0.003915446531527778
0.003925232948540724
0.004003131981926344
0.003945569626239376
0.004040487928341463
0.003951687853486874
0.003924250644013227
0.004044376961428497
0.003964988038069351
0.003862990536390498
0.0040179864588481
0.003966490574930504
0.003929665507985192
0.003981517145484758
0.004002175480627557
0.003979805816834414
0.003985116434932934
0.004017728090320816
0.0039076779844435805
0.00396100576790559
0.00398465681282687
0.004101792627034228
0.0039283507007439765
0.003915750841133559
0.004027792949773357
0.003983751150144599
0.00391602541053544
0.005015185375395958
0.0039165430007415125
0.003928183831794741
0.0038602354833983553
0.003973189305088454
0.003906388973746289
0.0039658078821048545
0.00378945938182369
0.004015586154446282
0.003954927800305086
0.003922890987087158
0.0038528506349848612
0.0039025495544137813
0.005419888094138514
0.003901636346381565
0.003912573060961222
0.003998882699124806
0.003911748377549884
0.003988748197480163
0.0038720161790024576
0.003992129779771858
0.0038560462610348623
0.004002253001499412
0.003907386406672231
0.0038666720002311196
0.0039722334108319044
0.0038750226185129575
0.003933850863131738
0.0039541299201118815
0.00395310650283136
0.0038841861119635725
0.0038824041328098247
0.0039796192743324355
0.0039035780837821223
0.003947930012509459
0.003950367337301941
0.003927709184290506
0.003870524284093335
0.003900417779959753
0.003920521984991865
0.0039496311018410776
0.003958962160641022
0.0038810291373920338
0.00392639317387875
0.0038452467557817727
0.003950901125790551
0.0038648033956633298
0.004027270758206214
0.003805443056353397
0.0038713512780304883
0.003919826817718785
0.003882460855993486
0.0038608695558195903
0.0039099021402762444
0.003909532885290901
0.004951588468884438
0.0039001001382075627
0.003788655093876514
0.004099636428145459
0.0038981161660558428
0.0038957777667746997
0.003956026894002207
0.00376346450143501
0.0038782983313012664
0.003881197247210366
0.003852755583693579
0.0039214412071487455
0.003899580181496276
0.003934118712822965
0.003941054607230399
0.003930706667529193
0.0038996774351744536
0.003889280118801253
0.003847079163415401
0.00392386684061421
0.0038942029722875303
0.004043110720340337
0.003913972517557341
0.00386908432024029
0.003829372954305654
0.003912794143298015
0.0038274864460163373
0.0038950090913203892
0.0038652522255233634
0.0039315070410339105
0.003892485518235844
0.003807164141517205
0.004003510231314067
0.0038831974728054776
0.0039598940121322816
0.003942959544019686
0.003886062230139942
0.0038388407602269583
0.0038603081237397418
0.003858077966356177
0.003843332709493552
0.0038851567403071384
0.003875379497139875
0.003965203571624443
0.00381694787070046
0.003876916742319736
0.003950481362608116
0.0038235337070545937
0.0038019563494344766
0.0038733058800971775
0.00390016264195765
0.0038635149151104997
0.003871020836595562
0.003881788687840526
0.003832434487549108
0.0038805565091479368
0.0037943344847917613
0.003945033327408964
0.0038342642088991853
0.003937086403220746
0.003714212390786997
0.0038994572327283096
0.00390675090327477
0.0037977943534315273
0.003884314452579929
0.003858746966284343
0.00386482241729027
0.0038851835570312687
0.003830898962246465
0.0038797086125669012
0.003800558558123157
0.0038607443484579562
0.003906388284940476
0.003856800346829914
0.003982493461762715
0.0038573363601244635
0.003860403594444506
0.003883925548871048
0.003924643443497189
0.0038557166863483873
0.003920241551850267
0.003851982552669142
0.0038085688633145765
0.003955358275311483
0.0038294546363431435
0.0038719107561973943
0.0038437386317127674
0.0038954565512995033
0.0038684398374243755
0.00386465130814031
0.0038732914373667882
0.004035221665708378
0.003895429121757843
0.0038240039747051923
0.003803442897105924
0.0038716561369255944
0.003927793106913669
0.0038407226646540948
0.003924592768589719
0.003826116422624182
0.003808225476041116
0.003852612775335729
0.0038501214055486344
0.003830687505660535
0.0039444730257855555
0.003774283945676871
0.003909817283056327
0.0038486405444700723
0.0038484279991052974
0.0038331987449055304
0.0038362164588761514
0.0038418183999510804
0.003926506002244423
0.00391286642434352
0.003910046666169365
0.0038874464190485013
0.003828043032035566
0.003876102421008909
0.0038220242404804596
0.003853422980637333
0.003914222643425091
0.0038152930261730945
0.0038677443745200437
0.003834550032433981
0.0038513549192884964
0.003832823483389802
0.003857281123418943
0.003918688878729881
0.0038471827037938056
0.0038334836262038153
0.0038404221881137347
0.003895236809967173
0.003914133296939326
0.003925500922150604
0.003811894890259282
0.00388140065956577
0.0038524341664242455
0.0038440037335931267
0.003796371947009902
0.003869743074301368
0.0038111729166303123
0.0038203950602110127
0.003869877403803912
0.0038448717897153982
0.003849267493978914
0.0038759792231758184
0.0038476541908949004
0.003921035983557886
0.0037279754777955532
0.0038063990392856796
0.0038569028256461024
0.0038285739208276937
0.003871399019544697
0.0038580921980155836
0.003809497978318177
0.0038400162862672004
0.0038040088418256346
0.0037668131708414876
0.00392746928860106
0.003840153778764943
0.0037988976586348145
0.003947977941652425
0.0037355019439928583
0.003920676006669055
0.0037937282389975736
0.0038168755788774433
0.003875781650231147
0.0038331521585860174
0.0038655997148453027
0.003833493031788748
0.0038663685641949995
0.0038345270905210784
0.003776727597505669
0.003942304056181456
0.003885227570344796
0.003754308802308515
0.0038919658465601968
0.003828508604874514
0.0038168523491549423
0.003831236904443358
0.003846877070282062
0.003825760705603898
0.0038471096147759455
0.003771840102672286
0.003861740271167946
0.0038480047920529613
0.0037863010408273113
0.0038991518825241657
0.003722302716141712
0.003828337709501284
0.0038716325904943004
0.0037849981613817365
0.0038072637308005143
0.0038272849636086905
0.0038457795219528634
0.003865969283197046
0.003769566997516449
0.0038118541785934212
0.003801531815565795
0.003795433209734256
0.0038162369445217336
0.003788245659779932
0.0038513322478138435
0.003883771342225373
0.0038874481639595616
0.0037951012092889867
0.0038216397396354297
0.0037997719246959604
0.0038271394415914984
