-0.0012206735601768195
-0.0014107358936312237
-0.0017511977598846165
-0.0018049356175595499
-0.0015587964114545812
-0.0019602064362504294
-0.0014845466390562723
-0.001784579080138351
-0.001740923571441691
-0.0015850134181109338
-0.001833745667540989
-0.0015740737626788153
-0.0014792832987736732
-0.0017099529029938655
-0.0014284880951552295
-0.0015433455589210555
-0.0016099524024000777
-0.0014677067415067705
-0.0015291107006630057
-0.0014528419967675733
-0.0014103486597447118
-0.0015454234597311284
-0.0013865101220389697
-0.0012895005008678267
-0.00124923352207556
-0.0011292633809343532
-0.0012613868085518697
-0.0011854114307272624
-0.0011169707830162203
-0.0012323952054475577
-0.00106705962699572
-0.0010435120630070017
-0.0009480445503133774
-0.001004850734360785
-0.0009059813170332221
-0.0008472694385174
-0.0008161537136200565
-0.0008443012571237564
-0.0007843373620434288
-0.0008486612944827464
-0.000773663892074454
-0.0007636840703353174
-0.0007996100344892746
-0.0008301314467087636
-0.0006412288086948478
-0.0007383782099952107
-0.0006883014834568147
-0.0007248228542089882
-0.0007188545765602382
-0.000740278915215778
-0.0006722659089410659
-0.0006875212554597318
-0.0007734263092211569
-0.0006714873206982698
-0.0006793285589202413
-0.0006498820204141748
-0.0006239015258305014
-0.0006009977969016908
-0.000646199474520602
-0.0007538721290433336
-0.0006350550983357072
-0.0006650593059145081
-0.0007489747456598736
-0.0006273295680798413
-0.0006281297773999443
-0.0005663966923621408
-0.0006218939298876708
-0.0006665477700728073
-0.0006991604349085093
-0.0005163040195412125
-0.0005789219356159732
-0.0006499036474829079
-0.0005945965077549922
-0.0005305336900848145
-0.0006761950290527324
-0.000619854452803046
-0.0006524432280200339
-0.0006475900108061721
-0.0006210640274402921
-0.0005504929239020156
-0.000539421467920394
-0.0007029318507706578
-0.000704566088826934
-0.0005342316676216943
-0.0006658356670934236
-0.0006048720418896295
-0.0006083648923667958
-0.0005900878411163012
-0.000757523953022173
-0.0006806537846879874
-0.0006897289771560025
-0.0005715470401104689
-0.0005287475436406702
-0.0007014847491547294
-0.000583767368655691
-0.0005419951005290058
-0.0006852599425535288
-0.000605291244399958
-0.000518739986285726
-0.0006803842058952653
-0.0006580417022121338
-0.0006848630722426481
-0.000734785643526812
-0.0005233300571220511
-0.0007137076116352066
-0.0006658531222788575
-0.00046936477018772236
-0.0006102646841702044
-0.0006229941667758143
-0.0006071638965858966
-0.0006743198736998279
-0.000670461731808375
-0.0005810017335477508
-0.0005659611566912004
-0.0006285634928754127
-0.0006381211679930977
-0.0006343781052994046
-0.0005663255492197108
-0.0005680138956371233
-0.0005585794419272732
-0.000592244746069355
-0.0007314910013976883
-0.0005553302195268082
-0.0005441867526996679
-0.0007250000376669327
-0.0005438843144327549
-0.0008731320269174493
-0.0006582034815440462
-0.0006534215151491045
-0.0005934266659582599
-0.0005355169271449502
-0.0006187517651130858
-0.0005475156398664485
-0.0005915566674243283
-0.0005464298532198283
-0.0006368673038130844
-0.0005261640891100191
-0.0007088450698821064
-0.0005350878376294804
-0.0005650229809286242
-0.0005788315793675777
-0.0005919644120083945
-0.0006454818377563343
-0.0006885284624912599
-0.0005785987937846459
-0.00047223845276987003
-0.0005504688404413579
-0.0005801914922382974
-0.0007359455154195488
-0.000657142512286768
-0.000678196224892947
-0.0005960688151714248
-0.0006852695860485516
-0.0005757125910059592
-0.0005870685733889152
-0.0006210060375517925
-0.00047569997080962464
-0.00048639753141324903
-0.0004703107563860151
-0.0005947331884536639
-0.0005757812572584648
-0.0006415858982041555
-0.0005358655876626012
-0.0005789138690825847
-0.0006051350114536739
-0.0004857367734587115
-0.0005138283905412405
-0.00046724810308215877
-0.0005052927618398231
-0.00044512100100807387
-0.0005411775867250904
-0.0005308085985780226
-0.000534169895420138
-0.0005183856440385007
-0.0005189785657638977
-0.0006106032911096327
-0.0006554941922554084
-0.0005642044374935679
-0.0005255275749869073
-0.0005020083340968636
-0.0006590279578842131
-0.0005971094744544742
-0.0004998742648229787
-0.000466678854817211
-0.0005274071391942914
-0.0006012991951433722
-0.0006942776074813195
-0.0005569394907477211
-0.0005897635555405102
-0.0006319034861589128
-0.0005468763590195554
-0.0005266155740835971
-0.0004654112710999497
-0.0005093122268863337
-0.0005506661782945204
-0.0005397415321075655
-0.0005078326925851273
-0.000515499906604213
-0.00047197941389735197
-0.00047427391225976013
-0.0005166943411912276
-0.0006048142066963136
-0.00047313948696741
-0.00048427675200033435
-0.0005071388965324261
-0.00043368595661507774
-0.00046122394189850003
-0.00048429838827579176
-0.00047834053997194634
-0.0005068969468114304
-0.0004890482234819242
-0.0004998691295275311
-0.0005649172762638207
-0.0003760714523544734
-0.0005325562828783003
-0.0005585520231144036
-0.0005836424610783486
-0.0005228202256995843
-0.0006131720246584732
-0.00044332894508839935
-0.0005329548273606197
-0.0005274628242268001
-0.0004988988669384725
-0.000544917399226108
-0.00044459243199326814
-0.0007187102260347189
-0.0005421367700729828
-0.0006178520568387053
-0.0006447455999892728
-0.0005249208916076817
-0.0005043440745938399
-0.0005198504503981516
-0.0005522520104634693
-0.0004163087546303429
-0.00046685219631597776
-0.0006955243657195042
-0.0006550695917270898
-0.0006409174364381834
-0.0005876778675431148
-0.0005229920261020551
-0.000595190406550043
-0.0006230612747247885
-0.00044276111772390616
-0.0005270932585764339
-0.0005768588778113737
-0.0005775153902746411
-0.0005167784900081558
-0.0005822141128354358
-0.0004409467814446608
-0.0005110094118124719
-0.000474686809495508
-0.0005795892732973146
-0.00046311414457391316
-0.0005379063065017939
-0.0005131507525925595
-0.0005511399680381473
-0.0005146420582378887
-0.0004669721826514782
-0.00044466157320781076
-0.0005295757266010011
-0.0004303617570277175
-0.0005513846486607299
-0.0004726827198740416
-0.000530694304719349
-0.0004512331677973609
-0.0004937842736846235
-0.0004621284204014489
-0.000519933618227552
-0.000528077174264701
-0.000534137789319249
-0.00044236729287685795
-0.0005070855466571579
-0.00045206553834010283
-0.0004896440597172029
-0.00042690905060645615
-0.0004911742309176993
-0.0004736118870486819
-0.00045691495383490407
-0.0004473646850946561
-0.0005723176844179371
-0.0005330017680929514
-0.0005938703503843318
-0.0006214076036158367
-0.0005117751617024279
-0.0004726076332066904
-0.0005558313433262241
-0.0004697139764406839
-0.0005966460170628709
-0.0004810816176129617
-0.0004397665057358214
-0.0004943144581220256
-0.0006131691508439091
-0.0005761542412920796
-0.00044897177098988825
-0.0006771198441329236
-0.0005201024304023222
-0.00043474698167757925
-0.00048147709465862497
-0.00042047915736459946
-0.0004898435249410006
-0.0005530894195274978
-0.00045825220212041896
-0.0006282740326502289
-0.0005365731733572784
-0.0006243393152776232
-0.0004570590703757949
-0.000497625927438218
-0.000456746512074494
-0.0006032830074789621
-0.0005165879196532469
-0.0005217194407802723
-0.0006118915471142745
-0.0005018479818968621
-0.00048550518334800725
-0.00042329641479798457
-0.0004663856875833999
-0.0005612563641232682
-0.0005632793672864922
-0.00047643399415666363
-0.0005217646249903798
-0.00048338295361804106
-0.0005044180619132351
-0.0004742002175154225
-0.0004601487183679365
-0.0004440459790064001
-0.00048642105729823084
-0.0004831512149854306
-0.00047630077330114705
-0.000556060578905715
-0.000404260945671351
-0.0005420664628133724
-0.00047422073816853484
-0.000442719910778408
-0.0004867559316133918
-0.0004106451948190367
-0.0005074753309147071
-0.000672560817457455
-0.0005298561720384363
-0.00048465794003838827
-0.00040992699734546215
-0.0005183843384816839
-0.0004051724472722654
-0.0004993051162527253
-0.00048163942846528584
-0.00043288773784954797
-0.00045396584790872025
-0.0004659894767366529
-0.00048737744062830326
-0.0005000025517285367
-0.0007784278959353394
-0.0005487516939150904
-0.0003789371667094858
-0.00042435779885383886
-0.0004657395894827342
-0.0004842206216932282
-0.0005880752363294189
-0.0004172654690510591
-0.0004477740215453968
-0.0005074182975260494
-0.0004796285525594668
-0.0003825595998643294
-0.0004741153736246062
-0.0004975338305268507
-0.0004776416741738551
-0.00043478838893037713
-0.0005618811283180924
-0.0004802144614796611
-0.0004419078488393669
-0.0004713375569979306
-0.0004864352709361856
-0.0005168034820434361
-0.0004699565544634729
-0.0005558153552544506
-0.0005478663909995818
-0.00046366241917710876
-0.00047454273594747245
-0.00040162788084788513
-0.00045802953718864436
-0.00048820272763965277
-0.0005463849298723844
-0.0004532570667559646
-0.0004739171696611005
-0.0004676582274829033
-0.00046221958591875637
-0.0004485572932949114
-0.00047462174367847237
-0.000489530479944314
-0.000489429346690844
-0.0004342401702406521
-0.0005338222936369403
-0.00044182681589906433
-0.000650744030930879
-0.0005340584558664902
-0.00037264958257463563
-0.0004908039820606114
-0.0004641640938695318
-0.00045462367830703676
-0.00042648225970485647
-0.00044967413995108534
-0.0004873750011647936
-0.000471671381543444
-0.0003895461936355496
-0.0004607916725118982
-0.0004380598574279984
-0.00039805086181959675
-0.00045188179003784467
-0.00042842863410272466
-0.0004554748437562605
-0.0003958656995895496
-0.0004674413510760464
-0.00039076007638507435
-0.0004784767529882654
-0.0004906297689560816
-0.00044399627167198834
-0.00041893501847892753
-0.00045716612817713693
-0.00045615420205494353
-0.00039420814612133314
-0.0005177627455786648
-0.0005447737969382957
-0.00048621496561273344
-0.0003703947302829545
-0.000558874489791357
-0.0004543186699361112
-0.00034286329838616734
-0.0004230941158167863
-0.00044119906406306017
-0.0004758261595185501
-0.00043455806827131
-0.000340364220189128
-0.0004767597250687261
-0.00043101139743329935
-0.0003789738823175702
-0.000489141534326129
-0.0004035200388379262
-0.0004508683625849483
-0.0004266402289023807
-0.0004003253098330417
-0.0003879035806238166
-0.000428845317655362
-0.00038051859537005745
-0.0004597571259861755
-0.00035653570462189854
-0.00041756934860636005
-0.000402209621283469
-0.0003526139443234523
-0.0005553733368186842
-0.0004132750077161934
-0.0004092887768303067
-0.00040586523213608644
-0.0005369584638226365
-0.00045297806019595834
-0.0004239387780407472
-0.00035145243491368843
-0.0003943959040191436
-0.0004149921685312211
-0.0003754560556463132
-0.0004332814820844505
-0.00042830084263211914
-0.0005485526129139675
-0.00046258644354678705
-0.00039560364081113046
-0.0005579309325107792
-0.0005448082185039848
-0.0004524602909046366
-0.00040618880086972094
-0.00047881663012190183
-0.00047764470339987236
-0.00041070474761350644
-0.0003349388721267953
-0.0004201615204424275
-0.00038675177840417793
-0.00041944904662297167
-0.0003874610854660487
-0.0003835107302809365
-0.00043571037971877684
-0.0004382105888603915
-0.000381404222816871
-0.00048169203811852687
-0.0004279152970376607
-0.000497607057045657
-0.0004413297295294017
-0.0005943288442883208
-0.0003430005475868497
-0.00048061098265660894
-0.00044315004812495726
-0.0004108232082238594
-0.0004167650341133658
-0.0004392796001450105
-0.000416696698771416
-0.0004786994662902156
-0.00043135319699651176
-0.00038226376162812383
-0.0004360428733568948
-0.0004465210579863925
-0.00039917745769037645
-0.00043186473360076196
-0.000463261929767167
-0.00048253892258160233
-0.00038661812755019234
-0.0004993775934452182
-0.00044452735262595964
-0.00044383798707016534
-0.0004035577366318089
-0.0004307302186767604
-0.0004457783732486986
-0.00048280732978735614
-0.0004563032063233628
-0.00041761120046130557
-0.000431850436538932
-0.00038069967574226734
-0.00036738244098003886
-0.00039075676751528096
-0.00045220422836334884
-0.0005324673462976812
-0.0004180319784443692
-0.00046539180146485114
-0.0004074850217800234
-0.0003778969521471465
-0.00039555956894915463
-0.0004967959760197316
-0.0003976430904005589
-0.0005698624708296379
-0.0004378007932455852
-0.0004459210276907766
-0.00039394599044548646
-0.00044108703847222026
-0.0004420856931937452
-0.00039241630082716416
-0.00039669133036334574
-0.0004902068342672726
-0.0004831734794003853
-0.00047601714127594897
-0.00048037108939409515
-0.00041975328357679587
-0.0003953821412267189
-0.0003503415874265961
-0.00042563601172857445
-0.00038233128402181683
-0.000368645714147136
-0.0004490278135362333
-0.00043311253320924074
-0.0005630477254564344
-0.0004633080629680958
-0.000465834600958475
-0.000496984687796366
-0.00046128699346306977
-0.0004141989512984223
-0.00041446845230335984
-0.0004318970234347297
-0.0003896931821407261
-0.0005255803301077656
-0.0004873901391669967
-0.0004624001258094881
-0.00045160253409748315
-0.00054905380996354
-0.0004911540023383391
-0.00038755391603324254
-0.0004690631596120827
-0.00045110297710764907
-0.00036755275967160356
-0.0004094729312651054
-0.00045865003515954824
-0.00047529962198434027
-0.000505693641434698
-0.00046150496000746876
-0.0004783327460042702
-0.0004871460285876636
-0.0006077921014191155
-0.00044480423387559324
-0.0004699168018888145
-0.00041188395665784033
-0.0003572911867832956
-0.000433888511980236
-0.0004867376579271249
-0.0004585305168396732
-0.0004982211121467985
-0.0004331804709651756
-0.00045402008509414226
-0.0004026260547261929
-0.0005253629479695804
-0.0004412098324815594
-0.00050417655371362
-0.0003831717204973273
-0.000406285683868618
-0.00038118278226555445
-0.00040687397748920967
-0.0003679268925688817
-0.0004382197628741161
-0.00047378295746733774
-0.00048354058541257955
-0.00041777121540933354
-0.0004618662681556829
-0.00034561674427253524
-0.00041929484566931156
-0.0003964827639127186
-0.0005448227166680003
-0.0005134338117098452
-0.0003991767697661755
-0.0004237378457776001
