-0.013652034546248614
-0.013529222752549686
-0.01342291887558531
-0.013325025636004285
-0.013224351251847111
-0.01310032379697077
-0.013005771825555712
-0.01288321334286593
-0.012767507706303149
-0.012676515500061214
-0.012542317443876527
-0.01245434210577514
-0.012360189514583907
-0.012272589231724852
-0.012175129968090915
-0.012102420383598655
-0.012041701847920194
-0.011981067675515078
-0.011924708835431374
-0.0118550046288874
-0.011827804931090213
-0.01180604777764529
-0.01177913800929673
-0.011724397604120895
-0.011663027084432542
-0.011650952431955375
-0.011626378327491693
-0.011593910178635269
-0.011572743736905977
-0.011562791492906399
-0.011549809738062322
-0.011515044447151013
-0.011527082332759165
-0.01155810836935416
-0.011557601735694334
-0.011578504514181987
-0.011602380184922368
-0.01162587160943076
-0.011663523988681845
-0.011706290746224113
-0.011721433541970328
-0.011755593851557933
-0.011779766232939437
-0.01183079029142391
-0.011863414591061883
-0.011896084228646941
-0.011941497883526608
-0.011982943868497386
-0.012029446405358612
-0.012080805224832148
-0.012133543731761166
-0.012172081897733732
-0.012192609946941957
-0.012252126773819327
-0.012335804128088056
-0.012361537176184356
-0.012404902701382526
-0.012447706557577477
-0.012497260217787697
-0.012534471222897992
-0.012585891751223243
-0.012619626591913402
-0.012651168805314228
-0.012692350029828959
-0.012717238499317319
-0.012766808399464934
-0.012819192084134557
-0.012835817178711295
-0.012852635857416316
-0.012886012851959094
-0.01293574077426456
-0.01296811389620416
-0.012998830626020207
-0.013024083789787255
-0.013063816359499469
-0.013066574968979694
-0.013086573855252937
-0.013115060309064574
-0.013149200211046264
-0.013164902973221615
-0.013176842234679497
-0.013192379457177595
-0.013204017028328963
-0.01320493478269782
-0.013218977506039665
-0.013232025745674036
-0.01324410869856365
-0.013261289993533865
-0.013231449504382908
-0.013217226348933764
-0.013235659472411499
-0.013250144539051689
-0.013259793221368454
-0.013280256307916715
-0.0132845346321119
-0.013291094757732935
-0.013289894114132039
-0.013291830322123133
-0.013314745193929412
-0.01333600196230691
-0.013356768368976191
-0.01334743201150559
-0.013335344995721244
-0.01332967444031965
-0.013315152580616996
-0.01330900943139568
-0.013311200021416881
-0.013329497122322209
-0.013328130706213415
-0.013339960653684101
-0.013338155683595688
-0.013349227429716847
-0.013355264224810526
-0.013371330869267695
-0.013388324787956662
-0.013400146822095848
-0.013398803339805454
-0.013398768421029671
-0.01339253096957691
-0.013385487371124327
-0.013374466722598299
-0.013386465012445115
-0.013385698170168325
-0.013380498767946846
-0.013366239130846225
-0.013367408610065468
-0.013356826597009786
-0.013347536415676587
-0.013352592688170262
-0.01337731967214495
-0.013376730217714794
-0.013376894447719678
-0.013372451608302072
-0.013379503946634941
-0.013374552904861049
-0.013370049573131837
-0.013364352230564692
-0.013353586400626227
-0.013362005472299644
-0.013365256990073248
-0.013359637258690781
-0.01335414698405657
-0.013358794309897348
-0.013359156376100145
-0.013354543238529004
-0.013345933158416302
-0.013336099550360813
-0.01334317124565132
-0.013340879676979967
-0.013349370582727716
-0.013351782044628635
-0.013361498585436494
-0.01336334840161726
-0.013365197609527969
-0.013355008355574682
-0.013342065957840533
-0.013332930588512681
-0.013340675231302158
-0.01335450508922804
-0.013348500424763187
-0.013346319398260675
-0.013346586743136869
-0.013334230688633398
-0.013315046060597524
-0.013319640929694287
-0.013335215364350006
-0.013326001714449375
-0.013317635777639225
-0.013325699348933994
-0.013320426354766823
-0.01332201212644577
-0.013339831738267093
-0.013339580316096545
-0.013333465124014765
-0.013324972882401198
-0.013317674829158932
-0.01330553434381727
-0.013305711222346871
-0.013310875970637426
-0.013302121023298242
-0.013311471158522182
-0.013314466609153896
-0.013320103514706716
-0.013326545164454728
-0.01334891797741875
-0.013342286125407554
-0.013337303182925097
-0.013336000594426878
-0.013332018128130585
-0.013321811988134868
-0.013323084131116048
-0.013325408997479827
-0.013330088974907995
-0.013341862859670072
-0.013344834913732484
-0.013332108734175563
-0.01332206254301127
-0.013331131669110619
-0.013320107222534716
-0.013313982536783443
-0.013311737834010273
-0.01331373686552979
-0.013314142718445509
-0.013308694065199234
-0.013303694047499448
-0.013306966386153363
-0.01330642277316656
-0.013307258344138973
-0.013302784803090616
-0.01330214649788104
-0.013299796954379417
-0.013302661513444036
-0.013308405538555234
-0.013310506424750202
-0.013300860582967288
-0.013310580945108086
-0.013307996146613732
-0.013313090900192037
-0.013324835844105109
-0.013339007500326261
-0.01334731953102164
-0.013347097966470756
-0.013349893293343485
-0.013347224038443527
-0.013340570955188013
-0.013351653583231381
-0.013346847033244558
-0.013340577378403395
-0.013336618887842632
-0.01333950919797644
-0.013353108454612083
-0.013356309171649627
-0.013356543611735106
-0.01337109164451249
-0.013365943980170414
-0.013367447865311988
-0.01336677877116017
-0.013364563617506065
-0.013355107087409123
-0.013348188553936779
-0.013352715500514024
-0.013362610974581912
-0.013370809610933065
-0.013368546147830784
-0.013362218806287273
-0.013361901440657676
-0.013367724587442353
-0.013369964860612527
-0.013368329548393376
-0.013364467304199934
-0.013366163219325244
-0.013364913500845432
-0.013359023930388503
-0.013357268017716705
-0.013357140592415818
-0.013353076446219348
-0.013354787311982363
-0.013346644173725507
-0.013351414844510145
-0.013367193925660104
-0.013356703642057256
-0.013358082078048028
-0.013356021657818929
-0.013343981545767747
-0.01333518536412157
-0.013319227661122568
-0.013328581798123195
-0.013322265818715096
-0.013330452915397473
-0.013340120637440122
-0.013351438558311201
-0.013355721073457972
-0.013361343918950297
-0.013357322267256676
-0.013353665007161907
-0.013353256610571407
-0.013346524152439088
-0.013338167540496215
-0.013342296177870593
-0.013335744460346178
-0.013342112288228236
-0.013330989488167688
-0.013344027393031865
-0.013361214805627242
-0.013372434958000667
-0.013367041767924092
-0.013374487566761673
-0.013370522545301355
-0.01337222574511543
-0.013375504678697326
-0.013369682629127055
-0.013363832922186703
-0.013374638266395778
-0.013387172733200715
-0.013398680087993853
-0.013377265742747113
-0.013379411253845319
-0.013391709560528398
-0.013395567526458763
-0.013402638692059553
-0.01340815948206
-0.01341279489279259
-0.01338877311500255
-0.01338109801581595
-0.01337070323934313
-0.013381407863926142
-0.013382340804673732
-0.0133911028271541
-0.013374670289340428
-0.013366409827722237
-0.013373495871201157
-0.013363191144890152
-0.01336925443902146
-0.01337467207631562
-0.013381148004555143
-0.013381458257208578
-0.01338195507414639
-0.013387684247572907
-0.013389121033833362
-0.013377496611792595
-0.013371168277808465
-0.013364244156400673
-0.013365099392831325
-0.013361424507456832
-0.01336829891661182
-0.013358155280002393
-0.013357059660484083
-0.013351121576852166
-0.013346099844784475
-0.013337465593940579
-0.01333538921608124
-0.013335435750195756
-0.013349329266929999
-0.013344013204914518
-0.01334280993323773
-0.013336505903862417
-0.013331115947221406
-0.01333874823176302
-0.013333776735817083
-0.013343130986322648
-0.013344147265888751
-0.013356126091093757
-0.013351412137853912
-0.01334769169043284
-0.013350058192736469
-0.013357940525747836
-0.01334504442929756
-0.013354450080078096
-0.013346615529735572
-0.013321939032175578
-0.01330971733550541
-0.013326400148798712
-0.013341326004592702
-0.013330138765741139
-0.013327149918768554
-0.013320025496068411
-0.013328073953744024
-0.013342288340209053
-0.013329691102262587
-0.013325630719191395
-0.013337887986563147
-0.01334825342928525
-0.013352180039510131
-0.013346368956263177
-0.013340724230511114
-0.013319226141902618
-0.01332244001678191
-0.013329725211951882
-0.0133373564487556
-0.013334766917978413
-0.013330310437595472
-0.013326234018313699
-0.013329832875751891
-0.01333519643812906
-0.013337557404884137
-0.013339713713503443
-0.01334446422115434
-0.013340895986766554
-0.013350062095560134
-0.013344159521511755
-0.01334966710419394
-0.013349291792837902
-0.013351067292387598
-0.013346966722747312
-0.01335561904415954
-0.013356692221714183
-0.013357373204780743
-0.013359021247015334
-0.01335263274377212
-0.01334862739604432
-0.013350759466993623
-0.013337287615286186
-0.013316908234264702
-0.013331648378516548
-0.013326792416046373
-0.013324221150833182
-0.01333209701697342
-0.013330061695887708
-0.013328745021135546
-0.013328770970110782
-0.013318731481558644
-0.013331233279313893
-0.013336010125931353
-0.013334222947014496
-0.01332930890202988
-0.013318572021671572
-0.013320893631316721
-0.013329487285227514
-0.013333094419795088
-0.01334488823194988
-0.013339823117712512
-0.01333764903829433
-0.013328810399980285
-0.013336192283895798
-0.013337682443670928
-0.013331296673277393
-0.013332154756062664
-0.013324907218338922
-0.013323166518239305
-0.013314120992436073
-0.013313198700780049
-0.013317002370604314
-0.013307337198057212
-0.013307591521879658
-0.013319551481981762
-0.013321245709084906
-0.01332700043276418
-0.013313893889426253
-0.013314453369821422
-0.013312591379508376
-0.013312113366555422
-0.013325787117355502
-0.01332887124735862
-0.013325581949902698
-0.01331863131490536
-0.013315739046083764
-0.013321145830559544
-0.013326417343341746
-0.013328260881826282
-0.013324271576129832
-0.013330222261720337
-0.013317326793912797
-0.013325480921776035
-0.013320900386315771
-0.013322059353231452
-0.013334695124649442
-0.013318553083809092
-0.013310059416107833
-0.013312064760248177
-0.013302728431881405
-0.013295512407785282
-0.013293179153697566
-0.013303237373474986
-0.013295778646715916
-0.013298575452063232
-0.013311000130488537
-0.013319993959157728
-0.01332128279900644
-0.013326282813795842
-0.013316621293779463
-0.013311405581771397
-0.013319979919469916
-0.013320174641557969
-0.013307922586682253
-0.013293897963012568
-0.013290977460565045
-0.013289770609117114
-0.013297697543748654
-0.013302478689001872
-0.013297092419816182
-0.013296386582078412
-0.013307558698579669
-0.01330826589546632
-0.01330335044185631
-0.013320451450999827
-0.01332523375749588
-0.013325509915011935
-0.013326853010221384
-0.013331979734357447
-0.013335517604718915
-0.013345530614606105
-0.013343724809237756
-0.013338895558263175
-0.013349714473588393
-0.013341202595620416
-0.013356692087836564
-0.013356699561700224
-0.013343518078909256
-0.013340246878215112
-0.013338092129561118
-0.01332204847713001
-0.013341550249606371
-0.013346822539460845
-0.0133462267316645
-0.013338589956401848
-0.01334538715018425
-0.01334255484980531
-0.013340942477225327
-0.013344077588408254
-0.013331778958672658
-0.013331459317123517
-0.013334405099158175
-0.01334180792036932
-0.013344689100631513
-0.013363914756337181
-0.013365526578854769
-0.013372020961833186
-0.01337522261601407
-0.013362159114331007
-0.01337176769739017
-0.013371329451911152
-0.01336076445877552
-0.013355778745608404
-0.013355114258592949
-0.013357669831020758
-0.01334947557770647
-0.013339761731913313
-0.013347820664057508
-0.01334962090186309
-0.013362528727157041
-0.013354150269879028
-0.013340686340234243
-0.013336353035992943
-0.013325210052425974
-0.013337015133583919
-0.013329082855489106
-0.013327871976071038
-0.013334039869369008
-0.013340615096967667
-0.013345862299320287
-0.013355782369035295
-0.013358920611790382
-0.013364804789307527
-0.013364435237599536
-0.013364626563270577
-0.013357358318171465
-0.013374688260955735
-0.013369834865443408
-0.013371655595256016
-0.013385082141030579
-0.013395852225949056
-0.01338878511742223
-0.013401232528849505
-0.013408004966913722
-0.013414097405620851
-0.013404839058057404
-0.013392298389226199
-0.013388691563159227
-0.013385683385422453
-0.013392659588134848
-0.013402388180838897
-0.013409066476742736
-0.013405122281983494
-0.013398551050340757
-0.013407875699340367
-0.013403993815882132
-0.013396329717943445
-0.01340667590557132
-0.01342136061284691
-0.013417354377452284
-0.013413368148030713
-0.013416827487526461
-0.01340996361686848
-0.013408731485833414
-0.013408626802265644
-0.013414372183615342
-0.013409725195378997
-0.0133950425486546
-0.013399267024942674
-0.013401606772094964
-0.013398022251203656
-0.013394723029341549
-0.013407299687969498
-0.013394868321483955
-0.013389446030487306
-0.013391427567694337
-0.013387553062057123
-0.01337985588470474
-0.013368933537276462
-0.01336545437516179
-0.013375481919501908
-0.01338236010633409
-0.013370309546007774
-0.013380493628210388
-0.013374534997274168
-0.01337233887752518
-0.013375209752121009
-0.013378783952794038
-0.013386648567393421
-0.013380170756136067
-0.013384285382926464
-0.013390138547401875
-0.013388191681588068
-0.01339940428151749
-0.013410675834165886
-0.013387031154707074
-0.013390316316508688
-0.013392648892477155
-0.01339077866578009
-0.01339528416574467
