-0.00013444282187804305
-0.00013427602674777586
-0.00013238389510661364
-0.0001307536763811691
-0.00012901297682051168
-0.00012652474052393464
-0.00012348277582700744
-0.00012038784593136774
-0.00011912757515717574
-0.00011679302002044601
-0.0001135139278226739
-0.00011156683629249326
-0.0001094207287274508
-0.00010833455006057327
-0.00010882409966412794
-0.0001074071158116028
-0.00010645468002487043
-0.0001048285835336342
-0.00010341414572731419
-0.00010179255952135902
-0.00010102133604016638
-0.00010096369132278832
-0.00010007115337497521
-9.962071985851421e-05
-9.932393974546964e-05
-9.793730175631397e-05
-9.72436486066457e-05
-9.56911777999873e-05
-9.624849998443905e-05
-9.555977616131443e-05
-9.567499633973327e-05
-9.439513814868405e-05
-9.266899535389341e-05
-9.206255991658609e-05
-9.140716752477197e-05
-9.031755622278002e-05
-8.919845923729654e-05
-8.83644695730052e-05
-8.752233892058332e-05
-8.707060246874958e-05
-8.762582675208924e-05
-8.619801438827481e-05
-8.495217830554962e-05
-8.443611780724798e-05
-8.449348765511618e-05
-8.433139225450793e-05
-8.403581914198758e-05
-8.41413776571345e-05
-8.360562275845075e-05
-8.352713026666876e-05
-8.304080984089524e-05
-8.2948567136622e-05
-8.22886941023171e-05
-8.184326994793352e-05
-8.005544939940726e-05
-8.025150250264064e-05
-7.964848029789412e-05
-7.808890061116674e-05
-7.771842070656863e-05
-7.646310863223064e-05
-7.495753191135548e-05
-7.488895574136188e-05
-7.42641008131344e-05
-7.391076279519539e-05
-7.374545788883956e-05
-7.36747288438319e-05
-7.363439416857782e-05
-7.349244346928403e-05
-7.27669369856206e-05
-7.272536943977077e-05
-7.212972990668345e-05
-7.214140189009615e-05
-7.16095355865373e-05
-7.07944946717126e-05
-6.977241368817717e-05
-6.9245083270491e-05
-6.782486431162667e-05
-6.757995719521272e-05
-6.71090022445208e-05
-6.591089240154597e-05
-6.468669932844393e-05
-6.439980481647783e-05
-6.3405562455214e-05
-6.18250770559017e-05
-6.161046163739499e-05
-6.12706958404656e-05
-6.120561657654535e-05
-6.052565960864605e-05
-6.007585155505998e-05
-5.950412351349196e-05
-5.8041740649733346e-05
-5.806429719625696e-05
-5.771183862600958e-05
-5.675666559707477e-05
-5.596563022225854e-05
-5.5776193524555616e-05
-5.479731017085551e-05
-5.5087760200775745e-05
-5.432057730137819e-05
-5.445528357220745e-05
-5.381125474404716e-05
-5.301973659596923e-05
-5.212870638826172e-05
-5.17367330353914e-05
-5.1071603121710255e-05
-4.9724139696789076e-05
-5.1160733467744045e-05
-5.025932316332021e-05
-4.954793675332675e-05
-4.8781547202789055e-05
-4.822769039526099e-05
-4.9456723731795877e-05
-4.7893562252822985e-05
-4.818432703528001e-05
-4.6736043495238174e-05
-4.5996522439290185e-05
-4.4981544946225496e-05
-4.377874251480939e-05
-4.2604124044171636e-05
-4.2292042322784526e-05
-4.222702463502409e-05
-4.108231264075989e-05
-4.25125818529287e-05
-4.096560937964737e-05
-4.119022977883341e-05
-4.025886503061176e-05
-4.023678492457192e-05
-4.025327076238615e-05
-4.002864079666324e-05
-4.057033557155928e-05
-4.125443296356092e-05
-3.9952898886339324e-05
-3.9703814966034974e-05
-3.917266399690157e-05
-3.846214261742447e-05
-3.706851081612209e-05
-3.614233678995838e-05
-3.548027247975201e-05
-3.3806618443190086e-05
-3.365751709444104e-05
-3.312743366997758e-05
-3.241089736413279e-05
-3.133154368023733e-05
-3.071112964621366e-05
-3.17839034391067e-05
-3.076472987433792e-05
-3.0468169185311394e-05
-2.9720712552295515e-05
-2.9723731333635645e-05
-2.9569269625224275e-05
-2.9701566745643504e-05
-2.886874130194041e-05
-2.8220067515913224e-05
-2.801443777032007e-05
-2.7820812613720557e-05
-2.735781553955921e-05
-2.779913005792036e-05
-2.8352724459384466e-05
-2.788902000045507e-05
-2.796003220147988e-05
-2.800560145664753e-05
-2.7942219781430645e-05
-2.782968503770125e-05
-2.7949634049609477e-05
-2.683660945708484e-05
-2.6768328569704425e-05
-2.549480928724666e-05
-2.39383707257393e-05
-2.358725126854282e-05
-2.2383075298017098e-05
-2.2008657281360314e-05
-2.2097383946486473e-05
-2.1992421184054195e-05
-2.1289141403502543e-05
-2.069912652250086e-05
-1.9746973150715888e-05
-2.011952461476472e-05
-1.9951591133980804e-05
-2.001026445618158e-05
-1.9399607481318526e-05
-1.980851677082548e-05
-1.9255773589032253e-05
-1.8672824201833766e-05
-1.8796485838484607e-05
-1.7926458827720058e-05
-1.8305262629938727e-05
-1.8142308598962024e-05
-1.8718907085713e-05
-1.780557559632817e-05
-1.7550180052273424e-05
-1.742080139929722e-05
-1.7158015907625668e-05
-1.724581913246463e-05
-1.599310161071588e-05
-1.529305572384382e-05
-1.5322008072905225e-05
-1.5310921972505405e-05
-1.4770810324720245e-05
-1.4389126422260975e-05
-1.39166473942438e-05
-1.4669083376011932e-05
-1.3620383065750098e-05
-1.3014465770942883e-05
-1.2656450053327717e-05
-1.2311650102169046e-05
-1.1979288198441887e-05
-1.1599784725317645e-05
-1.1981687209670242e-05
-1.1661684833665344e-05
-1.2948206454489587e-05
-1.2952761742915888e-05
-1.3070436310684912e-05
-1.2155601696037963e-05
-1.1942777510503893e-05
-1.1917701798396323e-05
-1.1661087969346059e-05
-1.1950502118485963e-05
-1.11712888947632e-05
-1.1873997344217193e-05
-1.1612856084226493e-05
-1.0979306352965068e-05
-1.0724947700240321e-05
-1.0578517470060399e-05
-9.897057242159025e-06
-9.628643527792991e-06
-9.328924298407165e-06
-9.10990197385049e-06
-8.252625674584931e-06
-8.13777134883114e-06
-7.965347440067152e-06
-7.444468960952859e-06
-7.925261915833861e-06
-8.043426802302107e-06
-8.280804885779852e-06
-7.97040727910051e-06
-7.813438952763573e-06
-7.4565916663602735e-06
-7.3989144766528625e-06
-7.384952318211112e-06
-7.147546697254896e-06
-6.845703949322881e-06
-6.404636308245783e-06
-6.254547972477869e-06
-6.628534433898663e-06
-6.905623818224909e-06
-7.430487265217515e-06
-7.87821692130011e-06
-7.6043894060367836e-06
-6.978413340321923e-06
-7.082930382980352e-06
-7.4709094540729114e-06
-7.137547611448638e-06
-5.689855108222993e-06
-5.796931704767134e-06
-5.543925908568781e-06
-5.451653224655375e-06
-5.773343168079413e-06
-5.511588336014904e-06
-5.529296063118467e-06
-5.763828000824476e-06
-5.646010692914758e-06
-5.702448022391225e-06
-5.75424079822066e-06
-5.654394431918196e-06
-5.596323110997521e-06
-5.896344376836808e-06
-5.397864966922768e-06
-5.648241077088406e-06
-5.822557812751728e-06
-5.641904795926099e-06
-5.910750806597881e-06
-6.158638572944457e-06
-6.142064581514138e-06
-5.469961083522152e-06
-5.106406795810606e-06
-5.286142738811948e-06
-4.934115218525727e-06
-4.776943502225482e-06
-4.650840512315173e-06
-4.702150818047812e-06
-4.333903150297745e-06
-4.290302799576979e-06
-4.099796586632254e-06
-4.3555124749319575e-06
-4.56064279003638e-06
-5.1282537848843885e-06
-4.873326159011211e-06
-4.3529557169003295e-06
-4.202001912711205e-06
-4.023030837911561e-06
-4.565950836910849e-06
-4.512427090554007e-06
-4.441819227294117e-06
-4.342907299427746e-06
-4.588201456364779e-06
-4.312468482331261e-06
-4.361598712421255e-06
-4.309981165904362e-06
-4.550885107703464e-06
-4.650915107723213e-06
-4.312437155291533e-06
-4.497445455921546e-06
-4.980592166248243e-06
-4.451236287018724e-06
-4.688204575763342e-06
-4.4185650478067585e-06
-4.239708821976954e-06
-3.857791373068014e-06
-3.7321748365044456e-06
-3.894035141153533e-06
-3.7715620288104724e-06
-3.1329550101536035e-06
-3.3235617138416274e-06
-3.3392023026492637e-06
-3.295377769905759e-06
-3.253122334475241e-06
-3.5394211274116835e-06
-3.5058488905364087e-06
-3.4404103509452263e-06
-2.727181995228252e-06
-3.0839931965871344e-06
-2.761789397077842e-06
-2.315104135656535e-06
-2.1077992692476578e-06
-1.956477195495541e-06
-2.045651622548003e-06
-2.0698853994097725e-06
-2.266002377803455e-06
-2.010757094063188e-06
-1.940051956976445e-06
-2.0247485331815874e-06
-2.018375897494951e-06
-1.709652106338008e-06
-1.7959153503263089e-06
-2.484384704412487e-06
-2.0600838760637324e-06
-2.3357434757700603e-06
-2.574651135647501e-06
-1.8490806462944387e-06
-1.8500689470278708e-06
-1.5902898111461482e-06
-1.507788127768166e-06
-1.1479615598849098e-06
-1.3774378607599324e-06
-1.3553211391370968e-06
-9.26856408248703e-07
-8.862714198416883e-07
-9.410791095534579e-07
-8.087159307655788e-07
-9.052578417578372e-07
-9.675362830589788e-07
-1.6323628592039718e-06
-1.6412966024964354e-06
-1.572977705816609e-06
-1.843440389637652e-06
-1.6071049744655116e-06
-1.373344726171463e-06
-1.479693120624385e-06
-1.815914679860321e-06
-2.08092009651645e-06
-1.7572086326927767e-06
-1.694132918230564e-06
-1.2567765292327817e-06
-1.2624989267351339e-06
-1.5077333938717385e-06
-1.556536866937003e-06
-1.2418177709184452e-06
-1.4160751873162183e-06
-1.3036010765669441e-06
-1.2195483720831732e-06
-1.188852007982388e-06
-1.2920336260962088e-06
-1.55158271455649e-06
-1.6103955684027621e-06
-1.5244710396102704e-06
-1.3086250452976888e-06
-1.278018346426877e-06
-1.5114472775908158e-06
-1.680637894794388e-06
-1.6741353613690957e-06
-1.9357733149431794e-06
-1.93017782142609e-06
-1.8016688643372078e-06
-2.1950896022341717e-06
-1.5215074932307793e-06
-1.557546128154812e-06
-1.3978282014351053e-06
-1.0426230540327164e-06
-9.202697107731957e-07
-1.027816513972842e-06
-1.2727391423241998e-06
-1.205098749745014e-06
-1.1846640501500115e-06
-1.0689269545225585e-06
-1.0656196233564212e-06
-9.876510468395146e-07
-7.535816756124539e-07
-8.953892221244233e-07
-9.63942216845613e-07
-1.0020491437764442e-06
-9.668221823462605e-07
-9.99682760670516e-07
-1.040087020690542e-06
-1.093088902356006e-06
-8.38080933573548e-07
-9.379342074040593e-07
-1.3130696659034044e-06
-1.3163372066763394e-06
-1.3067569937077308e-06
-1.0121082562330197e-06
-1.1916186761279985e-06
-1.3954331081920288e-06
-1.2551581718340728e-06
-2.10569030682732e-06
-1.9743794028828334e-06
-1.6035436963782693e-06
-1.7479663980608436e-06
-1.8944238457118412e-06
-1.8285453464799233e-06
-1.3115157289407594e-06
-1.0081731926658432e-06
-7.137480056203289e-07
-5.760247134916156e-07
-6.037473815046757e-07
-5.553565937656526e-07
-8.89937637196083e-07
-5.966803255601176e-07
-5.885211222718041e-07
-4.4690220011876524e-07
-4.6496243010517865e-07
-5.204394342315398e-07
-7.30027655511852e-07
-8.465402827453174e-07
-6.555185568349433e-07
-9.532975729632232e-07
-4.6877323606403714e-07
-3.3279982963668537e-07
-3.0189373016279813e-07
-3.235565549807183e-07
-4.458112580660209e-07
-7.127167860003451e-07
-8.815756039574033e-07
-1.4554691882006377e-06
-9.51941602680664e-07
-4.4386253619079607e-07
-5.474758337540051e-07
-4.0711780705485713e-07
-2.8126736613861186e-07
-2.6484566349069983e-07
-2.6632483609403234e-07
-5.231528085140006e-07
-5.032655805179173e-07
-9.878109389555228e-07
-9.290592128376442e-07
-9.320910239525633e-07
-9.08886272975872e-07
-9.204834946609076e-07
-1.0010601903963511e-06
-1.0118971987241012e-06
-9.124105102071351e-07
-1.1337311510336197e-06
-9.80263423486947e-07
-1.1689794434830589e-06
-1.1321642558767862e-06
-1.0548419848217034e-06
-1.065488565590958e-06
-7.42048211190262e-07
-1.226232673919488e-06
-1.236476152741859e-06
-1.1837771096536556e-06
-1.109946435075539e-06
-9.556388818054984e-07
-1.067292699914375e-06
-1.397660791250625e-06
-1.5934144138790778e-06
-9.189883611624181e-07
-1.2111185941210823e-06
-9.21642647763629e-07
-1.2656844782449533e-06
-1.7037610438853368e-06
-1.1890910577171276e-06
-1.5569042901646484e-06
-1.328192663802636e-06
-1.1737870661616196e-06
-8.339631542050349e-07
-6.98612525327378e-07
-8.514341263637309e-07
-6.150003468132194e-07
-6.279553767180241e-07
-9.137779397018743e-07
-4.943978913834817e-07
-4.281017214469574e-07
-8.888769947909033e-07
-1.2665020339799984e-06
-1.0167513824786443e-06
-8.618819909618954e-07
-5.715822776732306e-07
-1.8997169953999454e-07
-2.1897630349317128e-07
-1.83911122643689e-07
-1.6925610976967516e-07
-1.0316010761673371e-07
-1.1589104418505856e-07
-1.4786763892339474e-07
-2.963530958081888e-07
-1.5398450422573525e-07
-3.038179993676817e-07
-2.0805871014528275e-07
-1.1112001366789761e-07
-1.4905373791196798e-07
-2.0661647365866682e-07
-1.0039816931726751e-07
-8.984005375025474e-08
-1.3481741023968898e-07
-1.279130793713429e-07
-7.746946893037063e-08
-8.258114784590968e-08
-8.979883753462909e-08
-9.703212811018602e-08
-1.2015200844138639e-07
-1.1521216218094803e-07
-1.470285869021171e-07
-2.811983613860826e-07
-1.1458978648264477e-06
-1.1127264824776998e-06
-2.218654395215304e-06
-2.02914217155652e-06
-1.7727085319334205e-06
-1.0823252051960918e-06
-1.0746123764335977e-06
-6.446298736288251e-07
-7.920002665876517e-07
-9.733928836626379e-07
-6.499100482802465e-07
-6.561285814583513e-07
-5.322583157757671e-07
-8.019061102391721e-07
-3.984279030815001e-07
-2.340907475105201e-07
-2.652035380766325e-07
-2.939774409090508e-07
-2.889017172980891e-07
-4.3369050849327726e-07
-3.611902067640821e-07
-1.6082552073620953e-07
-2.3469141823355772e-07
-2.67882031026703e-07
-2.625924129991593e-07
-2.1206681224241577e-07
-1.5580794531110263e-07
-7.037463350174962e-07
-1.5435174755448653e-06
-1.7281434515502447e-06
-1.0315533603278272e-06
-9.426566049552532e-07
-9.702760958471454e-07
-8.253200702610128e-07
-1.0863469486610956e-06
-1.0973195643331295e-06
-8.382201810019507e-07
-7.748309413997319e-07
-8.133791501071149e-07
-8.732955768243334e-07
-9.08567956146187e-07
-8.895314909683226e-07
-9.002213674749429e-07
-8.809780322533495e-07
-6.484804910340042e-07
-7.499366608532943e-07
-4.934492052497161e-07
-6.645239712573433e-07
-5.317307341101696e-07
-6.042646566163091e-07
-6.882973585325763e-07
-6.253923806475036e-07
-7.658291123233438e-07
-1.0719549066009307e-06
-7.947124408423811e-07
-1.2367511043588887e-06
-7.237231814003651e-07
-7.614268926974748e-07
-8.337541567437222e-07
-2.742002475610274e-07
-1.7071805986974882e-07
-2.9861544440471467e-07
-1.588244002816821e-07
-1.568197971150935e-07
-1.677814877978192e-07
-1.4678267358771403e-07
-1.2162997127992034e-07
-2.440864085007922e-07
-2.7351688703236975e-07
-1.6613394709313272e-07
-1.1507392398639409e-07
-1.1985208808945807e-07
-1.4728129826835357e-07
-1.7971324352940967e-07
-2.2196685681255648e-07
-1.1421056919297606e-06
-8.075620767326823e-07
