15.625391589270698
2.930206886044255
2.1869606221163713
1.7293095500380904
1.5588765917000946
1.2544648912217882
1.1218915272642065
1.1128040651480358
0.9027920862038931
0.8233629939732728
0.7323044395005261
0.6222343599354779
0.523222009340922
0.39204631249109906
0.4055912991364797
0.3217001093758477
0.2295491529835595
0.27057115154133904
0.22013339355449985
0.18631152173987142
0.22695076534593547
0.21484005571929393
0.18832506241570054
0.2174842362248994
0.172842842216293
0.16875180029482753
0.1952351797717037
0.15456832107156515
0.14230237738660503
0.12484745896761995
0.09772442929722645
0.0855241651189755
0.12782001178021785
0.08361298099367155
0.12462796796872108
0.048424697015434504
0.08803133378333533
0.08516887750873273
0.10516465225912354
0.11207229207718263
0.10290791169326338
0.13543866636852422
0.12584749535071077
0.11669199617096672
0.1287897354060853
0.09248915901143509
0.08370363232852132
0.08594796565982203
0.10958333896404063
0.10956015613542318
0.11347254369131944
0.08549000235938432
0.11081608455559169
0.11167479037410682
0.07104876213189629
0.08495430039517858
0.05665957555605995
0.0701392712071538
0.11334731797170308
0.11554075361884854
0.13153957175435843
0.09392637497297039
0.13184391350390529
0.1324192615294898
0.13624457995993672
0.13383798646154227
0.11194641028608505
0.10625121095735165
0.09517608681279752
0.08506982788633279
0.08747334933529298
0.0905348245502898
0.07758637545285402
0.06802308344696131
0.05334746401274094
0.08523103703865437
0.09191476505387712
0.08042120802457686
0.07276532664481136
0.10282289921478541
0.08624427401702162
0.11696130198995686
0.09111774846463015
0.09957033923247191
0.10330092603409732
0.10675336598177199
0.1398518014692753
0.11015229720484328
0.13028024999355828
0.1070828857590203
0.10308074178519072
0.09868715965637455
0.09530341106087521
0.12085520372622544
0.08685320381105326
0.07655509071493591
0.10249454031387965
0.10392391935197844
0.07317648847081862
0.07654342413190063
0.0645590829738433
0.08457646719869916
0.06846964272618708
0.09428118086200105
0.11658116166169445
0.11124174285645562
0.07939414881790678
0.09900017789806481
0.09581308186925189
0.10187024730085223
0.0813629893861987
0.0487356745051565
0.07620855537674355
0.07192258469553457
0.06917904002626461
0.07789527648990904
0.047311707158331516
0.08840316285689671
0.056889082563834056
0.12039249197200493
0.08296512736490479
0.12107805546407623
0.11511559749918955
0.09868975677010086
0.08996992013352509
0.09586810188247236
0.11266979599302565
0.04905974782175488
0.08841073203519853
0.11198891597558502
0.07391086585293696
0.08747994074494475
0.07303597684949636
0.09442082067296186
0.050106335164013284
0.05032212369971805
0.11014309470300321
0.051700911898579865
0.08927661842770046
0.07488863952716605
0.0655600040530165
0.06406703622390826
0.07058827475541168
0.09497956182005712
0.07853256121139836
0.1027541427282375
0.09681552772720654
0.0944406769445373
0.08522677887231112
0.10038459889107833
0.02606234874272357
0.059065766572193416
0.06793869657579947
0.061343868944311035
0.09684499663611253
0.05957955344907801
0.10458983342956614
0.12339862259277315
0.11241417609293151
0.12409066753806891
0.11168271184174551
0.09722129103762132
0.1076632347561557
0.05968459462746978
0.05756513799294933
0.08284794549561209
0.0662027375979556
0.09973788045398477
0.10054206866253582
0.09311971679778287
0.10083694931085187
0.08655013754549953
0.13259889207849349
0.08467833038540212
0.1219308427621231
0.06582253541866387
0.08756694848718191
0.06109772964932576
0.058097756985161036
0.09112437407451647
0.11198711077061792
0.04826586860818444
0.11262397288724228
0.0466920621951835
0.06644410873694276
0.050755162007623804
0.1067356529723232
0.07191476877778769
0.06682706874346843
0.03330312575713766
0.09414457188298304
0.10883220719794433
0.11028599777017478
0.1160373733792868
0.10697719910078579
0.10001129657030106
0.10666901294004034
0.13468849710706207
0.10580674762389174
0.10346885149677594
0.08932741546003078
0.08542970488054345
0.11337286637475093
0.06707436926188637
0.10249459288186497
0.08597548149043212
0.10312253923189861
0.08199453365523368
0.12967750688376664
0.08144176149896036
0.08816242899262795
0.09819978090968949
0.10299034337340682
0.1029361856312284
0.07471276026357103
0.11736986655052062
0.08773485265232416
0.11705534208427977
0.0870521131782206
0.06692660789660833
0.08725448497743518
0.04897696805979918
0.07010732550622413
0.06347279157489538
0.05483165654543511
0.061856028606632245
0.07075592454229654
0.07458877385188653
0.049666595826339394
0.09338151476199359
0.05597989608294382
0.07137827045732627
0.0756107240880805
0.07522319027878067
0.027904459965173847
0.09989722423186456
0.05033548897201264
0.09592500156550496
0.013405639152215034
0.07210316450369579
0.07295346281198026
0.10811535603608247
0.09356440974537421
0.1143348027124173
0.13096539414039365
0.10363999954252331
0.11646589495379615
0.09877066564297786
0.10447616431715519
0.10781642499690254
0.08565974091093435
0.089590969874903
0.083969177160826
0.10185243387672084
0.06769450912597003
0.08525016379577142
0.05874816436941425
0.08881818434154545
0.07436957043009224
0.06720440517421122
0.051953416093494055
0.11567052962534406
0.05800062392976273
0.05771250527835003
0.06659209535077766
0.048081766813993454
0.059266662846008934
0.056271254947340046
0.07580095238949137
0.06225771598379921
0.054875371839713166
0.09032668035339426
0.0721670624765533
0.08893864065046525
0.09469873475393763
0.08183460634339738
0.07309417509801548
0.07231069306187608
0.06691039957244087
0.06251368090441381
0.06826838915973592
0.06943069739888112
0.056131643469497144
0.05156458697402505
0.0704428707766864
0.085061173748087
0.09430421812942734
0.10032633024578293
0.10362837568822282
0.09719318641280686
0.10189562466823393
0.10059921981559859
0.06807972035474247
0.11580737411148018
0.047100176189646674
0.09103326871991158
0.11670794303494471
0.08754781045003997
0.05730897940143391
0.09561901143752038
0.07488194727166383
0.08564744303347888
0.0628815594094771
0.037426007191512595
0.06496011520977374
0.0441382406624379
0.07070344471355418
0.08397375560727799
0.07362040542755965
0.0829292553373509
0.059098031337338465
0.08645099623525446
0.0709425410669711
0.05825060881734653
0.10087897683735247
0.08715513079530662
0.0666976132326656
0.10076025263320103
0.08940285712230468
0.07527751499232922
0.06222209146384288
0.10186869258393051
0.07642056722478527
0.04044293160377829
0.06460121775011497
0.06432388771726336
0.04800195198644091
0.025744478683918715
0.06297589928079914
0.08212019537178869
0.05801751676739918
0.0943441786630838
0.09640556513504298
0.10195373249222973
0.07410908573203617
0.06665103158189191
0.08490661185458992
0.08505964727589378
0.09436430312969067
0.09724540199547643
0.07643287801356227
0.11004241145457383
0.10949978991239159
0.08011670826494487
0.08404899588613599
0.09026767481635842
0.11777978702998047
0.07148342420933423
0.07551906163010884
0.07113112485536409
0.10018008528277278
0.09395333711829691
0.07554226956778655
0.11322202934469613
0.07399935002818152
0.0907844773804148
0.059975457852016446
0.07184948895937177
0.08686354671415218
0.09929211004809649
0.10252802443035224
0.07991294492967427
0.08467909883431814
0.09592358981845556
0.0806990644066698
0.0747303009222917
0.08581339416128618
0.06536251410014099
0.09421716475238402
0.0689147705151872
0.11070565588737803
0.09228812768641445
0.0977952456170762
0.09799344958392558
0.11865151894313318
0.11252840718737354
0.11218933057453898
0.10623532617723362
0.12329314102384227
0.10067108042400193
0.1093207859882602
0.10663978251870032
0.10536109437062233
0.14810773668189844
0.07545679349762698
0.06400253440477643
0.08413758886012214
0.12050963986527037
0.09606354597404047
0.07403204200306425
0.09927350829389912
0.08056672635548576
0.08571968563935822
0.0773535724815533
0.0762854165578675
0.10677917541384145
0.07554502815549279
0.13521204082105584
0.11848733396510835
0.10812289447144226
0.08370602686234095
0.0805955011466587
0.09454977480884365
0.06441229681863829
0.0903736924390412
0.08661172338933856
0.07246818446933671
0.09830231404932285
0.05779310058871353
0.045013422836308124
0.07366941062112649
0.06048249651643413
0.06959623653717616
0.036828076955619814
0.039265005814808386
0.06960662895882572
0.04988715501881584
0.044374521200855575
0.05301782223223536
0.07327336066023067
0.09557738053370957
0.09823009956421123
0.08808735739094792
0.10064718037567756
0.09301341687225634
0.11113965559612822
0.110539677000984
0.07707841318376639
0.10827927908825653
0.1026674613132383
0.09016206175847738
0.10210229437453328
0.07575040083826969
0.09013747755024168
0.08779904746484977
0.08514139299384421
0.08273705284766576
0.08108185150626081
0.1395070015763243
0.0716923698028377
0.08754612632199293
0.09699779462621168
0.08179089425808612
0.07718057601488437
0.06945072668949487
0.09186250319773401
0.10352031624427548
0.07828626214285139
0.09809773156626357
0.09917262390135201
0.09708843677287439
0.09106087485647381
0.1134789691315274
0.0944853284292751
0.05946860145410971
0.08918028125642902
0.08525696255296848
0.08191371571996973
0.09263867232948542
0.11007588408473465
0.06842194000879924
0.10505808542560165
0.09951203495815948
0.08736012025770766
0.07974694462286101
0.12262827364934815
0.08172942760090034
0.10496051312010321
0.048941590607649195
0.05515052667060108
0.08922923984075035
0.10692075886591165
0.11356929386103595
0.059822482061227436
0.1269827776554006
0.0975690718602251
0.08120701460305739
0.07372457973003664
0.10224827778034119
0.07811290141479629
0.09267234597010193
0.0917988574753205
0.07706258395962694
0.10236161883868691
0.09429245712925438
0.09000881859618756
0.09295851839663184
0.1066596327625491
0.11465066912825461
0.12156739607625813
0.1262276964262128
0.11730354679403482
0.10756716189940495
0.10239448619109613
0.08924273722287682
0.043759408419848315
0.08157398565499871
0.07157096387042354
0.04001009565750051
0.07581968871117742
0.04927648096000431
0.07570449452571294
0.0945702711534169
0.09438774789924975
0.09653662346924345
0.1175184376468813
0.0812794963001377
0.07860008026990625
0.10120065644797352
0.10235977762689193
0.08958081873478713
0.12886791076097223
0.08848847774788737
0.09664704101332636
0.1001897173140336
0.10708787567327144
0.09611460859714835
0.12734974322288675
0.09810657078331267
0.10505259832091353
0.13440160701672235
0.09374598123098689
0.11487706550569446
0.08812906012947981
0.11468259283100013
0.07217172747132955
0.07927184470894712
0.1095412527297244
0.12955578038882878
0.08745897009416863
0.11989539521918804
0.1310045247168832
0.1329829284955782
0.12011672176972583
0.10333942283910734
0.10903951192826584
0.08609028127803295
0.09718075822995699
0.09542663860203768
0.07987453784207227
0.09120431749357118
0.10120827501156816
0.10304559332689678
0.08070324389458013
0.09340908712948914
0.12328134470239833
0.033234435228492926
0.05284995886204005
0.05919344692180554
0.06637960665479854
0.07567032666325017
0.021586980058432178
0.05729750049929997
0.04300934040091104
0.05983802053594479
0.05544017408802002
0.05539482697430584
0.07799856045662805
0.05390907499801229
0.07458392910107418
0.06193480983428243
0.07681848245879842
0.06794059386959782
0.0879517247279485
0.07495928847196477
0.04508321635701038
0.08084898066051581
0.06332046843858229
0.07156361685203458
0.06785684468491969
0.05338514623818574
0.05852149196262299
0.0826524399669358
0.11433732326797864
0.0772763002594864
0.08050668656101657
0.09491906857497438
0.11617699927753872
0.08979154402321135
0.09863598388619721
0.09930283900488306
0.11371966034898327
0.08362395589938387
0.07649213298982768
0.07256655429955572
0.06536739409245827
0.07099882050210403
0.06717419952016186
0.07112537291659801
0.051180626955573204
0.050892157997522086
0.048447841597307056
0.059099080222141415
0.08153005366006659
0.07455128472712305
0.08044316543749085
0.06182609730037964
0.09572136771209815
0.08439756398675619
0.06485061417333782
