14.979273434038516
2.269526309437222
1.5721715688705444
1.207199995164518
1.0481509511117582
0.829745575233742
0.696859555111991
0.6769508995391704
0.5369494259357452
0.45519898390328445
0.40079167430047635
0.3264580849144194
0.2649368287788497
0.19808662903529625
0.20630790845111566
0.1659750055383753
0.12128493079432735
0.13775065568862138
0.12015425151696911
0.10053487128957554
0.1104979865528919
0.1140309673630529
0.09725066819400699
0.10793662188505684
0.09200606605520954
0.09646414323813385
0.0999776969353358
0.08976512802419839
0.09116794272429413
0.07992203678521845
0.0735122465218107
0.06571463523087678
0.08864961219606576
0.06678319529250816
0.08270152120126618
0.05509818190087875
0.07146044089286416
0.06693527895819258
0.07370272630618678
0.07606743786621976
0.07101555817105153
0.08381926647766873
0.07842636218777409
0.07457396357009809
0.0820695733030637
0.07143469996474407
0.06675964252402385
0.06866712730239939
0.07657921141772359
0.07396572366080902
0.07597780062092675
0.06660323093334834
0.08128663028279941
0.08943501894396765
0.06971778996564724
0.07630826926065816
0.06474116865407538
0.0635137442085478
0.07738103186366735
0.07776371368931399
0.0851703327563074
0.0695068389867191
0.08074254922016903
0.07860297875271903
0.08366468810924778
0.08184093940589163
0.07264782157209185
0.0774456539225799
0.06805653787321514
0.06686117941582645
0.07094621551395566
0.0682146904507169
0.06496797795235007
0.06743402868785241
0.058590259661691055
0.07047349890625035
0.06680664554652241
0.06858255441679999
0.06992216346164544
0.07963549262947506
0.06735900227256396
0.07801742355028789
0.06842396856734047
0.0719957882883372
0.07280496304371843
0.07171843814905043
0.08366441023018625
0.0744789485923118
0.08015459286117996
0.07235262508469599
0.07431699818483105
0.0714071523398161
0.08291746972611656
0.0855621707936128
0.0679593604678909
0.0653170355492168
0.0773311013493825
0.07390973910137459
0.06459991561455859
0.0676341112703085
0.06104710877493576
0.06958438352578217
0.06450489991241032
0.07096839013199012
0.0754531225948422
0.08020855679556176
0.06480207383908608
0.07564086011714405
0.0754980104458001
0.0823281956491647
0.07077051154165356
0.05978979704970563
0.06764110884870644
0.06512638212492068
0.06312425075857728
0.06797402214120936
0.05747271108406561
0.0716271496343392
0.05910282250907686
0.08243374899029732
0.06242328851173321
0.07962140489231657
0.07449829502514115
0.0716466661542654
0.06749623013591324
0.07092815982522788
0.07656330670471545
0.05572158691507799
0.06902103305414871
0.07670026555381439
0.06364278578095967
0.07130301723049746
0.06762064213830012
0.07437534554413071
0.05862431811099803
0.05850053866635318
0.0761585234215966
0.06024756575762122
0.06956826760951015
0.06542603312819092
0.06291307943562667
0.06315611730571147
0.06381317759277644
0.07252282556146383
0.06624307752483422
0.07362883503514307
0.06927145031039361
0.07130143915613492
0.06735364916837877
0.07475549927740185
0.050337883057417696
0.0645263114668153
0.06444541413199019
0.06455545520616902
0.07134011077384154
0.06040804226089407
0.07483447149947837
0.08113722316920757
0.07364533831261927
0.07925408630183449
0.0745123066008091
0.07118484150204393
0.07563072208453107
0.06124016038935493
0.060854070681940625
0.06862226031996586
0.06396306599317877
0.07318531294111852
0.07547825167852419
0.06922756363120344
0.07113088888150675
0.0686187882459274
0.08257328146309764
0.0668428709247598
0.07902911139859094
0.0613283466340767
0.07388959576686223
0.06183835933053935
0.06226122372404293
0.06824342313188093
0.07784313577468749
0.05538697965029213
0.07919150142482033
0.05960950338178211
0.06619931543590846
0.0626870807674196
0.07359590667679354
0.06726658868568915
0.06588395136511987
0.052253471652942675
0.07167338697170769
0.07697395283590865
0.07316204746840177
0.07527056805513523
0.07336687693303381
0.07137546260599736
0.0741554570418817
0.08192688199105086
0.07383442635613459
0.07347842640484925
0.06884720900820361
0.06859510191888721
0.07600336528762623
0.06286858636196013
0.07045103278425005
0.06964260974416027
0.07588379064367877
0.06447007955500374
0.0824124953813023
0.06442976156594576
0.07156151481386688
0.0713867883508404
0.07252089613703666
0.07597901603138005
0.06680245814775979
0.07786355857495908
0.07259074681335026
0.07677421166940972
0.06926396026931426
0.0671719240921515
0.07063799517022239
0.05806157889741438
0.06579616657216791
0.06298263081245953
0.0626468049293315
0.06279629969072563
0.06366269290447235
0.0673991824603743
0.05892899180590003
0.07291429079379197
0.060505859070905936
0.06641553114685747
0.0676643982598627
0.07177710715957263
0.050523108112867234
0.07814827806281822
0.058031625010901026
0.07399950431728805
0.04886174712468077
0.06768467580830609
0.06349269693924321
0.07477964502241877
0.06948219619139477
0.07629833308358987
0.0802820851267488
0.07245037632269992
0.07670240490524857
0.07098450104671496
0.07302779856103438
0.07710017774392057
0.066116353565896
0.0712222857400775
0.0666968770739105
0.07314984486610801
0.06485391370262261
0.06957853288838158
0.06041549090985899
0.07061876042711514
0.06548558141070383
0.06574351544043532
0.06028895042146797
0.07982072047889233
0.058893462643027306
0.06123401059044732
0.06625932016996322
0.05672450832746647
0.06196191534399986
0.06326198150162343
0.06479219740463628
0.06262071827357565
0.06109837249473289
0.07703399734088669
0.0656443934680687
0.06882097296140811
0.07180411720441447
0.06659135643254828
0.06461880983853782
0.06487925823226019
0.06463271679563655
0.06321101194178616
0.06484553483487279
0.0657845358364284
0.06220536296152406
0.059979013822696825
0.0634603994657044
0.06708817880738664
0.0730277009446312
0.07217599092810242
0.07099903857818356
0.07195016355426223
0.07272152309478433
0.07287901922784469
0.061658557366441796
0.07724049949535618
0.05657396289623446
0.07258020769114848
0.07472910497475553
0.06904311836869628
0.05974147403267799
0.07183330454346207
0.06536498576126716
0.06866059072867588
0.06298606697883871
0.055615916986156394
0.06503565402494536
0.0582488341325963
0.06441397026733116
0.06794375374361321
0.06558829083762786
0.06553920951706392
0.060214188846725004
0.07121369801461697
0.06497351504448387
0.059679739384187594
0.07280934960753829
0.06925648957904842
0.06001667850823314
0.07665120668847251
0.06539838429954317
0.06677207988859327
0.06098435832946389
0.07356828113121015
0.06454105516550718
0.056424719660922336
0.06141762249171734
0.06299992323059726
0.059710862321986094
0.0521498199345337
0.06405662869413693
0.0682017423764423
0.059530320680803724
0.0694859189291795
0.06996783579665201
0.07574758244057496
0.06362581991211132
0.06291888102337166
0.06716503265003364
0.06719161501085316
0.07229454022038866
0.07139637955912838
0.06548823416233063
0.07482318518062432
0.0761382548759381
0.0627912118755005
0.06889831988761823
0.06860188629340243
0.07581165129387821
0.06331125614060848
0.06589918093824829
0.06680156483694359
0.07016643936987277
0.0706092874278073
0.06461184765039771
0.07663610274041141
0.06529466276643453
0.07016284391283989
0.05846249160391313
0.06284598274915307
0.06744902418857371
0.07324048524929418
0.07255204763539412
0.06550343279485349
0.068334077588386
0.07084243489360367
0.0660873079603469
0.06566724553704262
0.06723259406647196
0.06173091706026484
0.07192565466242808
0.06335104808763221
0.07746063207310659
0.0662573559416665
0.07005658566399857
0.0739262924288158
0.07519593079470926
0.0751823100640818
0.07367353769088233
0.07298467018538052
0.07687470372076388
0.06963050386144055
0.07281274990075165
0.07376305151868749
0.07078793782878805
0.08728182198548759
0.06423559488245735
0.06323535022912202
0.06746558713968154
0.07834618845609603
0.06946172406552015
0.06581032879788566
0.07208244357672003
0.0669316232756332
0.06874964206858918
0.06704699965538802
0.0657113772575502
0.07404747136213162
0.06252464833151963
0.08295506104413006
0.07317801082023868
0.07520629713932674
0.0657946629518712
0.064307551831007
0.0716695468182917
0.059474247990658986
0.06891976476267532
0.07105986184130113
0.06423728875126
0.0707615420429243
0.061729219983573315
0.056980596786295926
0.06619692414447113
0.060643585260819505
0.06542650044516281
0.05627699582665055
0.05390672178732024
0.06860472613738643
0.05918964195168681
0.05749758405403958
0.0598325064336812
0.06457371999406153
0.07066833455529478
0.071377691226425
0.06865960014639078
0.0715071476513037
0.06813935183540538
0.07785203252677564
0.07336937629238323
0.06274276195714872
0.07353360854365208
0.07447589926973537
0.0676754834820275
0.07345940048495929
0.061752782168763655
0.07007354404777288
0.0670949661138433
0.06818054281865005
0.06699759913263498
0.06672909121132559
0.08239993625492961
0.06474023091572302
0.06680999271985558
0.070495483568973
0.06863824167737255
0.06477925705688971
0.0639317302654187
0.06936341475833345
0.07388828201564374
0.06728109030949848
0.07244406364582202
0.07101943433560708
0.06985670962819347
0.06966873230757537
0.0768149692427229
0.06925016641616821
0.06105382380041259
0.0697156445433696
0.06578168859360395
0.07035582112493338
0.06715428611884515
0.07422484498884943
0.06147665395918819
0.07323985588219431
0.07077027602052247
0.07057351060211658
0.06311602676632228
0.08157465013640898
0.06811086695503306
0.07468157082244202
0.05858261769430505
0.05812115280854481
0.0705526549783018
0.07243917896239846
0.07628366330431567
0.06167715394662486
0.08372982612086667
0.07191102668918946
0.06726537210245927
0.06438570214366471
0.07356783316505176
0.06572626558718858
0.06946619807018174
0.06741933131383525
0.06390004625750913
0.07397737374736203
0.06950047108586188
0.07178117948825713
0.06854183861502895
0.07368501669002904
0.07413768299199917
0.07703777147388016
0.07863649132627028
0.07668171074517348
0.07317511223394561
0.07086800307863289
0.07107580460056111
0.05682656624250942
0.06805701860813079
0.06304168763260047
0.05549624593307575
0.06893555695811908
0.059997466634269116
0.06669883516237692
0.07008051982632389
0.07109286808581264
0.07149555030520316
0.07621717901417503
0.06680563530298295
0.06481193337175581
0.07238830846768839
0.07117277094059521
0.06787661994221034
0.08026719645217613
0.06929576500422424
0.06771281071835095
0.07081975601613522
0.07333029916992893
0.07523224351030809
0.07673130784597662
0.07011290498215843
0.07403142488113156
0.08009086080171444
0.07018236843524156
0.07540937237165592
0.07000727696275269
0.07358025352436083
0.062488823370249184
0.06343585766713929
0.07404584534190319
0.07986060557542024
0.06667246483266354
0.07680894282680971
0.07967816165613907
0.07933627817503831
0.07575684285688179
0.07307836378890055
0.07291475172947955
0.06512056580848163
0.07331510509053867
0.06868836111216634
0.06837049119726375
0.06787329398233581
0.07051841086811489
0.07057229036258326
0.06597757118719595
0.06897999849860315
0.07975759336517917
0.05226889752817375
0.059451730714903936
0.0596332719411563
0.06564763322886494
0.06611749246992447
0.05020925937289441
0.061497753830971544
0.05675020586285326
0.06261810394762843
0.05972915291096325
0.059168829686111875
0.06477268523088207
0.05904941253915981
0.06752611693270781
0.060841543737936904
0.06663704973955949
0.06354377867171059
0.06699988797858909
0.06584257625595287
0.0550753699477624
0.06862084036348043
0.05937049089482537
0.06217715130360038
0.06478423825292676
0.061037805414310205
0.057722638464636274
0.06513668389783965
0.07986897092174601
0.06659516423112816
0.06432449100194154
0.06910719218905326
0.07617013156414032
0.06814393884053936
0.06956862899716254
0.06943867324541013
0.07711015138085242
0.06468257073450971
0.0644794167191894
0.06252030517767977
0.06421067996847409
0.06433628989314591
0.06159559547625206
0.06327492019368543
0.05921543834524022
0.05756589825506563
0.056705756699321444
0.06274155451467743
0.06629511231073627
0.06621680094826
0.06905491374157093
0.06046899245982921
0.06836440600454807
0.06730563124572789
0.061332137772330535
