0.6462522678905063
0.6608148702868709
0.6149214208126068
0.5222403153225228
0.5108546498748991
0.42484584009205856
0.4251554702167158
0.43597355484962463
0.3659617884291543
0.368280796541108
0.3316262728638119
0.29588785767555237
0.25839459813303417
0.1940680162774192
0.19939220696687698
0.15583250961369938
0.10837067378236463
0.13292532517678207
0.10008255861423633
0.08587844197258905
0.11655380225016011
0.10091005043230122
0.09117446519882867
0.10964723784235064
0.08093610216208079
0.0723855946454461
0.0953547271416971
0.06489888406186192
0.05123068300653594
0.04502098338195571
0.024307855801587855
0.01990392386775326
0.03926306738759632
0.016921847873298382
0.04201785229465545
-0.0065831668347258255
0.01666009015645142
0.01832196380322178
0.03154944883728469
0.03609192454152637
0.03197997578212784
0.05170559794297097
0.04750608588586113
0.04220246922880135
0.046804654998359854
0.02113879064024702
0.017028025584295392
0.01736497702680666
0.03308773270152785
0.035677958690535486
0.037577783692136615
0.018969718754912417
0.029611742994516303
0.022321613988390675
0.0014110286547629922
0.008726281855531313
-0.00800194463658112
0.006703615540000437
0.036044006341533666
0.03785350239249291
0.04644419444310996
0.02449442339517797
0.05117562834035467
0.05389019444636586
0.05265363622284322
0.052070720897366606
0.03937222444693799
0.02887904790825107
0.027192315345423088
0.018281373505791027
0.016599262297084486
0.022392274705149855
0.012690007669368276
0.0006598491497613766
-0.005173023583968946
0.014826781194036206
0.02517594533317067
0.011906234344846948
0.0029102712158217197
0.023253316766823882
0.018949958375068725
0.039008277895239495
0.022757185676945717
0.02763637687355556
0.030557573393539147
0.03509619821529163
0.05624859622265729
0.03573387243819458
0.050185734406113625
0.03478976499496235
0.02882178491671328
0.02733807330433693
0.012443652807700413
0.03534978979129206
0.018949811314491347
0.011293829625679387
0.025218236967231387
0.030069266411441344
0.00863089169272118
0.008963768021203578
0.003565784931803743
0.01504510246148264
0.004016870943208535
0.023364527740610624
0.041179112124222296
0.03108291114094081
0.014643237891572493
0.02340957814724081
0.020364618562679324
0.019590834052198462
0.010640706289214668
-0.011004666065909314
0.00861534169288697
0.006844385656424695
0.006101526136734281
0.009967249921626516
-0.010116022459610744
0.01681979155788819
-0.002171136293866396
0.038001036564647046
0.020584066570908936
0.04149772981785376
0.04065981572838845
0.027084056198536592
0.022514880169183016
0.02498020064861824
0.03614672787349533
-0.006621585102510397
0.019429727604060813
0.035329222558411186
0.010309334633078563
0.016216875778304204
0.0054550399589869715
0.0200846469864094
-0.008479521351142062
-0.008141346586247286
0.03402071223468671
-0.008511174911055368
0.0197421560253672
0.00949626307313641
0.0026800515544083384
0.0009433296379736728
0.006806428406249594
0.022487447096931713
0.012321268638953808
0.029156072918946545
0.027574544076169667
0.023168958708454198
0.017902853954755875
0.025658667798981898
-0.02424583366330437
-0.0054316746967810175
0.003521502528369806
-0.0031835728764740955
0.025532708274786948
-0.0008011306150971601
0.029783162322861177
0.04228975164221117
0.038796726933301044
0.04486454024703966
0.037198409054393845
0.026064390448111766
0.03206034135763292
-0.001527615029502798
-0.003262096377848475
0.014252454033811335
0.002265165266753347
0.026576504611444694
0.02508740523761069
0.023914536270442315
0.029728069366818224
0.017953447189130303
0.05004760170251959
0.01785674780883171
0.042922431910281174
0.004513935335799707
0.013697472961481523
-0.0007206795185252473
-0.004143456781834916
0.022900352659807714
0.03416378255416122
-0.007101855148061144
0.03345114368238245
-0.012898644065932819
0.00026271886330235885
-0.011913613215491987
0.03315788785133649
0.0046668987703958045
0.0009609246281562028
-0.018932795576229518
0.022488605265540106
0.031875413322941984
0.03714119618827546
0.04078279616725114
0.03362561365658486
0.0286511549277714
0.032528867634634175
0.052776387784871516
0.031986709679821854
0.03000434269024818
0.020494875239415303
0.016848221921396477
0.03738251419875909
0.004218439157638285
0.03205587188454552
0.016344851020861556
0.027250348849015102
0.017536436299215658
0.047276671828715026
0.01702494690781114
0.01661386725458282
0.026826062313005054
0.030481602987964398
0.026969111964313522
0.007922219241865806
0.03951796989336058
0.015156056361134958
0.04029230191372335
0.01780002702165533
-0.00023370324547781988
0.016627468927051976
-0.009073886502948072
0.004321736973468904
0.0005000580999034422
-0.007805518167852251
-0.0009309407560741184
0.007102341231614075
0.007197845234595998
-0.009254258350227718
0.02047518882210608
-0.00451851846365672
0.004970664106723335
0.0079543685995439
0.0034543636515822814
-0.022610677958086686
0.021756757761101687
-0.007688678863579062
0.021932894760673796
-0.035448722455098676
0.004425635544100293
0.009467612624306369
0.033342117322953765
0.024088469842724777
0.03804309747916974
0.05069021644023316
0.031197054725554254
0.039771368364906974
0.02779376923744739
0.0314553442273151
0.030723330685523926
0.01955085564232259
0.018375822002309614
0.01727799011428875
0.028708386881690886
0.002846138991622461
0.01567708311119565
-0.0016615526422996212
0.018204934830363426
0.008889518729928467
0.0014666504468078966
-0.0083298889027598
0.035855511120408426
-0.0008870829241695228
-0.0035158497781527264
0.00033837317109659863
-0.008636846057251442
-0.0026898544186864186
-0.006985078100115061
0.011014578846731671
-0.0003573614640454589
-0.006217089981806499
0.013298841838992236
0.006528812374367758
0.02012313783806921
0.022899725370936923
0.01524853671004099
0.008480296728925573
0.007436211322244533
0.002282332667770485
-0.0006926274961895413
0.0034271883088405485
0.0036504508116868913
-0.006069619674235582
-0.008410070975380088
0.006987032351187534
0.01797812062971018
0.021281390597491904
0.028154691250097973
0.03263353739209749
0.025247044537940785
0.029178668054993504
0.027724712604173907
0.006425606016246429
0.0385712172611858
-0.009469198627845832
0.018457373668853607
0.0419831983572631
0.01850900225582774
-0.002427943848521897
0.023790358600241167
0.009521273785611373
0.01699135048935811
-9.952604563699829e-05
-0.01818545869793053
-7.08504683441586e-05
-0.014106175043033782
0.006293714262062201
0.016033859216366655
0.008035846761669274
0.017393937215847137
-0.0011123873776307813
0.015240432056425899
0.005972349593691804
-0.0014257915619829739
0.028072924452350923
0.017901895011568233
0.0066844729999839154
0.024112549144774675
0.02400791534671077
0.00850816280581057
0.0012408164071126117
0.028303174250241783
0.011881827350912822
-0.015979680323248938
0.0031855516135692596
0.0013260109154981802
-0.011706840626343532
-0.026403074814610322
-0.0010787184830944709
0.013920393082554694
-0.0015107806603838173
0.024860279996775918
0.026439438970690524
0.026207945516539946
0.01048575111457871
0.00373421066130201
0.017743914144510334
0.01787060613019599
0.022071609670227324
0.025850873250790215
0.0109462334808928
0.03522073429215838
0.033362681559218024
0.017326873106261093
0.015152030797707994
0.021666713615155056
0.04196902357378147
0.00817310942026476
0.009620690179333367
0.0043304653501965934
0.030014611083768412
0.02334568127386134
0.01093206412365867
0.03658749859055711
0.0087065316684958
0.02062323937813441
0.001514339905784086
0.009004986362048873
0.019416339557479928
0.026053706597950723
0.02997773318013599
0.014411206460661359
0.016346277825909458
0.02508241769262693
0.014613264348116462
0.009064611219973475
0.01858204174183171
0.003633011624010073
0.02229281275099816
0.005564941068533463
0.03324621296660216
0.026032063558145805
0.027740210169684833
0.024068767987450376
0.04345711359012596
0.037347405631509095
0.03851707368502738
0.0332521673327493
0.04642011876718176
0.031042251296134457
0.0365099716172726
0.03287866131264578
0.034574959349508085
0.06082811229538897
0.011222719439063911
0.0007687419096732305
0.016673399066483532
0.042164494550821406
0.026602742880910496
0.008222742834024958
0.027192338507760455
0.01363630808406958
0.016971228825342324
0.010307641983941991
0.010575105398419072
0.03273269113291193
0.01302113294325493
0.05225787519615282
0.045310286425605965
0.032917599790919294
0.017912329896514874
0.016288948555787403
0.02288126806659555
0.004939141385774646
0.021454765240411722
0.015552799545090508
0.008232210107423641
0.027542088374805946
-0.003934813185306093
-0.01196616176511506
0.0074736780780195085
-0.0001596934744156897
0.004170993429229215
-0.019446813466924208
-0.01463974071925299
0.0010035058819792336
-0.009300738935255341
-0.013121167422030811
-0.006812855596999051
0.008700951830380492
0.024910054497282813
0.026853122933836723
0.01942833318995933
0.029140636784076277
0.024874621661621386
0.033288512648410956
0.03717089836114879
0.014336239628459292
0.03474611854525628
0.028192026023235586
0.022487098385614378
0.028643622630220814
0.01399846490541542
0.020064588520822494
0.02070503401639009
0.016961318518345554
0.015739787137135863
0.01435306095690639
0.05710739028398638
0.0069525860318983045
0.020736845348168303
0.026503192950729972
0.013154107835833673
0.012402271713923526
0.005519440441814906
0.022499635591413134
0.029632440774649795
0.01100545319625073
0.02565393379578988
0.02815345733392018
0.027232251337005034
0.021392646901033544
0.03666498697862995
0.025236091973191058
-0.0015842913201561681
0.019465543728546
0.01947619289556449
0.011558895947894565
0.025485399662068597
0.035851952654344064
0.006946419477807703
0.03181921009457222
0.028742928049285656
0.01678774282508702
0.01663197313124935
0.041054688256095956
0.013619302853907424
0.030280169034894142
-0.009639790195419832
-0.002969442586483503
0.018677693990024703
0.03448253583714918
0.037286698861323575
-0.0018532748713537498
0.043254545563724135
0.02565896346371759
0.01394285404778741
0.009339800341641185
0.028681710280512494
0.012388339266180992
0.023207335215475824
0.024381083201121697
0.013163867234079927
0.028385419314468488
0.024792819045682403
0.01822833727217383
0.02441753122817587
0.03297523053845874
0.040513613748502125
0.044530539784183795
0.047591696658249326
0.04062226440550552
0.034392940147814376
0.031527751203005515
0.0181679494023599
-0.01306629571546283
0.013517539029837482
0.008529465611058253
-0.015485930851557188
0.006884315387449331
-0.010720816271646914
0.009005761291417811
0.024489867466467398
0.023295027941154938
0.025041370100721164
0.04130141393074559
0.014474164621249118
0.013788355005629084
0.0288124596355138
0.031187158207305603
0.02170440720079501
0.048600817720095314
0.019192801525436894
0.028934365009061165
0.029370090493035537
0.03375765388072641
0.020882449235715386
0.05061852511156489
0.027993763684881507
0.031021294783352426
0.05431085886192267
0.023563761523864406
0.03946797350956196
0.01812293081308814
0.04110345411700783
0.009685122287245813
0.015838016238477495
0.03549718028268587
0.049696256372111815
0.020787579945236858
0.043087095574096394
0.05132715469571175
0.05364762470816021
0.044360527527277115
0.030261714183897885
0.036125291897742835
0.020970516363848692
0.023866052592725114
0.026738512057043543
0.011504311860470032
0.023331318499037513
0.030690153766179853
0.032473737072130596
0.014726032138612398
0.02442925084485776
0.04352398630214372
-0.019034193828701973
-0.006601508918080341
-0.00043961393681389316
0.000732129551815214
0.009553538725918366
-0.028620735940488952
-0.004198525290660284
-0.01373983324770557
-0.0027791400940191968
-0.004288008371885452
-0.0037731776203684233
0.013226960869764702
-0.00513924083120569
0.007058650927825106
0.0010940405287935089
0.010182247268622395
0.0043976884335279465
0.020952745271777665
0.009117601163409374
-0.009991252923403712
0.012229019232715169
0.003950627473251963
0.00938721515962647
0.0030731011906431783
-0.007651995688556107
0.0007993852529950716
0.017516361103237916
0.03446903926992996
0.010681761333856869
0.016182962977499875
0.025812946620000596
0.040007661689607496
0.02164884063380736
0.029068081631083733
0.029864926348198897
0.03661034026838563
0.018941659652800473
0.012012886661708492
0.0100465475935144
0.0011568724725360949
0.006662687674785654
0.005578772536763508
0.007850598405908656
-0.008034689369163028
-0.006673496095808568
-0.008257642250370097
-0.0036423069476667377
0.015235056371979968
0.008334604005708738
0.011388399431274997
0.0013572857100775258
0.027357184897280402
0.017093074680478486
0.0035192841594969787
