80.4077599843343
14.489117790151525
13.616732063116851
12.787693747767696
5.910134681948909
8.613941585576093
9.759900501480809
10.409930759006077
10.953564295062312
14.0440145333608
13.078545173009237
8.176738615389224
9.973736085273602
9.428089027051572
12.078345987531874
8.65542013115353
10.404373789275134
10.832726569087416
6.51686915203377
9.98089501813606
8.676135630519301
7.057662130505951
8.530188569316158
9.158054345183903
7.598412100915556
5.758084343539344
8.436408249316392
7.863226104665686
8.197401566637886
6.566831095351113
7.684710108571583
9.770179752950314
10.042421648899714
8.963310339936504
6.25403286240719
7.0004663555710405
9.695340947972404
10.590568445346973
7.201077847569077
5.561116513830644
6.543930643686542
6.642964380206885
5.936291942441905
6.263980248460063
6.2708601741879075
7.659239150859691
8.135222544824636
7.072368122913219
9.550037398934364
6.531238510652825
7.0308597457629665
6.28454864135495
6.112948386757462
12.786923655757198
3.605869378756594
7.0201574701953815
8.516455538846829
8.056423552610257
6.758334054439156
6.880110449261135
7.0089689112371865
7.447104279641752
10.119237791608882
5.095312785771158
5.417567954019264
6.0242831878088134
4.074791691921376
6.700463966087058
6.110127665378429
7.192986220673278
6.0746665867390455
6.664827202205305
4.681988405408682
7.35758019928579
5.98659694912257
5.961523240915051
8.393223018006042
6.430044572110529
5.427711189896972
6.325289644576885
7.237558818525738
6.1848497677732395
8.24222087473781
7.743923943903711
7.799581029900798
6.4917670195853265
7.9083012480426715
6.908551864050053
4.652661901933175
6.349291469763826
5.620263507244764
6.879781163677022
8.117828542987505
7.4513412824383485
8.66142638248426
4.561431314106341
7.825614005327225
5.514333988229434
6.205202188204836
9.729294708481541
5.02147813141346
6.6946954178037466
4.604185591141383
6.610076320944009
7.408230620401877
7.760661573321731
4.895089212667059
8.838381186679557
6.562884605041257
5.040858077782172
7.521399953299099
4.134300915731324
6.324793777532047
11.457424795186078
5.966034275238161
5.320564005109999
5.499790744649039
7.213966323821633
7.633213249621568
8.134375439749824
5.905435759712149
4.1092981679572
5.87473372011273
5.829089891027521
6.351215376346199
5.209290661745602
6.969699775731122
6.254052683435105
6.354944373998377
6.347634706784178
7.40334924503609
4.449557974658631
5.808784346889566
6.784212549527486
7.780516498066761
6.532627033414664
6.214664312424483
5.971616109626161
7.188571571751877
5.0703143764425205
6.717587814838798
4.7865098742423235
7.796080510925363
5.461894657324861
4.832584266309385
5.464773494060393
4.801292494215347
5.948487896058294
5.420089511683694
6.530973892520975
6.260092117996128
4.885346127604997
4.916393390960163
5.257790728299706
5.869829337630007
5.43519168485094
7.244134767739861
4.670248949417362
6.098361190270494
5.699921203984155
6.270084079217027
5.996704073967757
5.360288701123661
9.944944645795557
2.7401806000206204
5.75054367935216
3.5529160349181406
3.6238740845410913
6.514857390688525
5.786876850106098
7.152086051249945
6.1731304316608995
4.568510532103203
3.972915203689977
5.571788334736118
8.282003282258907
4.940652695105031
5.006844302984299
5.044494319293234
5.500577605156987
5.383993343898544
5.0318594125133975
5.951538482749903
5.309428807485987
5.76195595358257
4.5251028741951345
5.231192625783108
4.491591005689568
3.838446180301684
3.885287560246609
3.8442948481274977
6.232329939250593
5.29306245567622
5.214562926717378
4.697010824939719
4.39485580501733
4.86841383052093
3.3721028178654335
4.829431100576012
4.742006672753228
4.338156743733971
4.695839533099422
3.7558740955536014
3.7974882176904767
5.171405678408013
4.895845881214848
4.173462448296724
4.166476141109511
4.85556668319084
5.927979131125742
4.6797095430945905
5.077195168921241
4.568246455794132
3.142882891137291
5.016362724204858
4.10570081240601
4.06639895491578
6.722985920530778
4.424214117228985
5.758580849954376
4.554478871601599
4.7992504350841045
5.6111413428076995
5.275536801528047
5.2187393582253545
3.9249947697476104
5.164071546522556
5.53324994775984
5.253609833618005
4.404627115086273
5.095777439988321
4.3780828982039734
4.49024574900115
4.889440651569101
4.754864726353575
3.472865776331336
5.8830559991852
5.086620585234077
3.977500683179608
5.051338640903985
3.807983120282491
4.279745069366914
3.8403011129962072
3.818985593539697
4.186195406234926
5.22539837575621
2.9918081492737487
3.7366636710034475
5.045175140930547
3.318093947928261
3.9606575129760637
4.0718238632436154
4.496844199106649
5.298164427142452
3.4717083967946194
5.3146563117150905
3.665966978503598
4.541112355335995
4.837980977639004
3.617944606338386
5.957502128625357
3.6392604463768228
4.342312643649401
3.7345871963986643
3.6014786239851406
3.7152945592447564
4.064985874074477
5.526697174128559
4.467878216670619
3.979777099357711
5.930197856492466
3.265507818924056
5.511724813116921
3.812797571497935
4.329799067091058
4.627940356731415
3.980429662598504
5.238158546388149
3.864754101468457
4.454838359521495
4.633420346511735
3.9568116764227548
4.666652080085543
4.8369740195296425
5.44012897434058
8.012389345853418
3.8283463824126454
3.930672022479552
3.788349583055134
3.7735178305043116
2.299296271952766
3.455927730710418
3.7299490638629154
3.0029626016815505
3.7076920437867993
3.804549725519286
3.6682433698464325
5.276211160200614
5.565781620641549
3.420004761467377
3.3427784789215633
3.7358845105325735
4.06154063074953
3.685001156120389
3.0985283708130873
2.911466777738598
3.7201515386501947
4.344711338066393
3.677230114186252
5.279655786576094
3.847299388713307
4.457185741927889
4.657392290179376
2.9070301829250873
4.4645271395091655
3.6103403688304954
3.9738754437615476
3.896562799811363
3.936229611988421
3.6393446599443755
4.379809346463945
3.4067592289712696
5.81620296118436
3.9592581493435084
3.3034081467323833
4.448733806058213
3.462472330778837
3.573996583620707
3.517726366304689
4.604796759232327
3.904305912002369
3.1507486004244396
3.062266117030824
3.590161145285324
5.240192967432517
3.4489243906681186
3.5224128227542946
3.504802326085391
3.4317197035308236
4.7831876651832355
3.0685500657116926
3.371248291115518
3.267554548603517
4.10342685698911
5.308288904803771
2.7370363865737564
4.16024959390914
3.3708536335163646
2.700435406907841
3.0917166281077595
2.964899756497255
2.0038346194282726
3.6773759902075485
3.6276170725899712
4.009088679320282
2.6572247547683894
2.1183944637024843
2.422037809535309
4.256331640399164
3.7720696345937474
3.6906979569682368
3.251233587524405
2.635330751814224
2.522181551627539
2.328936503717193
3.634487077179882
3.6656088037071406
2.9369623693465083
4.819891865330714
2.9276435412466526
3.231261913423185
3.498043962926776
3.2042294173604913
2.6261212188336582
2.932748247489885
3.5533895302149983
4.190226519963256
4.072051000401929
3.4694838859140873
3.164013046219393
2.8860478328058012
3.5029415259206735
2.5250276287120803
2.9324617799785404
3.695821369687716
3.904078908264637
3.127086813941046
2.3547474424596184
3.1348509155213833
3.6514464978266647
3.485652732214442
3.4737223211537906
3.552440899113814
3.4175750187563674
2.681765437402107
4.461405707730187
3.823154827648843
3.3634357700745263
2.8343880168265767
3.51461504123829
2.923130859379415
3.9675349264785096
3.6531521751096956
3.7232745110436722
2.826006713012854
4.398164486788489
4.172621344388635
2.832841201512902
3.3757719971515514
3.052024569362402
2.786353364034935
3.3113974347986557
2.1759238810174995
2.8186635243947857
2.153331125775973
3.077559055553542
4.389708949046002
2.448811847164675
3.0390702487417944
2.790193843620795
2.1104054343369274
4.049224472708172
3.404547686378161
3.000026664386193
3.82203950236241
3.1450370036203554
2.662670435452903
4.034691660630482
2.9994240661186202
2.922334731039074
2.8877624934194266
2.406702085501618
4.135594996589202
2.4533584945731692
3.11517691626041
2.9371797700447067
2.9792875098409475
3.230059451803013
2.576835192050095
1.7747598061407055
2.571662290573672
2.819010393901004
2.7935162388064243
2.839848978513921
2.59981882792932
3.3315978592468634
3.922307169823735
4.194272932630998
3.508385874193024
2.756334851875349
2.4885406796303062
3.2901545709206
4.1185186806100385
1.3892037443540715
2.4456793342337564
2.9906612144852125
2.7615846568649567
2.810182490006641
2.446702742604194
2.8735852445372276
3.2952802501342915
2.977616780196075
2.9707314445188753
2.177658074156002
2.6559561266805285
3.048728001338464
2.2154068189362683
2.919058462811841
2.910905724874249
2.4665916189551353
2.099584110633091
2.172432045003882
2.988071017795139
2.93146309863638
2.6946057118475437
2.6395127161371486
3.399306017215605
2.177903185288111
2.925667120902627
2.1948910541142577
3.103578022232762
2.3749168963619955
3.023866682968758
3.1311570484605102
2.2043350024355783
3.921060772888638
2.6533268794969276
2.831311038798756
2.5229648789735855
2.557986038426558
3.388458337151894
3.0888607554413654
2.5433680775264897
2.557928969255752
2.0451617229867867
3.3998131971392365
2.7232435908582477
3.044610674596495
3.717597673750586
2.2808508879884526
2.7911632682576224
2.631761974206677
3.4571331935348333
2.7251210596274444
1.4562241588201787
2.231331234452901
2.8008557594622725
2.2352020039602563
3.4197442897216037
3.6295276255243354
2.7540949478193566
3.629069456899608
3.0089193299688675
2.057981882934217
4.388313401628424
4.428302678659007
2.123156232138475
2.942800215272992
1.9324724165101845
2.684686733064828
1.5124068152573373
1.9240328795104116
2.861634977368845
2.234465762282963
2.1900796292832605
2.3998064112470106
2.682952264668765
2.7462773298223815
2.8770612675558636
2.3495021475547992
2.7836345705307193
3.054183531138632
2.1219897467505047
2.1362573340259217
2.3823095176506928
2.7967731838149055
1.862913671122105
2.621431825751508
2.3277318219619767
2.1632581710539482
1.6276331679826532
2.303053187413348
4.150403149977878
2.3001192105175168
2.593018618895224
2.306573994319748
1.8537431342734232
3.8642436482564166
3.1280854916269027
2.3260095759674355
1.8464330719025046
2.2547841431504048
3.162533610024386
2.6300391329935304
2.1974801965471773
1.8032282240412854
2.4323061229316174
2.190649321923653
2.468109682133352
2.4821153237587876
2.419358819447182
1.8276785998432725
2.2399075870160705
2.610887299912671
2.002749712102943
2.359186502104556
2.1343518325162156
2.2034224735365973
2.7530579833934703
2.0944758016202183
2.4073778930361622
2.1997464376467244
1.546551653770385
2.691364754612247
1.6747393295237865
2.123239519453987
2.01302365006672
2.6405327480148384
1.5401749332193975
1.9818706858765196
2.1438865784417698
2.18044742445151
2.6852747418538288
2.1431061600645385
2.4538417526486294
2.260471688238559
2.586187705397606
2.1435451980818203
2.0671910736019963
1.924768741277081
2.233915297107564
2.5489037810928292
2.9266337883417255
1.8867860543369144
1.6935134258949094
2.0871235593049615
2.02975498057074
1.885230188154512
1.8156222517567653
2.255631741826181
