1.254122667387128
0.5227572507224977
0.4423921411391348
0.36367747909389436
0.30906002344563605
0.28187774480320515
0.24076555501669644
0.20201015686616303
0.1705961266590748
0.15536061611492186
0.13138460388872772
0.1138615433126688
0.09571492166724056
0.08935173790669068
0.08099188983323984
0.07332599928486161
0.06996445755939931
0.0623683909943793
0.05912307095131837
0.05198664803174324
0.05016900594055187
0.04970417761360295
0.046835811919299884
0.047916816498036495
0.044456430870923214
0.043846153010963465
0.043174877788987945
0.043277320289053026
0.04167617020139005
0.0393122059002053
0.039239160798024385
0.041274725561379455
0.04012596230895724
0.03804526017629541
0.03926162093994208
0.04042963914689608
0.03811786049336661
0.03786947390181013
0.03916967824625317
0.03683374043612275
0.037239327665884045
0.03551248253788799
0.03570626910950523
0.0342210914590396
0.03620387100672815
0.03655592553259339
0.036781895306194204
0.037103114009369165
0.03718338729231618
0.03815783534373622
0.03659089786815457
0.03516598673595581
0.03670880167046562
0.03624558597803116
0.03524378014844842
0.03363985282485373
0.03447733875655103
0.03411392167035956
0.03382840907434002
0.034798083835630676
0.03303233785845805
0.03464486690645572
0.0333763411763357
0.03666096698725596
0.03231191622908227
0.03388716376794036
0.0341071850300068
0.03363728127733338
0.03302366779535078
0.03343504032236524
0.03266116113518365
0.0316421038703993
0.0322244486596901
0.03352286098815967
0.03235389155743178
0.033583358553005385
0.03364556184096727
0.03241557404689956
0.03215657208347693
0.03366320342756808
0.03284288828144781
0.03700365531549323
0.03548113846918568
0.034491324573173186
0.03350432126317173
0.03251184543769341
0.03286202687304467
0.0332745847874321
0.03184542769158725
0.034431102342205124
0.0336076585954288
0.03510584983450826
0.03440457613032777
0.03458294904557988
0.034964208767632954
0.036976060317829254
0.034295953690889294
0.035895109595730904
0.03514831146458164
0.03415188995713834
0.033795125209144315
0.03623528698517475
0.03698089220852126
0.035125171387335286
0.03644578500534408
0.035816147091099995
0.033948237245203926
0.03379798986716196
0.03453554266015999
0.03629114500945434
0.033089779660804196
0.033750842572771944
0.03361339231487363
0.0331614557740977
0.03480026945762802
0.03296324134571478
0.03393150919000618
0.03117905971885193
0.03288694667862728
0.034229170059552415
0.03511921809113119
0.031240391128812918
0.03129093355673831
0.03500733545224648
0.031742734916042535
0.033248211914906275
0.033339715033071114
0.03144279668049421
0.0337167905876413
0.03314364849065896
0.03379827029129956
0.034931135256192646
0.034164207079447804
0.0356596548226662
0.03408582146221306
0.034787192969815806
0.0362981859856518
0.03514647878764663
0.035452314815483985
0.03485841382935177
0.03601679699786473
0.03650319639127701
0.0370506675390061
0.03678803556831554
0.03700675895961467
0.03770203077001497
0.03704805921879597
0.039044800944975575
0.03517101174511481
0.0378422481007874
0.03745545395067893
0.03700169438379817
0.03646462349279318
0.03741908789379522
0.035537963110255075
0.034767914231633765
0.0347480338648893
0.03567787331994623
0.03309018840373028
0.033377461429336105
0.03559418229851872
0.0354631468973821
0.03750650685979053
0.033918886142782864
0.03398567642725538
0.03442011324223131
0.03496254457568284
0.034399067822960205
0.032828886815696026
0.03470352500444278
0.032925626769429076
0.03562003707629628
0.03543356891314033
0.033914713643025604
0.03320206179050729
0.03242049856635276
0.03342504174797796
0.03295798566250596
0.03282685371232219
0.0352330965193687
0.03329285832296591
0.03479158747941256
0.03429888752289116
0.034757115741376764
0.033488559874240306
0.033428421505959705
0.032530231881537475
0.03388914717943407
0.03460719034483191
0.033110552074504085
0.034846568404464054
0.032646264816867186
0.03595842140202876
0.033449810039019215
0.03441473558486905
0.033974825660698114
0.035511299830977804
0.034219123126240446
0.033889729299698954
0.03505190825380851
0.03390561272390187
0.034148776007350536
0.034627369517693296
0.034053529213997534
0.033964851853670555
0.033027176425093785
0.03429059742484242
0.03352125390665606
0.03394570566015318
0.03365701549919322
0.03269301109830849
0.03316259798302781
0.034863471021526496
0.03386403982294724
0.03374942823429592
0.03384738321474288
0.032882160085137
0.03290639882034156
0.03159226895950269
0.03343103458173573
0.03270487879344728
0.035197587302536706
0.03320372821763158
0.033252998284297064
0.033678376965690406
0.032977330026915296
0.03425273565226235
0.03533769663772546
0.0347166352905333
0.03394802819821052
0.03195391656481661
0.032632095989538354
0.03502280254033394
0.03277929898176808
0.032725846776156683
0.03262471341586206
0.03254107866960112
0.03284058047283907
0.034663032169919464
0.033837367646628994
0.03483215253218077
0.03463777934084646
0.03620024770207238
0.03401740442495793
0.0340063762414502
0.0340658880857518
0.032832383512868546
0.03273505825782195
0.03397543663450051
0.033183460583677514
0.033441519510233775
0.03350112721091136
0.03261551831674296
0.03389504638325889
0.033898947379202585
0.033166032645385715
0.034738818011828695
0.0347830200829776
0.03538371300383005
0.032963597838534045
0.03591427385690622
0.036170893246890046
0.0330096201505512
0.03416132335842122
0.03440767709107604
0.034285288956016305
0.0335866789217107
0.03467901018448174
0.03380024769867305
0.03632179330161307
0.03354508174816147
0.035106580919818955
0.03347277179709636
0.03394058499543462
0.03321074018895161
0.03256451671186369
0.0325248361506965
0.032812342743272896
0.03263639213400893
0.034966676036128776
0.03250325806147884
0.03345311828597915
0.034591744834324346
0.03331088551785797
0.03338046022108756
0.03223251119779889
0.03419805750309024
0.03362296119157691
0.035052052457467654
0.03254135163442697
0.033481235909857784
0.03340729958727025
0.033330655278405175
0.03246230160584673
0.03221668300393503
0.03344715200655628
0.03318152213178109
0.03302264920785092
0.032187571699614635
0.03481737872352823
0.0339729419501964
0.03337784421455581
0.034414437523810196
0.034440869468380694
0.03282315789547283
0.03294717578100972
0.03464702547644265
0.03428871149080805
0.033406857520458286
0.033724233054090294
0.03437990351812914
0.033564302072045395
0.03354782477836125
0.03425850166822784
0.03378602307930123
0.03318567411915865
0.0337906194588868
0.03405535042402334
0.03503827380482107
0.03290241404029075
0.03321203107770998
0.03286009792063851
0.03308211099647451
0.033748875281889926
0.03356779087043833
0.0333915208466351
0.033130303063080645
0.03586277299618814
0.03444905928627122
0.0348564310290385
0.033297101844800635
0.035113844176521525
0.032663423704798335
0.035320551428594624
0.03434914605750237
0.03376527822983917
0.03347460011718795
0.033306825085310264
0.03350917347997893
0.032560608876519834
0.034623224652023055
0.03438309780030977
0.033839834071113725
0.03422284438274801
0.035617058881325644
0.03415401121892501
0.0343308405688731
0.03221261726284865
0.03187054687878117
0.03228503759019077
0.032423880067653954
0.03318894249678124
0.03288980906363577
0.03345707764092367
0.0326039613049943
0.03351768155116588
0.03307080028462224
0.032868129695998505
0.03198031786887441
0.03260794257512316
0.03454741259629372
0.03238123684132006
0.03294317356485408
0.032004398008575664
0.03279797640279867
0.033848633896559475
0.03235343266860582
0.03318936116702389
0.03305587909708265
0.034429568503401245
0.03395219859958161
0.03335423312382772
0.03298536147049162
0.03284311430179514
0.03392075496958569
0.03440314580220729
0.03353078787331469
0.0340767693676753
0.03279669156472664
0.03455937273974996
0.035388310824055226
0.034831847363966516
0.036505832761758936
0.03476663359906525
0.03563986775116064
0.03482293044799008
0.03433084210846573
0.035640194389270616
0.0347893102443777
0.03561189856554847
0.0340699281077832
0.03456795957463328
0.03470267337979749
0.03605607415374834
0.03544395560747944
0.03574649096117355
0.035561532466090284
0.0360931219678605
0.03405293574614916
0.03505777285899967
0.03356209003250114
0.035014565679011865
0.034758478606818244
0.03377918010228313
0.033521193376509474
0.03374177110090386
0.03428738129441626
0.03456482186738867
0.033554841100703926
0.03319132725591771
0.03328018586616963
0.035711929626995695
0.034340113212238066
0.03285256550880149
0.033001406051334926
0.03415160861914046
0.03444066340161953
0.03298596614622511
0.03285230292531196
0.03529023601731751
0.0329870440356899
0.033788771741092204
0.0336968130141031
0.03274982457514852
0.03323585459729657
0.0352434929140145
0.03200870981090702
0.03343893068959005
0.03362586776784156
0.0325503628468141
0.03308040240081027
0.0340352325438289
0.03359913361491636
0.033940450975205746
0.034570538462139665
0.033988082001451404
0.03345676748140249
0.034104641430894846
0.032962821944965984
0.0332257024187129
0.03508756003866438
0.032973257621051744
0.03357454471406527
0.03274393286556006
0.03386672947963234
0.032406908916891554
0.03378781233041082
0.03289662017195951
0.03321572717104573
0.03329640845186077
0.03487705510051455
0.033090537204407154
0.033410377783002335
0.03221730530785862
0.03330173476715572
0.0327935742068803
0.03228995978424791
0.03258319618762471
0.032356849528150634
0.03363850225287024
0.03263127704558429
0.03267135311616585
0.03300519545155112
0.03262319760397077
0.033216383584658615
0.03271009538439103
0.033529815162182786
0.032760528588551094
0.03327770225878339
0.0342246528074611
0.03263602839724626
0.03348021235433407
0.03600755479419604
0.03365456518949941
0.03482617603731342
0.03332712611590978
0.032494085768121295
0.03225496090890374
0.031812004890525714
0.033769286650931464
0.03277402739331592
0.031437545441440305
0.03188003688701428
0.0314263169944752
0.03269515464780852
0.03325464092195034
0.032606026384746654
0.03361231049930211
0.033704481975291856
0.03524038234027103
0.03324265334522351
0.03459796883398667
0.03523508163925726
0.0336665020295186
0.03470977538381703
0.03435038955940399
0.0333147373778047
0.03442976238438859
0.03495001584815327
0.03435566952393856
0.035016258613904935
0.03439200540015008
0.034917799767572436
0.03562003732076846
0.03447470857645385
0.03418421141686849
0.03436227095662616
0.035531625495059414
0.03437232367577962
0.03471334633941296
0.03384679944720119
0.0328378332342254
0.03393832756846678
0.03423890630947426
0.03418404397962149
0.033889856678433715
0.03372153349337168
0.034174887606059204
0.03516590912768151
0.03436375496676192
0.034354096205788665
0.034111650550039486
0.035044296688283794
0.033754908299306406
0.035675287910271435
0.0346926394617185
0.0342072767263744
0.03398327761969995
0.03432478279864881
0.034509801006061026
0.03500152502092533
0.03404935631842818
0.03413173744047526
0.034362120463629256
0.03467951798520517
0.034585408688872124
0.034873810209683144
0.03562722716596909
0.034571020273142496
0.03381102634302806
0.03501650211401284
0.03405314326228108
0.035417011534445916
0.03344639439310413
0.03426222601847258
0.03455323297821451
0.03326839130313601
0.03418331733555533
0.03334918412729167
0.034239368126145565
0.033611170621588825
0.034371350207948126
0.03290981798782013
0.034678968784282914
0.033515632324269976
0.03479733473504894
0.033798179944278674
0.03414382613264024
0.034246855866513215
0.03314009919413365
0.03294257924426347
0.032814943077391946
0.033784367889165876
0.03351206925872248
0.034129372838651764
0.03342260725912638
0.03330826021556277
0.03342001759156119
0.0333393851557048
0.03343145979160909
0.0333351591747487
0.03458457346132491
0.03348244303488172
0.034028295095777136
0.03322011280397419
0.032615903628175145
0.034206935664406045
0.03316135304339696
0.03282119014183991
0.03438953361765016
0.03342225963424426
0.03328129327273928
0.0331234631856205
0.03323154601966962
0.03376158007304184
0.033034533666796054
0.03266543093486689
0.03361920472816564
0.03465747400769033
0.034611067321384324
0.03332141869177576
0.03282601770188194
0.03452790617593564
0.03455328377021942
0.0348282368038781
0.03384275145363062
0.03400805943529121
0.03436126870510634
0.03416016619303264
0.03445758008747361
