-0.01362522054114379
-0.01342324364813976
-0.013290378893725575
-0.013183055142872036
-0.013026287831598893
-0.012898083293111994
-0.012821561458986252
-0.012730414810357615
-0.012618356273742392
-0.01251419189502485
-0.012425573414657266
-0.012312729825498536
-0.012267456651898101
-0.012210661108838394
-0.012125720118638128
-0.01206837131176144
-0.012029169144807384
-0.011972496786620468
-0.011903492925921456
-0.011892292386619374
-0.01187519914819859
-0.0118504460377153
-0.011845812591491266
-0.011832162784412504
-0.011763986363075674
-0.011734882183372975
-0.011695039400365204
-0.011691412358777598
-0.011668974364874884
-0.01164655281463638
-0.01165239533293061
-0.011668504920089617
-0.011651067569619044
-0.011651855701347812
-0.011643551755696535
-0.011649066081736237
-0.011653051903704182
-0.011606274358928203
-0.011586509540211409
-0.011547911103116348
-0.011521757137961686
-0.011506993987131864
-0.011487474117893725
-0.011486960999900476
-0.01148450667387806
-0.011477918270975352
-0.011447705060709268
-0.011466175207169726
-0.011513787542935461
-0.011556834453949704
-0.011555308598326519
-0.011553770292084663
-0.011533930007135495
-0.011602405383018776
-0.011590011836960911
-0.011577576980926096
-0.011607327446108684
-0.011594284803140908
-0.011616685922490433
-0.01158876921981573
-0.01156992768519558
-0.011555379803758115
-0.011581300775287674
-0.011574761854717508
-0.01157686262158677
-0.011571491445647553
-0.011573264608159661
-0.011575020046439021
-0.011582331242971122
-0.011592220893362537
-0.01161989209940657
-0.011624648963334039
-0.011627801635768265
-0.011576808814425021
-0.011542085011024028
-0.011556661943905056
-0.011577437823871151
-0.011562402098206803
-0.011580399633385242
-0.011580777098424732
-0.011612281308043749
-0.011591564549598843
-0.01160433578188531
-0.011627142241923138
-0.01164488376234658
-0.011665330646792427
-0.011664309061598033
-0.011681671190308407
-0.011681231769034638
-0.011674498621141538
-0.011598334979498758
-0.011587132659042255
-0.011595510598272084
-0.01162270114873536
-0.011624832276720554
-0.011656432441668585
-0.01170261754305102
-0.011686236498644576
-0.011686013248981908
-0.011695011937990784
-0.011715707991970702
-0.011745673482073471
-0.011703499971190467
-0.011722203431418166
-0.01173288471181877
-0.011725196224870161
-0.011727604578481987
-0.011716827657073737
-0.011654607742093504
-0.011657398042734713
-0.011670865095220506
-0.011667226039571687
-0.011668780905893072
-0.011686249857302756
-0.011688086990034208
-0.011702669208170846
-0.01169840499642305
-0.011681010556640104
-0.011704523320076987
-0.011756904178764672
-0.011800541321281343
-0.01185174160054885
-0.011868806381244212
-0.011871959624113516
-0.011857321573188528
-0.011871531972428784
-0.011853711045114323
-0.011878230998991057
-0.01186930199037306
-0.011883683991618455
-0.011908644618233665
-0.011878222634550184
-0.01192125310190022
-0.011910186626482754
-0.011945110093802214
-0.011965218733530491
-0.011984893720364199
-0.011957297491608187
-0.011941220477456226
-0.011961647216230631
-0.01198792782961391
-0.011999926227144898
-0.011989629856543615
-0.011961895180866123
-0.011956818285398185
-0.01197081939317286
-0.011988478474086151
-0.011966260016197338
-0.011932342150248586
-0.011915332445641979
-0.011902984260814264
-0.011895353050203995
-0.011914143263129517
-0.011904557526577264
-0.011870235030073673
-0.011844234459567815
-0.011845075082965196
-0.011835053341928869
-0.011827380716567859
-0.011835113336564973
-0.011822476523229852
-0.011845119227655233
-0.011851444776402787
-0.011833731579827145
-0.011876924976240844
-0.011880450864555313
-0.011862010112963617
-0.011842166283167898
-0.011809873912716285
-0.011827050044666975
-0.011862199631286785
-0.011907428450649604
-0.011946056631859391
-0.0119686562276911
-0.011892893892945722
-0.011918173305457459
-0.011909720883704723
-0.011935296817682683
-0.011947981867706403
-0.011914139887085184
-0.011929017532384022
-0.011885942122898997
-0.011854702286655083
-0.011859683971852063
-0.011880651890533046
-0.011895486281719058
-0.011923041503177956
-0.011910228617489338
-0.011902437527896836
-0.011874668480595573
-0.011893523304024711
-0.01194856142392382
-0.011952380521688611
-0.01195810490171425
-0.011991295614279807
-0.011990762577624992
-0.011975476483348757
-0.011965095211053267
-0.011986589949810878
-0.012024034629575908
-0.012009295751340687
-0.012034057802520693
-0.012028317822841927
-0.012058880506083369
-0.012071549228858202
-0.012064244726207107
-0.012050164403626695
-0.012045460322406143
-0.012020875449525192
-0.012001600407529622
-0.011991690698778257
-0.011990475124912336
-0.01201429939828813
-0.012044898309977726
-0.012100032943999394
-0.01208656361559406
-0.012109924817923456
-0.012129500898299738
-0.012141501740552485
-0.012100911227753386
-0.012043775233905762
-0.012009262514766306
-0.011969551059883088
-0.011966204131022095
-0.011941055220086127
-0.011971312272362412
-0.012017513014143333
-0.012068145110970364
-0.012072655541123823
-0.012066177476663142
-0.012060275598196312
-0.012028318765806035
-0.012017012492287904
-0.012019165058154613
-0.012045057234354317
-0.012041233899071812
-0.012063835433218628
-0.012036620144499466
-0.012013252603355794
-0.012016433157259598
-0.012004064075881615
-0.011942195956362412
-0.01198140617343597
-0.012000844662543387
-0.012015331437578426
-0.012029256630921737
-0.012045368883991613
-0.012028995080618188
-0.012006766477134079
-0.01199676575488411
-0.012023947597481311
-0.012041192018659785
-0.012045816541649402
-0.01205686031607911
-0.012024529121117667
-0.012030919769313187
-0.012067078409017995
-0.012023107748245821
-0.01200990688521415
-0.012038281379500405
-0.012031325505813584
-0.012042221205774695
-0.012025153398280964
-0.01199509521247819
-0.012024598027346655
-0.012009256810415536
-0.012043062160955742
-0.012039468297734857
-0.012027192919049412
-0.01205200431868434
-0.012050610693404452
-0.012063004169613123
-0.01206686788937077
-0.012082057038787753
-0.012127823114860803
-0.012156131013762205
-0.012182646809378639
-0.012155791040277109
-0.01210930192610249
-0.012067548948107288
-0.012068073585396633
-0.012078896118327975
-0.01209970444906503
-0.012093763612210751
-0.012091708637308329
-0.012096527544781566
-0.012060469359857962
-0.012007256766082719
-0.011997934867395088
-0.012022155564045534
-0.012030720722395926
-0.012000179290771485
-0.011989715858362615
-0.012027154752286152
-0.012045774282887578
-0.012070607725763693
-0.012077479396248236
-0.01207526818034239
-0.012067969475174323
-0.0120639723027125
-0.012053402652963997
-0.012070481822593137
-0.012083378271199763
-0.01207520651514642
-0.012063135002972559
-0.012077513302210718
-0.012043263152008876
-0.012030245014466345
-0.011984850058797746
-0.011947360233170912
-0.011939533142140135
-0.011936995305586607
-0.011952231283066795
-0.01197394942282699
-0.012015002185944468
-0.012049650913104415
-0.012029532348969951
-0.01204611801658757
-0.012028712127357722
-0.01202316505368799
-0.012001557560870424
-0.012011521466774866
-0.01202500254730694
-0.012033045251155273
-0.012075434863800184
-0.012059461569879203
-0.012033601192524657
-0.012068953865673393
-0.01214807754731737
-0.012168420944362879
-0.012169006693875417
-0.012182205251883715
-0.012177302833879366
-0.012207424931693822
-0.012214185536140575
-0.012184166524093598
-0.012173564056865871
-0.012177976663224399
-0.012178281269734725
-0.012186551361810415
-0.012160198501078412
-0.012099534133449196
-0.01206162547459826
-0.012044809001963586
-0.012052592437248677
-0.012065061833709478
-0.012081565632252022
-0.012091416190378368
-0.01208431423874572
-0.012104229687247425
-0.012069422239437699
-0.012064695713343098
-0.012056753842625768
-0.01203660195460543
-0.012057238642591983
-0.012057575932703912
-0.012105803884333
-0.01212909264722839
-0.012142193206818775
-0.012151670368621127
-0.012145352480001748
-0.012169583066133782
-0.01216491304221563
-0.012159411644097418
-0.01211867137462832
-0.012072791601531208
-0.012086845963494852
-0.01208405450452119
-0.012081364449113608
-0.012088678585132583
-0.012032422295305878
-0.011977179610403255
-0.011982590303523466
-0.012029600160894915
-0.012034590297844261
-0.012036836956394837
-0.012053283560089768
-0.012016569124534726
-0.01199574582860805
-0.012017785653006286
-0.012003419670509174
-0.011984944262076169
-0.01200154961552471
-0.011978599184658378
-0.01198958907625638
-0.012019032635726035
-0.011961152992444112
-0.01195578946499154
-0.011959606601158157
-0.011967135977465659
-0.011944929260062053
-0.011958803393645212
-0.011946407973300665
-0.011992111912695691
-0.012021431571338326
-0.012025291589088738
-0.012023727502673864
-0.01202387830708176
-0.012043163186172023
-0.01206943845609203
-0.012099548528203741
-0.012105756817618385
-0.012121113599278033
-0.01213329482707195
-0.012112474913010374
-0.012114897440187632
-0.012126357201486826
-0.012131391081493349
-0.012158022099174558
-0.012160763010615482
-0.012118788447696715
-0.012123081012396142
-0.012136916333111003
-0.012142388586653396
-0.012178374466020613
-0.01220715242670849
-0.012176152813481167
-0.012139664468122646
-0.012135639868211002
-0.012122068874305114
-0.012091595452511683
-0.012078462913632394
-0.012080307817086577
-0.01208854754222557
-0.012050816643750295
-0.012059259763918816
-0.012031017080880701
-0.011997648782562464
-0.012016621220391243
-0.01202506417175755
-0.01202787082293071
-0.012007026752689854
-0.012018988549243659
-0.012022506934590638
-0.012011218693805859
-0.012019925442291423
-0.012053190503502264
-0.012065003172028809
-0.012070554157253355
-0.01202971946913749
-0.012041637644870207
-0.012032768712379039
-0.012041735305683688
-0.01201667558052577
-0.01196528369328007
-0.011950655054533854
-0.011969026655424386
-0.012018756126053631
-0.012039434793405236
-0.01201624633395113
-0.011976796825183555
-0.011958185693947599
-0.012024603289319202
-0.012034980452153832
-0.012071276165079326
-0.012074627861147746
-0.01206627869978547
-0.012015651090769098
-0.01201800893759355
-0.01199214841471985
-0.011967283766716718
-0.011916259734425694
-0.011881737812655047
-0.01187629354535602
-0.011856321489904075
-0.011908234067959711
-0.011894933745497837
-0.011838072392856702
-0.011822044028667733
-0.011811744183069095
-0.01183567470870912
-0.011838632181752472
-0.011833595181815326
-0.011866562673822046
-0.011861528875306249
-0.01185377478832379
-0.011853304546093568
-0.011893292429158464
-0.011950167815666646
-0.011917104927124455
-0.011873335216660053
-0.011843427608255297
-0.011854451708495617
-0.011861553590279073
-0.011819160333834589
-0.011808687250595539
-0.011801606137305498
-0.011821023642551155
-0.011853548942599445
-0.011869701719842852
-0.011842177715152502
-0.01180849660304375
-0.0118212103494443
-0.011812262656167149
-0.011831603763857857
-0.01184767700615339
-0.011818639683770015
-0.011832708615111187
-0.011888011742848903
-0.011902616778388619
-0.011905735312029719
-0.011920812289463355
-0.011923821672098711
-0.011929240537574515
-0.011960110667860135
-0.011971905385144055
-0.011949621158419178
-0.011958773277001455
-0.011916488484712318
-0.011884861486032605
-0.011891750525683165
-0.011899175425060093
-0.011915432690875605
-0.011942758597433567
-0.011963129928335547
-0.012001300073461608
-0.0119985620258376
-0.012020840198965743
-0.012052388105075806
-0.012013822310836985
-0.011986630433239043
-0.011990020924713463
-0.011973868473432958
-0.012007991742575542
-0.0120253250177484
-0.012055830232566223
-0.012038321077125148
-0.012008484313264489
-0.012062588718254118
-0.012065704900305719
-0.01202166333096102
-0.011980829067761078
-0.01195744018186815
-0.011945441225543618
-0.011926478135865181
-0.011904163617873564
-0.011872805253369733
-0.011867926706327126
-0.011872184020467103
-0.01183269385364838
-0.011889574554516003
-0.011916952265892178
-0.011928231443744153
-0.011964744079159572
-0.011997633648570627
-0.011989542964147403
-0.0120262190583162
-0.012026270770002156
-0.01202682289876975
-0.01203055758960545
-0.01203366812551394
-0.012025630957214161
-0.01198587022954598
-0.011995133862365037
-0.012009013781789691
-0.012020528002176433
-0.012004270771285519
-0.012035604054108261
-0.012040813424391672
-0.012034274940378963
-0.012009883328573778
-0.011975951585918665
-0.01196751989191398
-0.01200749767012894
-0.012030089588370175
-0.01201593351433985
-0.01204680507653393
-0.012082825705874711
-0.01207225423422642
-0.012063586566364392
-0.012043444864684717
-0.012088725832290948
-0.012089234276209027
-0.01211848704260774
-0.012134638195857406
-0.012166726781288162
-0.012161013577133417
-0.01217149044969119
-0.012195316836005077
-0.012169279850786552
-0.012166326260194182
-0.012166862399317325
-0.012120206444524228
-0.012094527785666286
-0.012091369106201455
-0.012054278823779897
-0.012030127504840494
-0.011991797172231599
-0.011975171160884202
-0.011994513380341233
-0.012024897302035242
-0.01199413116555661
-0.011996643600286915
-0.011972915078513325
-0.012001387134660035
-0.01203562097507529
-0.012077886908082291
-0.012111541733611375
-0.012074164109071717
-0.012089969270164147
