1.270053115580231
0.5390172339044511
0.45812956104055047
0.37918897029012444
0.32460845187306403
0.29698811257258056
0.2565150855341926
0.21710038678720595
0.18572213612496852
0.17072643064893783
0.14682784732431173
0.12889388146577402
0.11070297161350026
0.10398073500255123
0.09554665526375175
0.08813600586727262
0.0844488559232559
0.07718798343557864
0.07358719211188144
0.06633791270578512
0.06451647534267976
0.06383972441544757
0.06126922823023051
0.06208665790909436
0.05846582763770129
0.05819360666791908
0.05727362020115834
0.05707204376521986
0.05534473959996831
0.053207166184438395
0.052941799763357264
0.05520678528700955
0.054061730587272906
0.05174273089214694
0.05297196358733345
0.05419563036703039
0.05176888982095988
0.05170800118939951
0.052710615139221775
0.0504579370317515
0.05084891852748115
0.04914766380097717
0.049129218934103845
0.04782897394616157
0.04978479170895298
0.04983657087432221
0.0505379525537137
0.050414001609897244
0.05069966890150681
0.051927913355757485
0.05024394858046435
0.048621489405923056
0.05037501355545828
0.04977976945810951
0.049163803926785474
0.04748908171022777
0.048175517715571915
0.04782656196985045
0.04746175415348262
0.0482790018824744
0.04658465093671112
0.048193339208955875
0.047205543029122055
0.050252492717118
0.0458737718698103
0.04733459159178892
0.047669652829063124
0.04730708726565354
0.046749025619647
0.04734598360519158
0.04629709896544228
0.04528261915256735
0.04593179958901601
0.047218164638616146
0.045842817236552945
0.04746518021274824
0.0472472247085534
0.04607663848728407
0.04577355310902931
0.04724703038082225
0.046637667081085965
0.0507211885516881
0.04922031718306243
0.04809136337862583
0.04726541208801791
0.046508682395506186
0.046721191829419695
0.04689484421396628
0.04555098670825828
0.04821261192555539
0.04731709754851181
0.048587505021714605
0.04833397536131088
0.048285267570463475
0.04853684459230863
0.05061033853853587
0.048118677633465265
0.04965819439967163
0.04880951297527645
0.048063494243251625
0.047625326113484336
0.050262725408538246
0.05068720293347724
0.04897414695005864
0.0500296852143947
0.04946601266274229
0.047814570448827
0.04766790010908153
0.04841328077018261
0.05017982161079999
0.046925642383575904
0.04752516750013456
0.04750390182598494
0.04700057521695271
0.04834928018390201
0.0467717124382034
0.04781694682897068
0.045158952390193005
0.046462948182306715
0.04794071726500988
0.04915028452523984
0.04514042654045625
0.045341406561783516
0.04916163458692609
0.045727739114954605
0.04721797202801099
0.04717292335553793
0.045466294254583775
0.04766650155652315
0.04702804139815271
0.04784729180682916
0.04899963969364762
0.04838255718350411
0.049751795722113454
0.04818664921040181
0.04906164050626103
0.050506209014565685
0.04959573136293329
0.049777467612875624
0.048839331552153455
0.05014286640798673
0.05058959286834579
0.05109021457028575
0.0509996425738791
0.05084366135415621
0.0517064286628738
0.05121994866931345
0.053312614107562696
0.04952754487749189
0.052068260993110016
0.05154606178693939
0.05091265068840585
0.05056938799098134
0.05157285018503899
0.0495375389320543
0.04889242141216528
0.048733211698709054
0.04972294134640833
0.04723530827468494
0.04741063008987112
0.04965487898152787
0.04934278503351379
0.051596883893944324
0.04815708227251889
0.04776210985146463
0.048372839878720694
0.0490033068752382
0.04856851183867548
0.0470128786204441
0.0489092777192127
0.04661866809765343
0.04965813029994024
0.049661603590357116
0.048141262831632045
0.0474470590648707
0.04650671607232652
0.04750632094801403
0.046928007152746434
0.0469685907359235
0.049205446388805286
0.047305316463462074
0.04908952802215936
0.04842669819190633
0.048616627679439264
0.04756189484905917
0.04737619199731853
0.046799146142438984
0.048018880077870564
0.04850915385177359
0.047027283761417495
0.04890622810344212
0.04670765701594064
0.0501993420009967
0.04749613888561725
0.04862065497727599
0.04802540272066835
0.04988711899204645
0.04836326421936974
0.047997934657905715
0.049105848866747695
0.04811596212093718
0.0483787655190099
0.048724589482299054
0.04833258751314133
0.04813948171795346
0.047326734400121494
0.048741271917242555
0.04762330606463365
0.047988315805559977
0.04801845191104803
0.04704141037946101
0.047364930133335294
0.04908334789797664
0.04798506338847801
0.047960766867618077
0.048139921241090636
0.047097331826807934
0.047490425559226425
0.04590887031517923
0.047729653009446336
0.047028807198512365
0.049279005793505345
0.047552107294905
0.047267263106186876
0.04772552897920832
0.047062302744598127
0.04870348506374285
0.049709642969537525
0.048868142138235274
0.0480766798107652
0.0460858471604297
0.0466196079243673
0.04926416295347735
0.04698170066258171
0.046991126210195945
0.04676568983704783
0.047001990673015824
0.04713992252654862
0.04890098691394087
0.0480604214448249
0.04909151734755142
0.04843872238416225
0.050534263378358445
0.048132240551058206
0.04807802233553957
0.048223068172228524
0.04712262391112745
0.04712370363122318
0.048200973877101205
0.047222039129701444
0.04737125072570052
0.04760239085590001
0.04705430668545887
0.04823438473395072
0.048251378737040794
0.04753829602850601
0.04895871576736681
0.0488774060155265
0.04962438976799603
0.04724775176437106
0.0503563238424249
0.050448296091053633
0.04710661472636275
0.04841290542826755
0.04854248040937818
0.048494132216728755
0.047761984835960905
0.04899509726674296
0.04812274045252707
0.05055473000393249
0.04756740207085386
0.04909669220796786
0.04760852621111553
0.0482466175351874
0.04774876971496269
0.04709938359446823
0.046949191091698594
0.04716769969963934
0.047113667699159124
0.0493749941320857
0.04690203818900045
0.04749380001157988
0.0487682638966362
0.04751931998907821
0.04759730074438266
0.04634276602446334
0.04857278891722672
0.04788302075467073
0.049192745177424516
0.0467362234252505
0.047319967628573066
0.047350709118472875
0.04765809604141395
0.04674437231587945
0.04633047039387748
0.04774618220690172
0.04744317881413736
0.04744347484374885
0.0462834099016618
0.04914536489668535
0.04831487612682395
0.04736692909500562
0.048690100098610856
0.048648067413887476
0.04745322867674986
0.04695973921916448
0.048910715503734534
0.048361789353657515
0.04738821270584594
0.04803377500793431
0.04840163531480357
0.0477815024118172
0.04766108764306409
0.048341137758689
0.0479316482465947
0.047440546042344066
0.04811319963482674
0.04811486472317483
0.04933579120406648
0.04702827577712014
0.04750257906562183
0.04720031222095713
0.047116652110707945
0.04798534029396251
0.04791345405974425
0.04756255109095946
0.04742662225762615
0.04999438242521137
0.048742442557704636
0.049332958235754634
0.04781132039497606
0.04947999965515919
0.04707116965728346
0.04955233603250235
0.04888214662205428
0.04831569205416599
0.047828252744511704
0.047566276547149754
0.04814305366890039
0.04704381988558452
0.049150787861435674
0.04875048687244998
0.048182001350505745
0.048481888667447494
0.04980310550454305
0.04816655826143688
0.04883569429366617
0.04641738525388064
0.04609783650666941
0.04656976750411559
0.04672034522227477
0.04752318219252629
0.04714956722746137
0.04779544780903962
0.04679649727186188
0.047930683349841276
0.047610685559629926
0.04717040772375185
0.04636940528434934
0.046887708554277194
0.04917690248985309
0.046746780100511386
0.047420639399206266
0.04632108436198905
0.04722842043847777
0.04813142317580059
0.046658189242589285
0.04749961757042911
0.04734580045042094
0.04891720182495192
0.048120757775905076
0.04767608084948734
0.04711912096827291
0.04719790025847033
0.04854049749555998
0.04854583608394023
0.047582455302472224
0.048487865319475534
0.04705779541982338
0.04882098559464794
0.04953725347586442
0.048864941726787944
0.05072484924457967
0.04888881374063203
0.049863886434468443
0.04883045650931308
0.048647681598959026
0.049867195541446564
0.04893907943041995
0.0497918183071306
0.048295943744597024
0.0485810486075934
0.04879702706384705
0.05020749837567564
0.049618120762170294
0.04976857431756798
0.04986462138622301
0.050176056241616605
0.048073333577485756
0.04937789349351078
0.04794146349886432
0.04946378605673089
0.049237144317885395
0.048259399668313566
0.04810940645402297
0.04810491865646327
0.04860904325032607
0.04912155820056796
0.0481031582923606
0.047651289528585036
0.04763742121867835
0.05000600896164542
0.04852180429006694
0.04723285052750725
0.04754462143755518
0.04856389219348785
0.04866863122733776
0.04738191479991656
0.047071304950804915
0.049625231615209486
0.04745601122122025
0.04795534822915215
0.04799901315855095
0.04723964136355789
0.04763580200378783
0.04953858655644581
0.046241038775769995
0.04749842041055672
0.047871208406286316
0.04689680430456065
0.047143181154388
0.048147557899937965
0.04789804881438613
0.048205260402755815
0.04866524843382649
0.04816443380259443
0.048028296703705564
0.04862754204368684
0.047367803592351265
0.04766115487436764
0.04940824484656332
0.047131604250171225
0.04776898628042545
0.04685154779581353
0.048308532235387246
0.0467384907824453
0.047904671877040526
0.047022135398583485
0.04736560226592701
0.0475516121747205
0.04887303040886763
0.047171646810602395
0.047708768278243954
0.046514267357997595
0.04735242877941346
0.04719016753952019
0.04649572310590884
0.04691863645275589
0.04674559598206542
0.04789442468900233
0.04675647322583245
0.04674781780340709
0.04703800566494465
0.046901254999102096
0.047403949618455954
0.04689223149325698
0.04741133181669284
0.04698238863929873
0.047246555041056126
0.048124989290954545
0.04671926650335081
0.04720885374408681
0.04997088358795736
0.04753020697971806
0.04875065035012085
0.04734303886361886
0.04648857907304773
0.046360951903625394
0.04562646900885738
0.04758829229394905
0.046785823436221105
0.04557571822660975
0.0459728694302612
0.04544393403630238
0.046843987444299275
0.04722503899538424
0.04630840613826877
0.04763922939746408
0.04771061353385449
0.04909460517810658
0.047254090513160915
0.048452583233301996
0.04907887102745008
0.047479253327765036
0.048736068011203316
0.04816941613826202
0.047327150736236945
0.04855596880952362
0.0488657243171474
0.04853203275415581
0.04886083871824667
0.04834124267217703
0.04914269402070204
0.04978628482786007
0.048590605505160055
0.04852225481445203
0.04853060886234743
0.04985104156949092
0.04839053277100902
0.048739420980564316
0.048240725402138196
0.047195988740713804
0.04837673755246215
0.04842496291967109
0.048485884655383414
0.0479283422260778
0.04789803456078516
0.04847454323171405
0.049370280426228416
0.0484810996480519
0.048718779820774216
0.04814298345008865
0.04926919418212492
0.04798929044627585
0.05019668506574817
0.04903599363169633
0.04844488371309126
0.0481772712606471
0.04861176834674552
0.048681888160353994
0.04938767513231142
0.04829344603640493
0.048345766590500716
0.04840814582858002
0.04871822205313947
0.04867940104741138
0.04862829454505117
0.04995054881437681
0.04852502995054238
0.04779718709323788
0.04917085373599548
0.04825039752322482
0.04948952553968411
0.04772607253107708
0.04856051029637456
0.048776744448696265
0.04741718608565861
0.04867831499286694
0.04771095444157254
0.04855097548279445
0.04769935518852435
0.048591231268073895
0.04706363644509111
0.04882095473294612
0.04754766720870975
0.04904552353254985
0.04808662453433499
0.04808650971390307
0.04846269464760553
0.04753825726802461
0.04732463812106289
0.047134915068454575
0.04790824327501468
0.04789442304900149
0.048416746671136934
0.0479430001534638
0.04764533948618919
0.047837929654633626
0.047655235369165896
0.047611067653633654
0.04755203598178923
0.04885716364660766
0.04783770561334677
0.04842181584972423
0.04756498081987957
0.04707306469499599
0.048883476888295266
0.04763020790705923
0.047069934190949424
0.048738270820467736
0.04792409393703565
0.04781023946707137
0.04755808343179524
0.04759196836675983
0.04821130949712824
0.047176607241272
0.04691221160755958
0.04797820390667766
0.0488134204846574
0.048843380174366756
0.047460483768372794
0.04713393507117871
0.04855874449713156
0.0486629699356854
0.048975857335608455
0.048109275856404565
0.04847314822254702
0.048722378170350564
0.04846563848259393
0.04859196009638254
