-0.002305225849102752
-0.0028367359414460227
-0.0024470413696745575
-0.002328436064504224
-0.0025221415438914513
-0.002212284343923837
-0.0029279704561498004
-0.0023598159582108877
-0.002507653625452072
-0.0028516222590177108
-0.003017670411570819
-0.002719609256811917
-0.0027205932985178123
-0.0024183357561320673
-0.0024290455272384932
-0.0027416355948342353
-0.0024552293936246777
-0.00284709569531566
-0.0025606280915017655
-0.002458972262793047
-0.0024722700015794574
-0.0022851008136260285
-0.002587604031146909
-0.0023376784401013566
-0.0022454107385337526
-0.0026125714890414377
-0.0024037031446224764
-0.0021033109296622167
-0.001999594824006667
-0.0022484075922981294
-0.00205024383046174
-0.002263554979126723
-0.0022847005355649598
-0.0020456149854943097
-0.002066790673489216
-0.0021169251774386224
-0.0019979774462480725
-0.0022322531894085505
-0.0019544274497488743
-0.002076285422925936
-0.002087834260491505
-0.002128187158926155
-0.0019354755260897944
-0.0021209213278765683
-0.0020964140845168844
-0.0018027273574222485
-0.0023083520569438217
-0.0018447126462159623
-0.0020024938073517793
-0.002213243731642614
-0.002097742283982668
-0.0019017323206758697
-0.0021322819873535737
-0.0019317780334252813
-0.0023300120197995546
-0.0022716519518190094
-0.0020908516645847417
-0.0021183555602289255
-0.0020166593327118052
-0.001892149016765099
-0.0019823853434888516
-0.0019930924002081072
-0.002247901060784466
-0.002016763938997018
-0.0019849929017672794
-0.0018759362841821003
-0.0019892031648833714
-0.002094786073321281
-0.0021430264938810963
-0.0023187222195246602
-0.0020160458252131653
-0.0020158662163106468
-0.0020795491448227454
-0.002118494651643432
-0.001946840684818052
-0.002325159833727092
-0.0020242249861231023
-0.002098662185854018
-0.0020365815150746565
-0.0020030498357403587
-0.0021824975458110325
-0.0021259689368663378
-0.0021348431041366524
-0.0019728965713869395
-0.00211620707183659
-0.002331506395691422
-0.0021948559257605805
-0.0019385880548247387
-0.002024327183618274
-0.002107011040110007
-0.002111103993929786
-0.001894522632259532
-0.0023338887576095256
-0.002079617217179774
-0.0019478035956746243
-0.0019778459005347555
-0.002120106552514503
-0.0020768484049859095
-0.0019751882763050705
-0.0022165924294559715
-0.0021144931022735484
-0.002281764969835043
-0.002002810736194066
-0.002126772292256868
-0.001851015356687563
-0.0019246693566109974
-0.0021387285826124152
-0.0021530823100623627
-0.0022231303654769883
-0.002231278549218285
-0.002164997593587614
-0.0021070990318472716
-0.0022217288448581176
-0.00215286955558579
-0.001860923899285355
-0.0021058019196613224
-0.00218703273198792
-0.002298882225735083
-0.0018714781845109885
-0.001954643030619521
-0.0022305251670941975
-0.0020482940261641685
-0.0021816666602103713
-0.002282339687879753
-0.0021276827711044777
-0.0020982281510611876
-0.0019794972331333245
-0.002145266612758684
-0.0020804092435374065
-0.0020007086183548807
-0.0021403768327807825
-0.0021902817319759014
-0.002297096775810101
-0.002181954292365759
-0.002155717576726668
-0.0023092288833400838
-0.0022231294130179323
-0.002491955301013632
-0.00238393226198364
-0.0020192704164658515
-0.002138141595899018
-0.00208647019038162
-0.0020499171461642513
-0.002249711618658598
-0.001880083997187168
-0.002033578203237285
-0.0021834111444749477
-0.002301553377345744
-0.0024241909309011636
-0.002310680313717514
-0.0021876237059588826
-0.0020156035215066147
-0.002190621347330218
-0.0022492050317505542
-0.0021293409196479042
-0.0022802725242146936
-0.002140102683161045
-0.002210014606885355
-0.002317739414725707
-0.002198055177780991
-0.0022382200138862927
-0.002034518696246712
-0.002238932137635785
-0.0024044645789417065
-0.001899508389146587
-0.0020722757875053623
-0.002178752178811483
-0.0023272776874457583
-0.002374117921081417
-0.0023787027794311107
-0.0018308416518280468
-0.0021306647415066868
-0.0022819780115934827
-0.0022578929845053497
-0.002352103391062904
-0.0021680439993263523
-0.002171558226156589
-0.00203472447499998
-0.002193755156709387
-0.0020582099001676736
-0.002083440600931974
-0.0024119984401024088
-0.0022731082024624095
-0.0019998280381615776
-0.0021926830404481595
-0.0020522842129799415
-0.002345872815752513
-0.002219504150257887
-0.0019995260430371808
-0.0020420629445780437
-0.002166136441039773
-0.002112830546578029
-0.002288539956171315
-0.002088223923561161
-0.002214623858580623
-0.0020598144480306973
-0.002400342731505978
-0.0021790460406561378
-0.002121615589998749
-0.0020299061683457962
-0.0022010535500693873
-0.002195931767800702
-0.0020689020731134073
-0.0022201776910970084
-0.002103080631103327
-0.0022353133319800433
-0.002400510284718843
-0.0020565917485491554
-0.002021734683039847
-0.0023598359456487
-0.002356708771050142
-0.0022118569928710023
-0.002205577370219841
-0.0020761253105937407
-0.0021113058190721234
-0.0022059745533467194
-0.0021052469202414324
-0.0024545257953878298
-0.002175099763446897
-0.0021977072384411823
-0.002280153133248114
-0.002072155964914854
-0.002378827963605856
-0.0020480604116603464
-0.00210609675526674
-0.002113660516574406
-0.00243323657628898
-0.0023038014336105527
-0.0020788512617826715
-0.002062474217637103
-0.00207165509648351
-0.0019591931995251747
-0.002224348092058695
-0.0021832366078905372
-0.002220222241934694
-0.0020997422922183233
-0.0023970765442846596
-0.002262721871398156
-0.0022247019766370724
-0.00220662061343731
-0.002255300849103771
-0.001858747057970961
-0.00235260977338938
-0.002113991550046407
-0.0020563146629414496
-0.0021279234488115807
-0.002244871595084641
-0.002359650246996392
-0.0022187708923427584
-0.002041812582087771
-0.0019057836560260832
-0.0020600716825584175
-0.002392971987316914
-0.00228247808108899
-0.002327902256588665
-0.0023413434746872796
-0.0021528194853955808
-0.0020712782634245462
-0.0022307699820599326
-0.002245872571497948
-0.002410724498013084
-0.0022351814166587077
-0.0020718408047391253
-0.00225648652265696
-0.002110205216061062
-0.0021995864621222813
-0.0021322436741485927
-0.0022766189146139148
-0.002295299655098111
-0.002180932444450656
-0.001971709735496252
-0.0019271071780191328
-0.0020688865124623757
-0.0022239755061091633
-0.0024102064837109973
-0.002378736062187481
-0.0022417082917785295
-0.00219956585276751
-0.002367973573423199
-0.0023407693811748507
-0.002330706572082514
-0.0019617857480172278
-0.002076814843558393
-0.0021146711202217018
-0.002125131916240597
-0.002013727313578917
-0.0023142621638367724
-0.0022528029416630626
-0.0021427579041380096
-0.002172716311363013
-0.0018080112683228288
-0.0019432302886002173
-0.002337724895665694
-0.0022549162622903323
-0.002068012941013553
-0.0022284224349714945
-0.0021841773375819384
-0.0023455573384823514
-0.0020278687845458054
-0.0022640139388069467
-0.002288531421788864
-0.0019186029778231251
-0.0021922842424193386
-0.002131991293020308
-0.002566935595313645
-0.0019350501807332526
-0.0022204270714626497
-0.002042832772178066
-0.0019965048296760324
-0.0023621817397181
-0.002082198614816383
-0.0022802051297624083
-0.0021610316261822804
-0.002108686840128929
-0.0021306229935141225
-0.0022052210527635867
-0.0022930477391148204
-0.002013396372756121
-0.0022688052686441447
-0.0021026968686518113
-0.0022889902578063837
-0.002328692699642593
-0.0020095384159509733
-0.0022034196971131874
-0.0022702282533123485
-0.002111568441230749
-0.0022627181154059386
-0.0020626556001681474
-0.0021453057226951096
-0.002308106255271587
-0.002345212129714519
-0.002183950203494894
-0.0022304433923752004
-0.0020243598044651255
-0.0023188150009226887
-0.0023662471847689438
-0.0021800886337846603
-0.002081474909829162
-0.002455598914893145
-0.0022966599049357717
-0.0023673646960324147
-0.0022678549961279394
-0.0022805420981698216
-0.0022142354483249693
-0.002133454100990989
-0.00194748522019772
-0.0024232878817924686
-0.0021133519521257444
-0.0021429754716593445
-0.002180500066993324
-0.0022270431133637634
-0.002269543977277998
-0.0022030042348505814
-0.0023017681855298983
-0.0021352971425154742
-0.0023554259195302644
-0.002434081250265602
-0.002173185404203394
-0.002246894126254906
-0.002128095460906343
-0.0024841373268005536
-0.0021959599339427204
-0.002312552764796438
-0.002157274741955495
-0.0023117724499528867
-0.0022099977140242035
-0.002217910422136124
-0.0022262020850353616
-0.002208556715460902
-0.002398954770261574
-0.002136136992789922
-0.0023446679697097295
-0.0021511691491029328
-0.0023251857407475458
-0.002585152388295145
-0.0021058533500444843
-0.00199838383572887
-0.0023945267253961955
-0.0022653581379255966
-0.002243827185036828
-0.0021455229652552975
-0.0020481500864540482
-0.0022174669753441596
-0.0021435807105931403
-0.0022344293944163486
-0.0019884933335387
-0.0023556863060531902
-0.0022712116489039926
-0.0021901628900481197
-0.002212783677625285
-0.002281086301694879
-0.0020542857503604516
-0.0021479456378753147
-0.0021593122331214354
-0.0021527337620215665
-0.001996792008695236
-0.0022793613780301425
-0.0020590559263122866
-0.0019772343417698126
-0.0022506819117470225
-0.002279825009106931
-0.002343463246241123
-0.0023575519882799018
-0.002346924805776353
-0.00247573803678853
-0.0022482500715225394
-0.00219530457258752
-0.0024253450509295394
-0.0023902954392555466
-0.0022991990222294588
-0.0022384469253164895
-0.002170998555995732
-0.0020447746485410894
-0.002237896322497576
-0.0023648410905512175
-0.0022051309800343406
-0.0020518149697431654
-0.002256284231479844
-0.0020833622345166843
-0.0022129267160501563
-0.002377371649340368
-0.0020881135582383747
-0.0022218923623387454
-0.002401269414113624
-0.0023491308525305345
-0.002235834100829093
-0.0022013116223600195
-0.0020618409085574494
-0.002228719345609936
-0.0023213772042545598
-0.0020349081079182457
-0.002105298758925783
-0.002279926447649605
-0.002242302473537061
-0.002083491594379655
-0.0021564264010940164
-0.002518338477630866
-0.0024578975825574807
-0.002334427432512448
-0.002405732990702869
-0.0022790471293576363
-0.0021255777550778106
-0.0021527062752143638
-0.002090939222068755
-0.0024765191348946835
-0.0023809268424627842
-0.0021478326819421275
-0.002106758971418837
-0.0021104403080534624
-0.002238957278335455
-0.002019178580132798
-0.0021229237316010814
-0.0022737869777045353
-0.0022619816837961713
-0.0019794178957054432
-0.002321965496793288
-0.0021394846316000566
-0.002319789356473115
-0.0023707373900984383
-0.002263773865756858
-0.002157912279393409
-0.002160204972339275
-0.0021510724215524244
-0.0024017636983727107
-0.002331244679167259
-0.0022739021653715523
-0.001986582790027952
-0.0023837877262199046
-0.0021468087218109886
-0.002088592293555165
-0.002247563514505813
-0.0018900092043323004
-0.0021297336536032245
-0.0020090791346732972
-0.0020629455202912914
-0.002162137924348828
-0.002141188805662275
-0.0022126985671965943
-0.001864296276903582
-0.0019019006013347162
-0.0021384609026105983
-0.0022947452129935325
-0.002238380759439951
-0.0021560634069849064
-0.0023296724152999924
-0.0021617107893426466
-0.0019007735606751369
-0.002205895139020976
-0.0021525827651972832
-0.001984521243052301
-0.002169259532863088
-0.002046117810821424
-0.002022579232803956
-0.0020004886637437326
-0.0021946885672649878
-0.0019713496421776473
-0.0021937738405461704
-0.00229349773995981
-0.002027696830082381
-0.0022737463156441845
-0.0019388450039014792
-0.002028425040899301
-0.002301072609990876
-0.0022370068356498936
-0.002155786398436831
-0.0023661379964788455
-0.002218716677832161
-0.002360642890493697
-0.002101720625853387
-0.0021412130669721196
-0.002502175680385807
-0.0024589801032854075
-0.0025229771524419046
-0.0022432980390474284
-0.002338710692363258
-0.002037185723866286
-0.0021779390338296347
-0.0022788155365757483
-0.002151983264454954
-0.0021035219406933927
-0.00237805323083246
-0.002041311780140162
-0.0022510288334732786
-0.0022263904091641474
-0.0024960721421189436
-0.00228752383462833
-0.002199285853181848
-0.0021855093773265446
-0.002224396721513014
-0.002106382325582706
-0.0023644866121782294
-0.002263260593438837
-0.0022565889133822513
-0.0021005841159083493
-0.002112225934778633
-0.0021898286469903467
-0.0018816789467932637
-0.002455395079256753
-0.002081825893791933
-0.0021534669807756644
-0.0022647770470212046
-0.0022803020296842864
-0.0021442824014833773
-0.0023149340597754505
-0.002300650513751526
-0.002233968582644652
-0.0021225756858831214
-0.0024687268771570597
-0.002334947375511648
-0.0022810497174623272
-0.0020545163884424698
-0.002194250045385665
-0.0021679482950259406
-0.0021468520493962973
-0.002023020985438649
-0.0022276606896009577
-0.0022841736902056695
-0.0019070795616487556
-0.002175025453211521
-0.0023638832553277977
-0.0023721754258231864
-0.002344020561191118
-0.002156355530963361
-0.0023748562099195915
-0.0022572840506871806
-0.0025044595491877097
-0.0022902741745219253
-0.0023350864364651614
-0.0022435959533459865
-0.002116021212590391
-0.0021734317714035612
-0.00218386442550679
-0.0022660284316681524
-0.002275033736724508
-0.0022102297511894173
-0.0022904343513861112
-0.002515527762897389
-0.002297364567565979
-0.002053427215854986
-0.0021794574273115764
-0.002335508031340202
-0.002362083868032358
-0.002314413942086399
-0.002265894603418317
-0.002358360238365897
-0.0020877947871293322
-0.0022166531063821937
-0.0023672020201377735
-0.002180775368771595
-0.0022377996055167166
-0.0021141675655156184
-0.0023137864917913364
-0.0020341948277065093
-0.0021367709231163933
-0.002146233431501085
-0.0022309033246996806
-0.002387202120635168
-0.0022495677427558313
-0.00223130791935775
-0.002044410874014785
