1.3983404584337408e+16
357767556492553.5
327878709676411.25
175151780948043.84
149614070474221.03
48884458796676.74
33701361358772.15
11126593952881.777
11315568491937.186
13328145825185.186
6640051693037.037
9235596669989.926
13807164194816.0
17510510493696.0
17549160116679.111
9863309215516.445
10645526598390.518
11496110248694.518
6637101540238.223
4593705955176.296
4399867633891.556
2016820901357.037
2993260775670.5186
3994455425024.0
4048336639620.7407
8709188439002.074
2231069316437.3335
2356361336452.7407
4312991414044.4443
2859595477902.222
1719095081870.2222
2266964715216.593
4117090915669.3335
2502935368893.6294
2077602643626.6667
1954961854312.2964
1584440935917.037
1640445436207.4075
2399912017161.4814
2220583297327.407
11308784907605.334
62451423534800.59
51606555981444.74
55079140308005.93
15734848735004.445
898458329704.2963
889830043617.1852
333153454573.03705
30056226694.51852
5893788972.574074
10647590980.135706
8671508845.849537
9295858437.194445
7547501244.650391
8969216344.886574
10413318828.839174
8063244389.577546
8404854179.700232
8698571372.214626
6208935803.625
6431136582.431713
5428819607.622685
10718826622.24074
5648140305.016204
8460367149.871528
8021520610.101851
9294419107.593172
8313515353.227575
10449980959.851852
7393478346.606482
8700173384.442274
6618661856.511574
7269844738.82118
7846071044.617296
7056060635.177083
7128536531.009259
4393480047.833333
7088746508.023149
5663326126.255787
8540901949.555555
8482831009.675926
10861951231.555555
6248202452.406033
6112811705.0
6181535672.814815
8184181359.314815
7466866768.125868
5567206900.666667
8137596245.814815
8938528074.37037
7956526641.916667
6514556540.542028
5384714921.637374
8414688750.333333
6088936143.333333
6732866000.5625
5123544250.757524
7061734382.458333
6945606033.520833
8300319046.651042
10493981015.478588
7542433073.85706
4327837553.041667
7096121586.373431
7970384854.741899
6574352216.6875
4195792333.857639
7838615316.393518
7910370395.153357
5362785699.132288
5223762706.023149
5771478399.962963
3463861848.8924336
7024245803.444445
6310757542.796296
6326863757.740162
6428497455.641765
7909504610.030816
8291787829.313079
5057533443.497685
5126067411.177083
5114361776.79239
6048570276.925926
7646460682.675926
6031263871.872107
4932908581.972222
6494882727.444445
3779338653.046875
5403979293.939815
6322018555.703704
3714770472.6195927
6771931055.115958
5315829621.425926
4669405736.740452
6736212826.425781
6188744390.513889
5180886479.125579
3163641631.8009257
5662613161.314923
4217446021.064815
4041929980.9519086
5576761224.240741
5956864484.287345
5118833998.444445
4994549572.228588
4868555916.49537
5862143935.790509
4396012340.50463
5366163531.294054
6484492572.453704
5467950962.62037
4313180390.723669
5783274258.168982
5664146923.700692
4726244282.390046
4697777422.539351
4770268525.319445
5189613863.916305
3813853139.7621527
6590097806.726851
5182022897.111111
4013329268.721119
4518164114.131077
5335654309.685185
3516519180.9885707
5705603752.493055
4886412617.643518
3707438926.094184
4805525811.372685
3885222817.587384
6121949003.611111
6394044094.740741
3864013914.2777777
4212855680.5692997
5028426376.777778
4644857969.166667
2971152049.9787326
3292866592.3000035
5553303755.148149
3355502530.1396847
3728983523.9259257
5681472158.127315
3631403080.0949073
5717260811.703704
4554918205.546296
4513910737.925926
4690575577.168114
6609741892.546296
4100389018.8680553
6957517447.555555
4363553313.259259
4471176638.166667
4173603115.4814816
4339523532.020689
3165392681.546296
4515436678.17882
3435060366.5325885
4112526075.2569447
2979861858.8067403
3734608877.103588
4445918107.405287
2905465293.5912905
2649719153.353009
3399707300.2708335
3665870606.6863427
3945019822.8472223
4094369043.5185184
3299096323.5925927
4217604787.7896414
4553494617.375579
3491116947.5694447
3122344144.459626
2774544282.9259257
4108187144.0251737
2892233451.185764
5118199004.277778
3436650148.811035
2755056082.5850697
3332777017.815104
2358055181.8586516
5291842234.859936
5116989751.717592
3358330312.5555553
2259858321.4722223
3868246665.420591
3592712356.0555553
2604008552.9701967
2970318623.689815
2814703159.8055553
4608305274.541667
2871517582.839988
3233954927.4375
3093649241.157986
3652218898.986111
2768542826.1215277
2350530310.252315
5185288723.109954
2399684599.150463
3091030830.243634
2953559488.7049603
3206844565.358796
3775830964.0740743
2648336220.008102
2600330920.311704
3167726783.560185
3631928731.209491
2850371343.9074073
2959208235.6990743
2659385238.9675927
4148940331.544976
2805271392.8443108
2253308476.766204
2236705967.3472223
3040117981.8958335
3760891809.3634257
2937999023.127315
3228968256.5740743
3407197847.037037
2939133197.0046296
2856835123.546296
2622966766.1064634
2893438473.810185
3426134494.5740743
3088502858.995551
2873244940.5144677
3796280731.4814816
2360420405.1972113
2331407606.0555553
3038863815.9478445
2600921450.5636573
3251364936.0
2215531701.861111
2201717567.5660443
2274648623.5764976
2015981891.6666667
2274861499.077239
2501324315.976852
2655000389.0341434
2866299361.4524016
3590340374.0228586
3426855548.5509257
2553838204.446759
1844893837.566551
2403294929.539352
3085855001.796296
1721986918.8564816
2671880477.953704
2512572954.2416086
2049831566.226852
2670508987.810764
2206046625.6476417
1346370912.8569517
2900689877.123264
2187176440.296296
2435958973.611111
1969209274.8765192
1867076623.875
3160902020.939815
3087125943.6319447
2355687401.648148
1773824647.0370371
1515201483.6828704
2082925999.5555556
1054882188.3068576
2572285604.9463253
2344290773.9230323
2239198944.5326242
2346168393.0983796
2478018297.2852287
2034326129.8333333
2416622111.853009
1584406646.0185184
2267595326.6296296
1817257003.6114004
2035035642.1851852
2033544851.913773
2321019831.8333335
2049272233.570602
2093458033.6417825
2067754936.6225405
2144259676.8645742
1873303555.0324075
2093932989.1342592
1748894329.6111112
2061618967.074074
1958441509.800926
1858622954.8703704
2070985779.25
1699890152.2083333
2257655041.0925927
1688903615.225767
1725408064.0
1512849299.2962964
1772782457.1756003
1484709400.3472223
1857741225.5578704
2007357475.7439237
2113969702.058449
1751424160.9629629
1757184720.199074
2074398773.664352
1509576259.2145543
1538011594.4764178
1200178455.8101852
1824787800.1412036
1486942025.0503473
1440160755.4462528
1492142743.331308
2733959338.2453704
1312572914.3171296
2207102225.6384006
2137225522.2777777
1955359889.882523
1706971212.1770833
1525200964.3101852
1523115184.5972223
1522263121.8252316
1666705168.7824075
1261175938.9195602
1659460778.4181135
1476664666.2337964
1210841596.7864583
1515224417.2314816
913864091.3532443
1081887921.0434027
1630730161.2395833
1317343618.4166667
1202530385.5752316
1580502211.5729167
1146188702.8263888
1605787058.398148
1430689355.7212095
1180868156.6666667
1279347047.1853118
1241769752.5
1896417196.6412036
1280018596.4814816
1702085469.367477
1218951813.9198496
1477005845.3032408
1642452249.1805556
1608840625.175926
1763551898.3826678
2177062705.240741
1186357566.2662036
1325725112.6877894
1472060170.4722223
1065435942.241247
1441436649.0555556
1233979827.2199075
1413584596.9629629
1591237215.8333333
1518477430.6620371
1542561942.2777777
1327662049.9837964
1336780987.5324075
1261871687.4878473
1405375904.8104746
1238515165.2592592
1149260973.0914352
1172184334.3061342
2039856340.0462964
1205198514.1647136
1472217240.7407408
1321261800.8998842
1468852487.4074075
1279954687.4537036
1304554022.1484375
1069038427.8773148
1417831620.9050925
1397282866.4997106
1279063167.7320602
865381698.1412038
1210511315.1620371
1046833991.5925926
781951246.1412038
1412895271.800926
1202450217.5989223
1020015558.6339699
1014627895.2268518
978141656.2239584
1253062207.3532987
1213072518.5
1247915261.1435184
990797466.3110533
970871567.3148148
737895063.1776439
1032998040.9907408
887332949.5648148
1019949537.9340278
1233285557.875
784409311.3935186
1284987563.925926
983791862.9652778
1249963548.3333333
986325867.8880209
1170687188.5225694
641887847.167824
976468910.0300926
1528978042.0555556
612288457.9101562
725754053.6368635
1128261469.1805556
864603600.824074
1518918639.9930556
742174288.0787038
866649258.2731482
695928097.0416666
919975461.1087962
1029083505.568287
1294850163.2557282
806092249.7037038
565147043.3567709
923726921.5
833634200.2222222
1136338188.813368
950068017.8667535
954962002.175926
1038235382.5347222
611357133.738426
669785398.9814814
1086075372.3611112
917126409.4305556
847042155.6712962
636778667.2268518
1011956329.6945529
776938920.1331018
1102460644.1851852
1103038975.5370371
1180649687.4708478
952489245.054145
873008752.494213
973850597.4557291
880096358.9357638
815552691.6741898
1217045086.2734375
991113740.5462962
854774371.0429688
708860114.8680556
1141004868.1880786
920506274.5648148
899640157.375
1181565305.7592592
752959742.6388888
926470655.675926
835721974.394676
752216009.5833334
844231947.8425926
1025145237.105324
1413004678.9525464
670860188.8573495
878804744.9097222
981727640.6666666
621305587.0972222
886235460.6342592
769393138.2592592
708233118.3460648
719404760.9351852
868944358.5601852
640367713.3703704
737964832.5
684883821.5439814
829952996.2152778
668765914.5737847
707262162.824074
825023663.1273148
934386319.5555556
981141459.7083334
746441631.136574
929658063.8796296
1007573131.9322916
824465164.7447916
531398503.2407407
504081638.24956596
761139486.3298973
609998860.1371528
841957939.6296296
675521943.6413438
550216497.8604963
572774095.2453704
441984924.7175926
631504316.3032408
683515855.4074074
812390798.4409722
957945148.5185186
592356547.3900462
777097669.6906286
555525691.3055556
758131052.1244212
663557446.9565972
703140302.7586806
660124340.8831018
635207025.3974248
654001467.6296296
482173029.5416667
600149757.2152778
803573761.738426
629562785.4814814
697713997.3425926
490734217.9502315
530355648.1440972
428933888.98741317
648045914.6533564
761174606.2037038
476185073.4186921
480754059.6342593
902248696.1478587
631007474.0092592
573979816.412037
614747433.3781829
639431696.1435186
597447247.2712674
763932903.8055556
572365861.6863426
292640712.62145543
539686918.275463
581563843.2592592
589937512.3142362
429447925.2143374
686453588.7569444
595029188.4582701
569323341.4826388
482158720.0104167
517330497.2737269
523208185.79123265
367238735.83832467
376774455.09906685
642282891.406684
464707988.1805556
463310023.3564815
493820235.0873843
490324969.0972222
373593681.9861111
535988700.6296296
443953517.9733796
499155318.0787037
474954212.7314815
596200074.2777778
429388754.8796296
459235218.4667607
524517790.7407407
601060816.895978
500715378.7037037
559010073.9907408
370441462.3745479
332567188.7884838
440089487.2199074
532297746.26692706
497784113.8668981
502990380.1157407
481199234.2939815
463081735.0393519
931079322.4814814
633246282.0591962
435390179.1064815
395608140.4108796
442070458.6215278
413504073.1443866
497000950.4548611
392138709.2575231
