1451241162416002.0
1273050520600828.0
1110048587709455.8
964630266414568.4
835131767948776.4
720698612698316.8
619592059554264.6
529147302252481.0
448984079771994.56
378556632373657.6
317331270621845.7
263652424262010.1
216378888735948.8
175835052031243.8
140863579845175.12
110517456022354.7
85303599498224.25
63907814162684.06
46276068733495.14
31968730138844.555
20792285468577.477
12221587971213.785
6279017763257.107
2511452285274.5845
846666524916.1846
457821962527.03076
1019330923857.1053
1078748768771.6923
957494340579.3693
4826203741325.784
1773889763611.5693
983130164928.9846
1009512596699.4462
942732893555.6923
8478908621915.446
9099887816010.83
4218509965595.5693
1637682349044.1846
5828289845138.281
66142814673809.73
44867537725534.52
27745373517855.508
15032084852799.016
7050436824772.923
4510261748846.277
2285225121381.2363
10940109245561.107
73274655296716.8
47041570575785.35
28538458022770.215
16864992716390.4
6577553209375.508
2984012108369.823
3270634274051.7153
9523583472309.17
5585719679151.629
3717168673217.6
13974953563165.047
30645843301801.355
14922715028621.785
11276943129111.63
8324202266132.9
4346589373432.2847
18285145678718.03
30146588279288.125
19475753280370.215
5836517337938.708
94209562836613.9
158866078130806.16
101932580406256.25
60069461965587.695
29518833220119.63
14125962443539.691
5953870560112.246
8244651157226.861
4584041547850.312
5031382266054.591
4566491425247.464
4563773946283.602
2278642633742.3076
5913379491459.817
3635348471396.4883
3630325364705.367
3623666094288.271
5879610799160.44
5874963258422.827
3611438607156.3213
5402485672049.079
4952437369710.23
3595547684062.852
2693678218335.573
4931767913047.438
4924650679409.246
4918142788591.05
6252422222548.77
3569253276526.854
3118095409096.981
4893160896577.663
2221214254651.7036
6652042883487.889
2658848563644.76
4424971885869.865
3536641589296.3423
3090920894662.027
3965251521965.25
4842775957529.854
3516195598513.742
4390386468155.875
4382957462803.758
3940708009956.577
4808518400353.921
6116867543337.317
1744624478332.3577
4792010817397.621
5221961120931.148
3475812691388.5327
3470649585188.76
5196564505286.889
3028340528540.0903
5188126082973.341
3453854521553.3594
3447075574677.115
6024368626923.012
4298414760459.673
4722851984870.038
3430829202075.7363
4282176976219.631
3422102840858.346
3845007479553.352
4266571916095.427
4259634896014.779
4253728209640.102
5948558609658.775
3817850438193.131
4238383022492.323
2115699497607.4768
4226689401603.3193
3377574167000.604
5057509134162.538
4209418819757.896
3363581457808.508
3360524470827.9155
2935136458378.6367
5024757627687.0
3345829251131.3906
5011172266572.462
4167416042703.5635
3332065511104.279
4574689970657.284
6647219162518.692
2073890142096.679
3314569278057.8594
4964459259902.373
4133102488253.773
4540654207269.718
5355752575007.738
4115802474408.6826
4113273498730.0864
4928802145061.55
4508542691428.935
4093420314834.906
2861572089240.5864
3267419820794.519
2039619004769.2673
4073556943928.6387
5284780041598.85
1218439996619.2078
5274805951920.344
4458164774974.435
3641411996229.2363
4040938165035.604
4037844927969.825
3629211652625.2827
4425517008005.825
2815058680872.8867
5620527635251.843
2807743226462.644
4804364588841.887
2000115679756.4404
4791929268161.931
4387134520069.1787
3585180920940.029
5168144126789.479
1986074856364.2134
3969508585762.74
3961980469139.3174
3164611916930.271
4347112713523.448
3947010054926.7964
3941111642624.883
5114398905828.435
3931728160636.6943
3140593963928.5884
3921109866047.6
4306731085176.348
3910652301047.758
4295256434879.2944
5459119866177.821
3115987561088.8057
4279404615483.9614
5048989513354.188
3877200674106.51
3487748845354.631
3096078353295.896
3863905519344.9653
3859024627575.7075
5010631321081.471
4235364548174.6406
3076491339784.075
4224833644147.115
2684241384804.517
4593438100865.117
5351333797873.145
3818982041451.733
4575456740558.335
4950164139457.161
3043004742157.098
4179141076835.4424
2276567999328.731
2652800992155.594
3404397593230.1924
4155962951969.4536
3395954212792.5444
4145301590942.771
4139330238525.979
3757928082831.927
3378640764113.6714
4499519980825.55
2621264313730.017
3362591288603.492
3734528174056.5786
5966351871710.812
3350784936655.6787
3719501862308.3906
2971354565187.758
5558235700503.171
3704554630824.8076
4807028907179.479
3324988341805.3594
5165683480161.902
2211552061891.4443
5153117629632.794
2940611782976.229
4038631477184.156
4764537505373.31
2562413267041.073
3290956827883.256
4747554132926.067
3645516025752.1597
4367647707942.977
4365621244171.723
2541728578150.8633
3628797772227.531
3261417509729.527
3619268720306.3364
3251591554855.596
2164425101178.9211
4685255653055.994
3959706505498.8594
4311012963546.35
3230203601764.635
2868058012721.1094
5368645528667.089
3932697823196.4287
2141197004401.0674
3562175162305.094
2849291567902.979
4623647184735.982
3908306060302.823
3192807684061.5615
3188781338799.4575
4953417101417.117
2827541200026.4116
5291196642481.855
2467092762967.0
4573881535968.488
3513630348617.996
4212899535729.9385
2804598079480.673
4199200639847.356
2796521115813.496
3143030273397.76
6624692675006.252
1044917855238.2847
4172474863132.7075
3820163324566.992
3122381712663.2056
2078422791713.373
4842303486522.411
4145591212333.0117
4141165750661.9346
2068174849050.1155
2753677772887.275
4124584569185.6904
4462314327075.837
2742373789699.4536
4452156048283.927
3760575444978.923
3071498743146.8306
3751148874685.0425
3063321711883.7114
4081074593445.969
4074865712680.4844
3730978964346.873
2032404453072.6
3719580816758.873
2027540469325.4846
4387107089848.4385
2696396401470.673
2019959900571.173
3697053662913.8594
2351757533941.275
4356721341944.3423
3681700974791.9077
3007833357305.852
2671773290216.865
3669204609070.719
3996064583968.356
1662722792635.925
3322115294851.948
3317524182526.823
2982145831120.7344
4298018062479.2905
2971641987744.0903
1981516396595.123
3956265746799.979
3291282039972.073
3285019651304.3325
4594677209420.641
1967112511542.0808
1964143702328.7615
3923825585445.2114
3918434598084.267
3914180751608.1826
3254913424048.133
1951380619953.9692
1948501442149.8154
3242844961849.6714
4857523589918.496
1617565618789.0884
3553274896632.096
2903602192121.608
4189108956803.856
2574769154475.4326
2569295284052.76
1605103855680.2634
2564748415903.4214
3521210545708.596
3197362562767.1846
4150067946512.492
2550939081578.8325
2547840485901.8057
3181337843962.9463
3176790594328.152
4437951813266.719
3167969132986.2925
3796300410884.983
2842485925964.8286
3785497322067.521
2519877736077.1406
4089248730047.4116
1885098565426.5557
3452398599931.619
2820365930729.492
3755695757808.519
2188789624722.5386
3122614351771.9424
1871175392655.8442
3112454721957.902
3110030631033.1826
3724089218495.127
3411333745867.969
3407423539344.504
3710360648708.0635
2161300512359.1018
3700756564383.994
2156226245140.0173
2768245333626.5347
3995141806948.781
2761763232653.95
3371404329614.2637
2449024136373.15
3055928163534.9556
3053928193977.0327
3659364873361.971
2740656019798.629
4255034565632.229
2125093043151.3328
1819956235385.8809
4542933259777.827
1209767742027.3691
1812133649165.4038
4825685828737.448
2711472922699.1787
2106138698117.627
2404830745444.4443
4203779390835.133
2696442092150.377
2393778768533.992
2988677000830.152
4476180724204.065
3276969919217.225
1488317241268.7903
4756107007324.027
2077493079930.8135
2372462723072.144
3257950884438.779
4727521012577.442
2658363065417.2964
3243208352122.135
2650352905689.3384
3531034187484.1694
2938349292345.402
3228043539732.0
2051758666376.4116
4098235239176.365
2922672206379.883
2043785222575.8289
3498340177773.4287
4076486065235.354
3196088461213.377
2902850116433.156
1449866977959.9558
2606063036331.5557
2892333965699.377
2310994455989.9097
2307528331135.1865
1728822941415.4866
3163810577904.023
1724760487823.175
2009108818705.9692
3439185603261.202
2862931367594.2847
3430353239659.9307
3710539155698.625
3420663580481.3174
3415174463333.385
2274329926000.1655
2839031523537.1616
3686266257384.115
2831945742617.5557
3111771219821.529
3671035689395.74
3383884986438.881
3944787258568.75
2250812340329.227
3090072122395.5903
3085676697736.365
3081557896957.225
2239308630364.427
2515430660899.875
1395583926524.946
3345580904440.823
3618990579394.9136
2779982658627.4365
2777348076434.894
2495396868437.5347
2770018627076.0444
4426485833830.871
1933775245828.4
2480964105652.729
3306274598799.1714
1925096303207.054
1922981392546.1616
1921101989012.7192
2741150617580.5444
3008424541684.298
2185442651222.2654
2183101553766.7058
2454023147953.675
5168948455085.331
2172731751422.8518
3256373249357.4443
2982519634583.746
2977977266897.175
2704016545820.8174
2701542528837.2637
5120272998185.479
2692092361167.6597
1882560112590.121
2955978505316.8096
1609233999104.0442
2143901497549.127
1872595075381.1384
3472818129584.1714
2668591586720.0156
3463606419988.9307
2128292266077.5212
2126253077521.3577
3451555370137.3
1855888497463.3962
2647203368148.871
2644514478542.473
1848151830990.2405
1582174650198.375
2896446813888.0327
2367212773255.233
1838593472325.2192
3408395845135.152
2881395896449.5615
2091313492161.4673
3398154742612.1616
3132208734622.146
2606640291507.8384
2862648749259.7134
2858320334707.6577
1557599692413.8904
2334164078002.9424
4140758268004.344
2325364839534.608
2324807910105.5806
2578078369096.721
1802718657092.7
3343060880626.392
2824882600694.348
2823094762008.004
2306379364010.952
2814016107653.6387
2300349871668.7344
1786229672168.5173
3056259564987.6655
1527149261676.696
3557706218005.6367
3299009748315.952
2788084900387.0713
2530655328059.5674
1769796808150.2385
3281363920543.3037
1513220371253.6519
1007366584364.0808
2012039207630.2693
2762533640143.75
2760247908735.902
1252629020522.504
3502178295018.275
1249079673667.9539
2745383065767.994
2989198761020.7944
1991092517229.3596
1988735473358.7058
2977428859132.8135
2975286604253.525
2228677822510.49
2472760875143.144
2222572484418.477
2218948725642.702
3447861656454.95
1966013824403.9653
1965612416206.498
2453521300340.0464
2693752956160.8403
3668322349625.3115
1221268149873.3962
2438640194368.9365
2434207671616.9614
2431891947035.7827
2429300604858.49
2912563738897.8345
2424070140071.95
2420420187520.5713
3625060931221.1406
1448733746172.6443
2894031507620.6826
2167191232573.3538
1442089804315.7693
3121188609714.0923
1439152326323.302
2394807701706.856
2153332982658.6038
1910931661802.4673
3578062393115.9556
1191395745479.9539
2141734327166.7732
1899323438369.8096
2608698565468.623
2369547877108.5713
1656755733633.325
2127501449015.8384
1887998056348.6155
3766928037107.0713
2355095357775.477
3056765270562.5786
1878055104390.5154
2344936596454.642
1637351278655.298
2104917863829.4673
1635545299173.1616
1632219287869.677
2563751320476.617
3257177603529.508
2322702159661.615
3246374874846.4653
2317271559883.9536
2315026593045.725
3004938188170.4326
1615514324944.3865
2074671751318.321
2301092121437.8423
2068932420856.7866
2296288222159.867
2063747196748.8596
2059157833384.8943
2057147894834.5962
3654352947051.133
1369413236740.7673
1822010407685.4866
2729878307906.7847
1817606428201.9712
2494809393127.9883
2266192864017.4634
2487424579392.025
2259577279658.519
1580505636916.6018
1802879652895.127
2251129435988.8384
1348009287825.65
2244802426326.231
2466389677471.6924
1790671047925.3518
2012110840137.0366
2901104696093.246
2452366383257.4097
2228128435713.5576
2447510002536.635
1999369457588.9768
2219602857378.023
886464122781.8096
3095235915784.8345
3090744326678.2847
2426230405688.8403
2204813160501.125
2421406850833.5425
2417165332196.8364
2414556229553.2964
2191493869400.2769
1751956303477.0461
2405762414265.7964
1746657859990.5442
1745199444983.4326
2178546184774.6924
1740708426061.6711
3041484934281.6597
1952619077493.0557
1515504842244.8076
2596747489306.8193
2805947296680.2075
1725226063408.3655
2154927871268.2231
2366854250504.029
1288681925671.7559
3219629017824.6367
1500999722067.4634
3205569501931.469
1497541809503.1636
1708481277426.4597
2132018618878.7961
2554945248205.548
1701403161546.2886
1699735962639.0327
2756088986457.073
2330681814409.125
2750111262958.2866
1689777929146.9731
2953106792489.673
2737384324080.0464
1893362580444.923
2311268264832.9844
1678361237859.4885
1676942938115.0442
2093100730797.7769
2090642258955.05
3130237715766.635
1667849468041.6423
2497153937332.8057
1662809383270.8518
2074638476783.696
1452666722598.3672
2691244463840.7036
1861210289633.5615
2064291604510.1423
2473503457251.74
2472007673963.5635
1645938870601.6597
2465388095398.5635
1846749242954.7942
2866877711001.6387
1841899218910.05
2249174696703.527
2040297054572.9136
2443888679183.781
1628089251873.0942
1625716883234.0422
1421066030948.925
1216688743336.877
2227083289805.8384
2830895548313.729
1615830354936.0173
2421059477709.856
2616044008932.4404
2011483017167.1636
1406105745401.3865
2006530670792.3518
1403068481354.8809
2001190978448.6846
2796802077007.5444
1596360071851.0059
2391162573581.2153
2189738882348.0847
2186471422917.9326
2779666650480.2114
2575521833947.2964
1781968507393.0078
1780757593829.504
2172442805949.2078
1577744596668.7615
2359886289900.852
2357812369266.0327
1570687584054.1057
1960966683813.8076
1175560813242.9326
1956010903696.0269
2148172362052.5308
2144802958158.2385
1559246050518.8635
2333204689322.606
2334162004338.5693
775957354235.7384
1550259526525.9905
2709075557092.0674
1740691124047.371
1931234289264.1653
2312899333624.133
2118911280111.1672
2115803484608.1135
1536095432151.7441
1342715573489.8308
1532540407832.321
1912220733473.7441
2483514965175.4
1907774133434.2114
1524773672905.8115
1712523415889.1597
1520728798878.429
1328783909825.198
2084983396232.123
1703661545066.0269
1889994615554.2673
1322298971408.3193
2637798289024.3
1882295970449.804
1316645802963.9866
1314650118312.448
2063706098196.6328
1685378946446.0923
1683633917574.4846
934242744139.4058
2237453844716.9673
1677266672235.1116
1488563281759.0674
1672126953486.3943
2041606753329.423
1853007685302.2346
1296047224264.3962
1663980184280.6038
2584481074740.8384
1843696346423.8557
2209251038276.6597
1655281102413.6672
1285613416261.129
2384609761295.7905
1648750357970.6328
2194640987410.0134
1279354964767.9788
1821949414854.0232
1458989732345.7058
2000390688405.9019
1453579010341.3096
2722330872132.4556
1811114097812.6191
2713500730408.508
2168330206919.4846
1625395992045.1538
2704557250732.052
2340706210406.621
1798314599345.4885
1256488964536.475
2866586880476.748
1254059895343.752
2504297278777.05
1250565082903.8577
2497615817475.654
1959652912886.1462
1423558839415.748
1955240567109.1577
1952140404244.3347
2125264111221.877
885066731079.8693
1414661209452.423
1235506891216.9172
1938389864753.9578
1584250429849.6672
1405551457734.5461
1580409956396.6807
1578153018015.4211
2101791993763.429
1399598893170.2827
1746689177040.9768
1395176889275.9443
2265226709061.5845
1565080316465.6404
2086281531632.3943
1041622549287.8557
1905686264904.3809
2596336870351.619
2416113291028.9614
1208538373669.2114
2066755439599.9597
1549226836759.7039
2229448591766.248
1541449412982.4058
1542059398172.7212
1198431762649.8845
1880485849260.304
1876883666862.9326
2217485974198.3096
1192836627209.1924
1190673146570.673
1866825877989.6519
1696225907293.8076
1694047142675.3384
2707412550283.094
1013294720284.2693
1688006194110.6116
1011323292893.4866
1346637633335.573
1176591489948.0635
2853854482431.0405
1508582883064.2
1506498660545.7847
2006105595906.9058
2003949067809.7961
1000866816848.6327
1498564234938.5386
997989364764.9923
2321684568208.798
2487671531032.677
1160000422985.0059
2482141393798.025
1322486072024.8193
1815037521216.5288
1318553382110.4731
1974588263175.1191
1642521118138.4673
1641940049577.8904
1638011922762.7039
1964004661770.0193
1797102865018.975
2284225956309.2847
1792420788444.7134
1139883510156.4558
1138324555084.3904
974667467640.0712
1784019408539.1443
1619260240281.0962
1779156861855.3962
1616167224113.7866
1451786595380.0212
2094536510724.7788
2090989720494.3577
803567882849.0654
1764817737184.5693
640662096577.8866
1760217680600.9768
1278785023772.8
2075167002043.2673
1275753025158.423
1592608768732.5615
1272639745115.5847
2382126355051.8193
2220630780020.4556
1584129427401.5212
1265337071252.9578
1579652086655.9807
2051320641993.9136
1575872845799.4443
1888088378882.7134
2042527662370.3635
1569295240008.0828
1253743541879.3135
2031433133149.1558
1250133823262.8481
1560332519405.8923
2180428292029.225
2177874614074.754
1088401372770.3462
1552276912829.3577
930488188738.7346
1856574594540.8442
1237187009147.998
1235631538210.8462
1848086245805.3328
1077413491322.4615
2614430400016.4863
1535150848504.9326
920710710236.8634
1684723509005.4443
1836081315593.125
2138167670779.2212
1984107939216.7114
1675121453282.725
1369318489748.2134
1367663657031.4038
1213549740641.9673
1818533997938.6672
908177017161.0461
1663019005623.0154
1961983479933.3289
1356740756723.9153
1355413084311.298
1654421266041.7693
1501191735782.1384
1949616562072.2114
1048712723879.5692
1943744250090.2173
1045899574472.4077
1343494369996.2654
2228260298112.0825
892429506857.6423
1782816568928.9365
1779340915603.754
1777708696445.3364
1479968568236.4653
590663497384.1615
1623129614524.7134
1473837266915.123
1031090133269.8385
1617094436799.804
1321236656539.321
1466821194642.1155
1904044491618.975
1316823953042.1636
1022246336386.9673
2042448656010.4058
1602534934754.498
1746477610044.0308
1452938417444.7153
870869533910.3539
1881664937295.0864
1737294666509.952
1734958139149.3096
1874950672665.625
1725707772463.4058
1007675827076.4462
1150703097929.2231
1005091325068.4404
1433672112201.7212
1574789231775.0308
1143658516074.379
999808148580.05
1282992124982.05
1281441410633.6885
1421207210374.4614
1561788357207.627
1134808031260.1057
1132681633243.2192
1556389905865.4385
989341580012.5096
1129468963975.9578
1409222677139.4578
1547875345344.3308
1124392315786.0059
1543446134360.6577
1121417737024.625
1120179441051.2307
1818148740726.5347
977858717175.4481
836876979369.675
2087733777154.6345
1943266857555.4885
1111079017683.8538
971115448667.8403
1661274528082.6577
1383031133467.8347
1381090980489.5557
1241737828805.7405
1239864531127.554
1789423768710.35
1511642606128.7441
1645597114985.6482
1643327306236.6462
1369780528158.0808
1366856010484.452
1092606808124.2404
1498888158945.7
1634782715189.4905
1087483084856.4404
1901012106968.929
1490764023760.923
1490087274010.804
1758915408757.2886
1080682848154.4038
2155296711958.7764
672860269161.0514
1613994155660.5833
1880632709608.5264
1073390288399.2053
1605754316763.253
1070930188778.061
1869473578714.7188
933554861823.1384
1866373498002.2092
1597163648218.3188
797534329312.098
1591666172006.6606
1458663691382.5735
1191613280799.8135
925753738509.3284
924323955516.4908
1450660369608.7153
1579601005894.6453
1314099542869.3303
656591521733.3005
1442417778010.328
1964058045582.825
1570709968575.0085
784477850794.8091
1174036867115.367
1694307828782.1274
1431225752569.5403
1429902874906.725
1038351304581.013
1295745400564.3215
1423807311802.9915
1034150243915.788
1548389901420.2405
1160637674044.3086
1288202175915.8875
1671043950831.0793
1668085276152.6125
1538464087938.1953
1152432920490.8206
1790335024247.1294
766545836272.3765
1020300989587.0206
1910519236549.139
1272269877856.0706
1652678495741.111
1141651529719.35
887271986495.2664
1771150365831.5332
1011342496767.726
1136431266835.7922
1008516782261.9427
1384304701696.8096
1131626257463.9653
753740654359.1466
1378988413735.2917
1002840833897.5759
1250917901652.775
1374047960894.189
1621672451348.5283
871228515180.8159
622038543293.8313
869598105531.6384
1488704011751.6587
1115786705869.0986
1361857566243.2024
617466102459.4471
1726189677407.2346
1477981523127.388
984184258683.8082
1229212829527.836
982545134740.3961
1103547221901.175
1102135878551.0105
977592949871.325
1221952306091.4307
1584008335188.9514
730986763554.8341
1703189941167.1443
607645106511.599
1697464474330.44
1453553870085.1484
1089527639657.8073
845860162875.2188
1448082032781.8994
1446550634580.576
1083164130610.786
1560623088197.4302
1080591540546.0605
1438602686915.6582
1077623964561.8125
1434738169237.2961
955556659069.624
834648195114.7634
1190953687224.937
832583533544.6255
1305579293033.5095
1304375400118.8726
1421991513825.924
828028553008.4255
1181113272213.827
1179896688064.053
706982367312.7683
1294438379169.3818
1175278409896.2913
821703038576.65
1290286037469.2732
1170988229973.317
1403000171009.8005
1634851856650.4294
816042613561.5265
930525407753.5337
1160994557881.0366
1276935895862.8523
927873514514.6654
1274063915017.3264
1156887389151.6006
1732888006835.4285
922645435961.2852
1152172239573.5293
1035964323003.2039
1379031583537.3274
1262139109858.4736
802442584076.1207
1145156009798.261
800017503165.0822
798945252932.4058
1253228366121.5679
910039050268.2788
795967863707.8452
1135879693054.0115
1361520316060.399
1245414721217.2683
1244222582207.877
1129713519720.664
1015205958578.064
1351615288007.072
1124383191218.1658
1011011505183.6342
1570558831673.8496
784554023657.3995
671475074409.6918
1117552595424.7554
1339827961156.0913
1336921337303.7107
1779074549961.863
777857554932.0789
1220144513956.7422
997887525197.2668
664413268936.2202
1215330292743.8057
883462072292.9678
1433771991648.5784
881180482096.7366
1318454689268.804
1098971750704.9279
1097047983971.9221
1314581328966.864
1314083081262.5552
1092701209602.1827
764571173734.9202
1415769091373.9941
544302304864.67065
1086364610975.6279
651583913709.8154
1300050871861.3982
1190076749881.2476
1081446164422.5831
1188544054767.0361
862485561478.9437
1292476430791.7043
967878602119.248
966353685355.4279
643840826912.748
1499210778500.0134
1176939803352.7466
641591040098.6091
960293019601.0543
1383384750863.873
745145224367.649
850332830833.777
1379839137503.4524
847863970909.2289
952054428496.8596
1056270690707.3654
950235799223.6572
1367533799387.809
841746408934.7855
1367316504494.2297
1259554857285.0283
628672697841.75
1047338288928.4182
1254612897643.1106
939935174853.2115
730063523170.4491
1041561657821.9318
1247399951493.7375
831239460757.7115
1245170947870.3538
828626033478.9539
1551838389631.3076
723300447297.4779
309482029977.749
1134179030270.8174
1543763282167.8398
925424475138.9318
1026483246690.976
1332239742885.8635
1126357858665.124
818056639868.1567
919664117949.7731
917322259096.9462
1120065527427.3403
711862406087.213
1319506309160.498
811316136359.7855
1316927059864.8413
910884451479.4144
605926612310.5568
1210591018765.1177
806567927936.3279
805041944491.2688
703581984437.8688
803360144066.3557
801324269759.814
1396913311349.4673
1199215544807.1328
998497135773.526
797964458134.1471
1393925932180.1335
893864670915.2765
1092383176499.9635
991635546369.8485
791755331600.4832
1186512460653.559
691284837937.3711
986841673533.6779
984777213623.5106
884168737925.1067
1080719824384.9995
1177076110803.588
1077523004211.4635
979555884090.0365
585395837080.9288
1365288383239.124
781024938852.8966
1167476319809.2153
680436707778.6394
1261732525315.4102
775620130718.8077
871263906176.7384
965123422100.5774
868409078453.5967
1060812305887.1293
962385689490.912
1057024466373.4817
960210402031.474
767149836478.1082
957869008804.7812
1435261504170.476
1433289970598.9692
762788757347.8899
1048450174103.8812
856292559286.3356
950304161204.2327
853987056879.8933
1232429158837.9568
1136259072233.803
850315509499.3293
944935016231.6005
471566269326.438
1693560230951.9905
845958435909.3914
751242053353.3105
843995468826.599
1029674682050.3693
467521708554.53796
1306947503869.2817
839967888788.5265
931436726275.7601
464986643512.4995
1764711109689.248
742154824132.6841
1204942524601.9116
833197494345.2793
739362213164.5265
461406133585.56537
1198264110526.0535
736756005274.6711
1103599716254.3452
642555331146.1783
550106851527.1322
1099307078633.5385
822954316227.9236
821122773749.9423
1002210355235.2004
1091653520461.0116
1000851673306.9558
817612080802.0428
1360794218292.414
725071940806.6803
994880856669.8572
903982917520.2264
541342126686.58655
1171384000528.9255
1169589853270.963
719341873384.2384
1616515435507.6592
986291216387.8145
984808438710.7601
1070736880122.6808
1160534020306.9028
624216008705.626
891079441505.875
977708586737.9246
886616421116.7606
1151742966827.587
620077311533.3105
883872342723.2678
1145630429487.5183
793925011691.0524
969026184937.6178
879823186230.4346
966182216048.2971
1140753521791.725
963590899320.1885
699854290585.7961
786996908638.8711
1308967322158.4097
958997229870.3202
957271566704.0154
869672911878.7183
1042101575041.3586
693323042195.8774
866007536533.8971
691838917615.0048
949685611138.7625
862197256172.7899
775197300767.1553
1203663401687.7197
686637009638.7183
857749264714.6813
771369532852.5101
941415889845.0885
768154910419.4255
1194952789883.7236
766047899364.8351
765691017627.0216
595221211632.7269
1443301138154.4163
593624711337.8837
1100062151374.6484
929641313020.1265
675177055059.2765
1011384914888.9355
673460026682.575
1008965487171.0702
755849347244.5818
837616664423.5087
1004685460215.3221
585578286763.1774
834976664344.1832
751016149889.6144
749876413008.2091
915655915420.8904
581739523176.6942
829616314160.8802
1077335565180.8505
1158475052785.9614
743458475992.7346
825124085038.6461
742011471759.901
987304713425.2649
904045340625.8875
820478050763.9803
737904679271.3375
819001109976.4735
654083167346.1307
408361230269.83655
977729251689.774
570246272991.8981
1056038658472.6923
649743089388.9274
649070916980.0457
810573726579.473
889091438188.2552
888175598504.5442
483856163471.02545
1046450467756.8961
643468229686.962
562810897086.248
722349703229.3187
801663127761.8914
880238108923.31
799116086685.6615
957515897481.0615
876336831253.9332
716781188787.6173
715621386808.7976
953429174234.9437
871269680647.7148
633055159542.9298
789484340823.9789
631477303123.4563
1025207087092.9097
630507434598.4476
786041359967.939
549793522720.3693
863481768611.1865
861609299507.1062
704413547258.8663
625372658964.0509
858792708032.8303
935400211586.9971
856084221007.5707
933047161688.2
1007892336441.1168
465617401382.8817
696984924442.9534
773060271517.9102
694352993008.8658
848333384591.5144
1000688981581.9202
615195855286.8375
384318760311.1188
843938784639.4409
842596257973.1904
535539090341.43463
687752950976.4938
687140637337.8899
913623118133.0015
760674809153.4985
988690726482.4519
683712180923.4904
833941098262.2765
454204341377.2558
907150986560.8673
831122545678.1394
603232890907.8192
902510462752.3192
977366594822.4558
1050884588515.4048
525313204120.0149
898601949296.2072
748492372062.6226
523042577463.7274
895463177053.4769
1116984614979.002
669574145306.4735
668694831254.31
667852342536.8245
592502491969.9409
666563532335.025
886867591214.8938
959093385615.0972
442238372840.3558
662146412331.5736
735094964376.3221
587382535724.2688
439703204864.6149
512715768158.28656
804621738185.3986
729952629101.9283
656099586666.2924
655846436426.1746
581728288063.9274
725275743052.1865
1015833369544.9827
435023347675.187
1011927364380.5193
795164602370.6692
793842963540.8606
648699225419.0005
719928920464.0409
862492545136.013
1004778598743.5664
286603436996.70435
572262346738.4467
714991051440.1289
926859376366.3707
855540560644.1567
854110846440.9033
640698728082.8534
780068647859.3385
567719956800.8231
566353462831.5255
778327029908.163
777270576748.9803
987624804432.6024
564029813330.7471
703771023045.476
773077602807.088
701475625983.5923
700949667178.7582
630217966164.6298
699026719131.2
768231867891.4774
697190463903.4899
487313039332.7197
972896871273.2996
486360940834.36395
485660563219.09955
762093583536.2548
345835679053.1673
759778450224.8837
828230422294.4866
619884824081.3221
619787367981.0288
412324660763.9106
892472132951.3063
411251122217.18414
478902298781.862
682684045941.9943
956342258228.6707
681576546414.0615
340661712315.05817
611702429314.0798
339517258703.2091
880236663770.6461
677387882674.5548
1082453061515.2346
540417707600.71826
741998091525.2644
740935527203.7649
740040684894.8467
738988632263.7048
804302052232.5846
334726089925.93317
936287158027.9866
267379045145.0428
667747879065.1678
799232741860.5471
598744889217.8654
664260969752.5245
796749324984.6875
662093293632.2736
926408976921.7217
528820935796.37354
527671161292.68604
461596664019.262
922220795896.0908
525961598032.2923
525378632516.89954
786951045390.1533
720347781664.1154
784953105669.4135
653249667813.8226
911408102035.3539
585627783174.3096
455328809764.887
714619894974.851
454265908714.8538
647568087398.6991
971485119192.4745
581546066493.3832
322757091925.5303
1095332734747.7312
515020235073.39087
898708773453.1221
706287165249.1029
576882501945.3981
640334177627.223
831212688633.0188
573860328943.8851
509894242488.17163
573460206319.1384
508233447423.94617
698712545495.3606
634655272418.6827
821047104448.6067
569237164682.6976
568695101094.9298
756682400961.911
441219530680.0692
565753614197.4072
691207589014.649
627620813778.625
438469931320.19183
250509970329.78558
874141175457.0245
561831563397.5442
498645798774.549
747635496077.6423
435224633772.7433
558807129904.6952
805578016523.438
433233416573.30286
680653639998.5111
678887318191.777
554797944064.3269
554382208650.7058
614652600105.2399
368655329926.48895
551613910189.0759
611734931776.811
489099658605.988
549883376027.3553
731978855244.8539
548705786450.09424
608457373758.4432
486185726231.9942
727122012924.4323
666621983005.2076
846211602653.0923
423045817820.53894
543410101017.1226
723502611063.6711
783183232272.1721
541079492115.8615
420348248209.88367
660396367413.3866
717672151365.75
658315831046.7029
656730300409.1548
596635850595.8914
655241101651.7693
535471647822.2856
831940481430.9092
356245471991.45575
829375601286.9221
473961026945.2149
590547600334.2
295267284329.8245
707306638647.7827
529789323511.64087
764146765860.0962
645999064290.713
468774441193.237
526448963564.9731
584645979559.1207
699642358990.498
524660499932.3755
523658520361.86633
523520345980.11395
638722407830.1582
522125550527.76685
752640289992.774
636565297984.1414
577598356908.6049
634664924127.4211
576289557475.7076
806422265107.2086
459907201149.48944
573580035074.5645
630722468743.4486
801007554862.4341
514801500907.4918
628135433534.5471
513229052097.33026
512361772623.85144
455287198503.07117
624591756501.1418
283695616355.0053
509723942329.6106
395935548087.21344
452214600330.0149
563974858242.2865
676656385826.7914
562806979179.3519
617730374224.0385
672601095831.3442
448273502169.27545
727475636138.538
615000823755.4938
447141083536.26733
557532989792.06
556337201406.9447
222798245507.563
277599408936.0125
831564639996.3514
609087487095.4
718837128530.8403
662986647475.6865
606649953392.5538
605671631147.8264
659946056716.6322
274804632850.07117
493674676556.4678
438445845738.1298
655767300176.8634
436946727769.9322
381645444317.4183
654615374195.9658
434734091762.7649
651299102012.3673
542793581591.2178
649651949516.6779
541089526349.17163
756640238893.6823
431912100367.5024
862378554147.0908
376869565746.5543
483991001553.4649
590495455355.9913
375496315782.84955
482114321171.61346
534643434883.66925
641138415152.6346
426823325070.8269
372527538403.0154
691514018695.3182
425141335376.05
477309813817.3149
475934996808.2856
634642121414.5913
527843933728.0841
738890019310.339
685426253567.0428
419958400565.98944
368526872812.7024
682622239965.2601
786016579936.7212
470992946277.7399
575205638007.5841
782428159663.7981
364925341520.1529
416674728416.3404
624624346068.2408
622209621244.3226
518682434858.52454
673215621179.3577
620774112965.2505
464943581761.26733
567496626518.6991
412163192781.5726
565556076121.6226
565803275899.8212
512837861714.92114
460858151747.3962
460381109577.4933
715163017712.0913
356984626478.2976
509487012088.7
509496341169.8899
508304002601.2692
304631537618.9101
710187102648.2942
506070597152.1577
556261969512.4404
656516661484.5365
605340527159.3966
452863615275.251
402383814366.251
852358746330.4769
501466651473.70575
300667602368.5341
350154100394.4591
549980988372.8168
449259977085.1663
448339685043.19806
447935373267.14325
348064588989.3317
446681779415.7029
545379586171.4798
545399240564.7077
542990135036.45483
542942734871.2274
687665060445.8068
443154777575.7995
344193470106.175
491332544187.5413
637002942536.527
440945783210.2014
537821753160.46204
488368450261.50195
438570264816.0495
681463957452.8403
389261107508.7274
485510184451.9082
630590888568.0298
483640568055.3692
580261333436.3822
771188431765.7404
241481995258.6495
673980214669.1875
240590955233.66537
384287167892.6803
527588785733.63416
383581609996.762
526301285599.1572
572451936669.1605
476956100180.86444
476634525194.2721
475889793002.0433
475066217865.3394
711572898564.9216
379157254201.75385
331334738520.9043
709149654524.0913
377538996863.8774
424094453320.3322
471192898312.3649
329542053764.45526
422746275376.61633
422307363438.51105
422228406233.95526
374389491010.84326
513976621205.77405
466091443405.2298
466253138258.5524
558414647620.0789
556844040913.2611
418362386479.69806
556450507660.9336
324229008553.71924
554302624473.8385
369320460412.4433
645244356814.3024
598365647822.1158
321768395146.8048
367275695798.23846
458313620486.56586
503363293251.9784
274643981081.4303
456752700749.80963
364571783789.46155
455009312634.5207
500401823363.40576
318081797431.4505
499015578036.45435
452762575551.7269
316838801267.29614
406322001227.7164
270449591022.40433
630810886979.4192
404999627468.9596
359896950643.85675
359044537952.98126
448473671788.6125
447692838481.92834
357173856552.28845
491213562650.55
356603266703.7774
400774573005.2625
533408180601.33795
532808078758.4385
266165523687.59518
487254669870.69617
442028214584.23126
441479977051.0553
396995509619.32117
396311854212.00964
351905040416.3399
526823561580.49133
394979213926.23224
438118328321.2716
568658905492.7606
480888336455.6798
392491945820.9711
261648379641.01874
479137230057.83655
651656139966.925
347660020376.66296
303062722502.8461
346485827628.02454
302624104944.70483
518663277914.8615
387917786516.2644
431141806074.5303
602093537035.8606
214838134518.81442
343164911341.75146
428366181098.4644
470761114561.69183
512730278310.7567
638737108875.2289
383817790004.2144
425182744245.74615
636964939999.4102
551584229104.2361
211684273190.82117
380364034377.81396
422842274998.6817
337568349763.46344
463603364815.488
420382636496.388
462166342876.87646
377923643886.9918
461158997386.76776
501687230828.85675
418028118436.6048
375262581745.1539
417289913204.59906
291335842606.0346
498739985794.87646
373958423053.5361
497008547777.05383
455325584755.0904
413384137505.50195
371979759250.7236
495013506182.6322
329783346178.4168
287880302316.75433
328538815641.5524
451531300820.99854
409402272201.6885
450261607488.7822
367908294133.9317
366880103251.5918
529428238102.5683
325652458888.9178
488195269752.874
365284546737.7
324472076249.2221
445229002076.738
485217080300.3688
403810903462.2692
403111340564.0394
281894957364.1611
321741996258.2211
361434664109.5832
440831595642.12305
400861001349.0572
439907961166.0082
399435162029.33704
319064772782.0399
797547558998.7524
516990433935.299
397136012728.5601
516044635114.27356
514156299318.988
237510568070.21347
355617834472.8904
552341056830.1327
275797071378.74615
354257508854.4769
353688953783.4144
431994606157.93945
431346195534.5923
352298216194.40045
391021876123.6663
390594994509.67114
312054273201.4736
155661467549.72018
271936010051.27884
427461144960.1481
504146358421.9659
309868673931.27356
154816232419.87164
386594887875.2284
423754643635.6308
308599525535.79614
346360653944.187
498955725112.69617
230502567212.27692
306585182552.4938
382858373633.5231
381964317273.549
457662284207.41156
419657620460.4976
456389338164.12213
266453250197.98077
379384358831.1995
265180516814.47836
378688449041.0375
340021186443.53076
414613586084.0226
451940037588.4769
339089500104.53705
375809560009.9846
487618488956.64374
299973954473.888
299768743245.0226
336942773354.2106
373094024286.49805
410308014255.36536
484034673721.6774
409309533348.16205
408397069728.6663
445308776656.3404
259405666648.92163
295861327196.8192
406546336567.6808
553426860511.0745
184451196576.75098
405033376408.488
514049274616.2505
293728942227.4077
511121013882.45386
219585357441.62357
255701224547.59424
474802318543.7928
291391376308.55
364297852601.45526
472033022937.69037
362761921692.6673
398645300649.38367
181069718829.19424
542380904471.826
397185116767.10095
324573899712.93555
468308976019.7361
288012446135.7899
466860777798.2601
251122466332.1346
357977305529.89374
357606122855.51154
500958771759.19086
499529189488.3135
