1.7694678768127544e+16
183324671232986.06
131189769745445.92
40481508044648.3
78104035269745.78
27904686623099.258
37521764858083.555
11949460034901.334
27911589682896.594
14065123828015.408
8172973148539.259
9277427691368.297
3693428869044.148
1776492414748.4443
5511943460181.333
2494397115354.074
767476853570.3704
1942308203178.6667
3198915192907.852
3234582136604.4443
2349188911862.5186
1189869354932.1482
851017167909.9259
1308043438004.1482
914418917551.4073
373259261610.6667
291760292560.5926
227238359058.96295
96287515761.77777
111906681818.07408
93642617071.40741
110059463758.22223
280127451074.37036
243049350760.2963
77865384034.37038
174425360687.4074
164534360632.8889
112439281796.74074
122881485037.03703
93659900999.11111
73373067299.55556
116585271675.25926
332406396434.96295
211348869082.07407
689721038317.037
241458124581.92593
130740107387.25926
146787902585.48148
129394430160.59259
279870155652.7407
156641109769.48148
166288690982.51852
145368574757.92593
114129110666.66667
86997126306.37038
180934936859.25925
196846048521.48148
142819022127.4074
147268661975.7037
278116149570.37036
160689086464.0
591523102947.5555
233027612918.51852
440369115629.03705
151847849035.85184
321016615945.4815
414993319101.62964
292536646295.7037
248609229861.92593
329126489353.4815
140897270128.5926
150286878703.4074
117147781597.62962
139488941010.96295
159978215077.92593
90221334767.40741
79646718655.40741
127056632981.33333
113700906208.2963
70463684309.33333
109152186988.44444
103750754474.66667
150403271350.51852
122354610629.92592
148120085949.62964
172703704016.5926
79545952900.74074
234048439333.92593
149374099944.2963
477050539937.1852
824698808557.037
677776713291.8518
368926868897.1852
721983282498.3704
494289871160.8889
295736590184.2963
190697836141.03705
146216773935.4074
101963563794.96297
148902696405.33334
163453259832.8889
125334072918.51852
150225373108.14816
115978255426.37038
119536481109.11111
127336594186.51852
150104894506.07407
119084612105.74074
120000705092.74074
97151547344.59259
150920546586.07407
141742976284.44446
171479367165.62964
135000673434.07408
144847758582.51852
140023820672.14816
162240759125.33334
187753263426.37036
132533548567.7037
131621746100.14815
117291329341.62962
146160023272.2963
293499774127.4074
137113359682.37038
65278679389.62963
109496338237.03703
129841877541.92592
154599167544.8889
85692086594.37038
118330239969.18518
169849861489.77777
211472002749.62964
103008382141.62962
102350892723.55556
90875321882.07408
95688815786.66667
122207269710.81482
113568537429.25926
103597471904.74074
152857919083.25925
145375878058.66666
121739232289.18518
97285928841.48148
96353280183.40741
91399536316.44444
92136134669.03703
80232828999.11111
87335114433.18518
78307898071.7037
96978846653.62962
77780020114.96297
68561995159.703705
78077391907.55556
170423537133.03705
250033602759.1111
323818848161.1852
820486903694.2222
689832214703.4073
222422891093.85184
131316361302.51852
147850878255.7037
163690431122.96295
160829033856.0
72756169090.37038
67998290260.44444
92836783160.88889
151572603537.77777
81861914083.55556
98736846634.66667
64894518803.55556
103728522040.2963
73863582919.11111
70243670997.33333
92116939211.85185
88670778425.37038
76597589450.66667
73771281069.03703
117569483828.88889
38586689428.296295
74613298645.33333
72935629121.18518
60244677847.703705
58323723259.85185
53519907577.48148
30053695634.439816
52875295665.18519
39146912439.11867
39271047168.953705
30899578118.524307
47104296062.62963
43459827798.14815
50861637924.2772
43659911615.17853
47336007911.510414
39240936356.57407
47513738524.46296
41384347601.48148
32722273534.880207
40956333565.703705
44786040518.296295
36515026200.16435
44419122058.96759
44251697846.296295
44283106948.44444
43630241139.375
46887756677.62963
39207738175.28125
46906893411.55556
27302942544.291668
23282348189.54398
42586303191.97569
26938548271.16428
45850475492.90741
45237660225.92593
37917303322.703705
41820473762.09144
18983047370.37037
44553430950.88057
36864466478.48727
40393547802.21181
29609120454.491898
25765154717.162037
40034319313.01273
43923968074.666664
29183454197.833332
28810848796.363064
35775428106.37037
35848073811.389465
57012552561.666664
32372793554.247105
31665936164.657406
38433014100.56944
42045886874.41204
37787864623.77778
31338408806.814816
34418729227.09259
30564623873.27778
34246055451.939816
33521536525.69437
40194909968.266785
39918083257.02315
36734147541.15046
26664703670.851852
36428160056.666664
36554698657.92593
29238594569.037037
39406870627.37037
32541364576.157406
35588051814.74074
29006575145.814816
34977459968.40712
28677141752.398148
31705875084.289932
34588588582.93519
25264025168.257233
43639532712.578705
21835755495.87037
31000290668.231194
37078225350.1169
34002787017.99537
39746855891.06366
33671624665.266205
33339511689.212093
27314765550.851852
30187013658.12442
32971574112.34274
26811026922.640045
29805793157.663483
30139978400.74074
35936532731.898224
26586170253.625
43835165896.416664
34881454463.458336
29171439622.89352
23261652111.346645
32034007581.27778
28988891410.693287
34318346197.88889
44939908757.40278
17039321941.36111
33802782153.944443
16809883135.893518
31269044766.9375
27968368854.81995
35854790038.25926
21998566661.49074
24669551668.34245
32826553837.55369
27292415528.925926
27199659309.332176
32638678069.470486
29521152141.529514
16473945260.61111
44913154602.07407
31690650189.36516
26113827263.22222
20941543820.26389
31161646928.444443
15956056893.481482
20926785421.90278
25547252686.84053
25382203318.796295
27884566159.096066
35514812180.71065
20133774755.50101
25210989001.662037
29680597449.48148
29727655173.421295
27206520181.351562
24689456513.79977
34262470658.74074
41111816154.40278
31147028553.555557
27676104643.93591
23819178834.476852
23707593621.35648
26005090725.271122
23821027085.037037
30766124842.0
25738619658.42068
21046017638.785408
27883424569.007088
16434732761.796297
18396801800.30787
23203376155.385994
27225399168.73611
27196620002.074074
24852528998.77778
20183952430.953705
24477359097.77778
28881675295.851852
28889132984.974537
22124044643.24074
19848173944.25926
26225387462.5
17322462582.886574
24064125458.873844
26145384229.068848
10744789244.087385
23323953339.98148
19388934172.666668
29525823208.93287
27443200720.20479
22973869674.601852
14920155170.986834
28940110338.63614
18787784799.015625
28910133073.203705
18543634516.62017
30412193609.48148
22385276068.796295
16179337748.395634
22177065830.407406
18021978319.81836
21991385327.381943
20263570082.148148
29526777318.37037
17670583834.62963
19928311436.886574
19590517440.20428
23157658166.492023
7720928419.78465
17608122307.4375
13887949919.4341
22557391432.88889
18875380251.51389
16848965296.361979
15025650988.74074
9452897443.400463
24110602630.194443
14858618732.512642
22380097180.805557
16404506083.62963
30771404514.37037
31174432694.37037
21786858859.925926
18042770744.68591
18006819696.72492
20283212196.796295
14287149715.381945
15839063718.50926
17629142869.444443
15741454105.083334
17494419717.30078
19091543955.962963
17538300638.25926
13781070529.631945
15277352627.45949
15433010583.38889
18976196313.74074
18586225051.993996
20042971345.287037
22082084122.11574
17135578153.25926
26680139816.274307
9900816216.592592
22949760977.592594
18634163428.675346
13059073976.807491
17948098615.233055
9977530763.333334
16096180607.384151
11162490908.44213
19179474316.39321
11275370149.689816
19174303475.834637
17396911695.155094
17356791870.166668
21698701642.88889
7711565098.763889
16832925343.083334
18290403504.666668
10629483422.469908
18065542412.54861
15182765880.621529
14443225131.61111
11928699552.243055
13618247318.157408
10309005669.929977
10387698337.402561
29002524893.62963
13291197539.223814
17259244030.414352
15872738504.030092
16274560123.407408
14174552770.51765
16856445435.398148
11310348774.917246
15926761693.601852
14154936892.976852
11183073779.627316
9604245508.36111
13816307877.984085
11050112956.6875
10926259030.918982
12411982297.62963
14829307371.650463
10702824712.655092
21192278983.626736
11882694490.38889
11938280622.11111
15807725985.550058
14628672842.864475
13258262087.046875
13045550764.944445
19393345155.87037
14019004446.308739
10695792121.525463
12971375652.222221
13048775579.185184
10079273101.23611
12370240732.324074
13814945897.171297
11079181669.805555
13448712367.921297
12208794885.664352
13419020645.752567
13978878960.62963
9641602783.148148
12059674878.25926
8353644503.546296
13110486635.86574
16537591808.176504
15294535923.37037
9464222124.796297
15070061152.606152
15210410307.125
9331752741.95486
10332533091.135525
16184905774.555555
4688183567.84375
14790595092.101852
8041819247.28031
15657386896.119503
12516836907.703703
11256603924.555555
13285252150.25926
13141357675.032625
11235320581.292969
13115791665.659721
10919306731.1875
11931981484.75
9809121264.91589
13997254642.333334
13808521796.962673
12736054824.296297
15810465657.425926
11536984760.814526
10501327366.181713
10438395830.430555
9330377410.553312
14319987150.941261
12763645846.296297
9274721646.64236
16118389283.298323
11727289336.497541
11098183057.370731
11008309552.481482
8117207025.990162
9111797725.185184
9966364381.62963
13594192672.518518
7789997614.817998
8625277189.13889
6017785586.37037
9696726743.893518
10452922097.849537
10569908206.965837
6676488688.572591
10415120071.853014
13210747824.518518
9370746955.666666
11933528463.925926
8317078637.384259
10162508405.270834
10149590239.407408
8213130276.135995
5508081918.474935
10163368614.356174
8272609642.801433
7251558795.84809
8053286684.346065
6226786257.222945
8743285982.868055
8857657674.5
8835288331.515625
8939898599.018518
4361018820.981482
8572868138.5429325
8563579382.532118
11127001689.621565
8600818067.028934
9221542807.074074
7716997900.615741
9966976896.982927
7443697493.725405
7448307697.203704
8290060931.704283
7398457904.24537
11654808797.037037
8172669918.826389
4012329222.016204
5588781857.055121
9478069076.616753
8875414928.333334
8545577905.835649
8864808708.789352
7033461364.872685
5444153508.627382
5445608649.246528
7703411732.24537
6857996215.645255
9094960207.00463
6807077655.659722
6794918404.120393
8399377065.022786
7433407509.940972
7615049108.748842
8415750020.152778
6797863422.82892
10327129403.38889
9453013458.144676
6086067789.018518
7565463643.611111
6003631238.622292
7825970194.096065
6447203772.939526
6707804723.583333
7100406624.296296
5639735383.703704
8363250585.536458
5638947148.203704
5501375339.383888
6421980824.67442
6420556888.4140625
5624028344.087963
8276325201.273149
6848048778.018518
6800847151.759259
6075310770.055555
4065510511.4074073
6633597709.009259
6248888938.632524
7384083471.925926
5429725098.893518
7766038936.457972
10550780320.62963
8431834576.662037
6453396473.092592
7339380888.400463
5217311736.3125
7651594195.62963
5180084783.612268
3991082552.640046
8825949082.620949
5531746963.78993
4281024459.9814816
11551646012.092592
4848641647.89757
6616604605.966173
