8.100079571908043e+23
3.012032645706557e+23
1.999688653970266e+22
4.7856620231561535e+22
1.2985239300031831e+23
1.9500692350278505e+23
2.2929725705293894e+23
2.4891877870498186e+23
2.593175334084548e+23
2.6488929106993853e+23
2.634700371568565e+23
2.648073448279374e+23
2.6444546782022343e+23
2.62593304589993e+23
2.5918495748997303e+23
2.5416981848889025e+23
2.5171496246990365e+23
2.511712979774355e+23
2.5159790351192404e+23
2.491916915358335e+23
2.439575295675705e+23
2.4457625880180913e+23
2.4107745219020403e+23
2.4120199829528508e+23
2.369636534243487e+23
2.3405245219363187e+23
2.3393573104053592e+23
2.3035851822570655e+23
2.300424926101802e+23
2.2652337413584642e+23
2.2342673226793346e+23
2.2116554625439227e+23
2.2024727527749595e+23
2.1701272858065843e+23
2.1764634147852143e+23
2.1693763185983938e+23
2.1141613478913662e+23
2.122590648034853e+23
2.0938809391403514e+23
2.072049034033615e+23
2.046765688871987e+23
2.0249161785309866e+23
2.007744335783233e+23
1.9961512939078408e+23
1.9753693824563673e+23
1.946831299110456e+23
1.9370606021670732e+23
1.9143404196380192e+23
1.881829936589902e+23
1.8795372105764404e+23
1.8840038401893813e+23
1.8630561166731155e+23
1.8189759224903738e+23
1.8259559754454927e+23
1.7955157727079404e+23
1.8017209956609363e+23
1.7321615113299884e+23
1.7213959601518967e+23
1.722084255407319e+23
1.6899408946291053e+23
1.6767152971905588e+23
1.6628834970881233e+23
1.6646829637340258e+23
1.6477564114601162e+23
1.6036751056912337e+23
1.5870525247469645e+23
1.5992743557111674e+23
1.5496804589667708e+23
1.5508672182148106e+23
1.5112619242089766e+23
1.5143599510908773e+23
1.5104408579489118e+23
1.4966309984063355e+23
1.4682064323038691e+23
1.443570192964234e+23
1.4195137449459294e+23
1.4352635492293894e+23
1.3986066913781123e+23
1.3795463552459624e+23
1.3664165706675814e+23
1.3367173720586715e+23
1.3424958443844655e+23
1.3390051580771932e+23
1.2912910952377236e+23
1.303137429331414e+23
1.2805018090422471e+23
1.2500363295899489e+23
1.2367009727952748e+23
1.2409018655920634e+23
1.215179853767382e+23
1.2015496662047302e+23
1.1934408429089596e+23
1.1753869097770742e+23
1.1690998057969924e+23
1.1455374012613453e+23
1.1335104567632498e+23
1.1223695658169583e+23
1.126676950241773e+23
1.0894630103830077e+23
1.0659903775999327e+23
1.0746517374096142e+23
1.051621217066982e+23
1.0404834590899196e+23
1.0283815698063972e+23
1.0086343718901481e+23
9.997523329057955e+22
9.719412750738695e+22
9.59695836868829e+22
9.571297947254234e+22
9.377853317295262e+22
9.293730510032359e+22
9.307395318057077e+22
9.016462083896443e+22
8.918335763005217e+22
8.851810097491902e+22
8.79890378506753e+22
8.688713926709331e+22
8.415281387443007e+22
8.337414457108072e+22
8.105186918364525e+22
8.026231359773617e+22
7.80686173412155e+22
7.731139969532843e+22
7.923988619649962e+22
7.63454331545645e+22
7.389995966971318e+22
7.348204496533345e+22
7.468051196646953e+22
6.986075196470011e+22
7.173262849784826e+22
7.179335929444198e+22
6.8648651555054866e+22
6.616505265554411e+22
6.5353414733666774e+22
6.3988330535842256e+22
6.27674124621545e+22
6.268883665825589e+22
6.233294015155406e+22
6.2492980940702925e+22
6.004179874184023e+22
5.87583867995837e+22
5.844003753611938e+22
5.548667978504874e+22
5.644154645393109e+22
5.596750199093045e+22
5.543818125380571e+22
5.388817737005361e+22
5.286738641632818e+22
5.205446036022254e+22
5.054704677376511e+22
4.987914811158543e+22
5.043033260299418e+22
4.779814808182396e+22
4.637139249840448e+22
4.709525514135368e+22
4.560919402843185e+22
4.492628387371284e+22
4.403476660022615e+22
4.27884324445855e+22
4.1953313906334684e+22
4.143034034701966e+22
4.039938005586589e+22
4.0335954151644e+22
3.873045724494388e+22
3.82132663075504e+22
3.801291941890857e+22
3.5856961494404957e+22
3.723471763458565e+22
3.7193446071558612e+22
3.643725034130327e+22
3.4419994819253605e+22
3.3615436014860307e+22
3.2868030682668345e+22
3.174610700044556e+22
3.137147473378231e+22
2.9015280381018426e+22
3.0389398066551327e+22
3.0307442101662624e+22
2.7155405408474937e+22
2.8461424958281836e+22
2.7300186614349177e+22
2.642525768676903e+22
2.681159961794016e+22
2.625527712158212e+22
2.283005287796551e+22
2.5362145141798795e+22
2.3563450147544416e+22
2.2794860711856394e+22
2.2520090407995642e+22
2.3876195780988657e+22
2.176114416536323e+22
2.288188790448364e+22
2.0472230238282865e+22
2.0567143233857637e+22
1.962914902168623e+22
1.990238417411586e+22
1.9507085490988136e+22
1.7365081385160212e+22
1.753403835459344e+22
1.6373820176347299e+22
1.7984741210583514e+22
1.6668644751875498e+22
1.5847529842461362e+22
1.6040134864421662e+22
1.5754046085175313e+22
1.4319085737474232e+22
1.514425063540792e+22
1.4782289054282337e+22
1.3466413590524641e+22
1.2449029775747541e+22
1.3022885736796719e+22
1.34506907692616e+22
1.1948324201512735e+22
1.496996885546585e+22
1.2840803303360542e+22
1.1453808168190802e+22
1.2227836372477654e+22
1.1505977877184144e+22
1.038735695687879e+22
1.0426244655960627e+22
1.1044191387582066e+22
1.0190730414647161e+22
1.0068481983255065e+22
1.0042152041513847e+22
1.013040764657986e+22
9.358946167875113e+21
9.237367749480487e+21
9.208756619974235e+21
9.177004500838481e+21
1.0517449720571844e+22
9.741046020219913e+21
8.51977337970451e+21
8.27061095735504e+21
1.0804045485891215e+22
8.321756985770365e+21
6.774474449005596e+21
7.477579499690379e+21
9.184591000151542e+21
8.132646276131444e+21
8.297574038871779e+21
6.365006006255079e+21
1.0144139953654091e+22
7.690693874464466e+21
7.034644576001116e+21
7.032814951695268e+21
9.113305371556899e+21
8.67831897623181e+21
7.291568262667392e+21
8.285166893554456e+21
8.442070349657416e+21
9.001642225467134e+21
8.148468254932884e+21
7.693008833294456e+21
7.878127613264469e+21
7.592593982382523e+21
7.818276755587808e+21
8.002963019935795e+21
7.673215695059019e+21
7.858916154728342e+21
8.410123115177124e+21
7.648042923062589e+21
9.50365687531394e+21
8.322876685522615e+21
8.331597190308145e+21
7.63648129547063e+21
7.69370608492817e+21
8.48042424242399e+21
8.378330458735276e+21
8.410496738365269e+21
8.470516584058161e+21
7.858638510620609e+21
7.283321174177266e+21
8.567612527039778e+21
9.87846044104754e+21
7.799596869977556e+21
8.428038548775826e+21
9.020318273901132e+21
8.39072671360301e+21
1.0457713107642343e+22
8.006273522551454e+21
8.481848591107793e+21
1.040462706381737e+22
7.240899382920664e+21
8.450353775285124e+21
8.914399211219629e+21
7.091840404526942e+21
8.479053813381293e+21
7.95815503939475e+21
7.900755697369339e+21
9.774144033094707e+21
7.779874348140637e+21
7.702759609590961e+21
7.704278739381856e+21
8.428708829815479e+21
7.97860394497998e+21
8.501899745958091e+21
7.702749996279529e+21
7.153830858031896e+21
7.137490724164898e+21
7.16206371403439e+21
8.317136748108477e+21
6.593725492361704e+21
1.0237476629013993e+22
9.008797386607272e+21
7.723400830840239e+21
7.158885647236317e+21
7.76921598926143e+21
7.159152450125306e+21
1.0275800310064878e+22
7.233025946359406e+21
9.143464039984344e+21
7.139098338969511e+21
9.03203755680036e+21
7.660420463458272e+21
7.184947028847357e+21
8.387940208499718e+21
9.513114296248655e+21
7.868664027700468e+21
7.752132173549607e+21
7.652298047176744e+21
7.714099233545749e+21
7.701754110809967e+21
7.980436533500989e+21
7.891466602084596e+21
8.385596874496441e+21
9.215433035341212e+21
8.315420815691479e+21
1.0421118219032826e+22
9.643267138620783e+21
7.735075254108268e+21
8.357230354075029e+21
7.870967755828898e+21
8.406598846226753e+21
8.947106029517198e+21
7.893008501550987e+21
9.857147845042856e+21
7.744253962789535e+21
7.789839020940393e+21
1.0292825383012777e+22
7.71372936816446e+21
7.795927079214281e+21
7.748768063588238e+21
6.495741607450304e+21
7.847197307644838e+21
8.449443487392419e+21
7.895635407410453e+21
7.886781784871475e+21
1.0312371060558659e+22
7.713830874805189e+21
7.919612884940211e+21
8.471824244521986e+21
7.819568817237552e+21
7.815899829032532e+21
7.741356638233166e+21
8.419389810222276e+21
7.675456480255011e+21
7.168233416484535e+21
7.761376902023013e+21
7.879568475828772e+21
6.375318643698701e+21
8.293266331065765e+21
7.213069392534946e+21
7.639252658713464e+21
7.806705125508439e+21
7.75531059791909e+21
9.596792688548529e+21
7.696495465467453e+21
8.41142318986305e+21
7.329576484456589e+21
9.121068567877579e+21
6.949630791474469e+21
7.053170704609791e+21
8.304813697395279e+21
7.167113309384535e+21
8.248509838114291e+21
7.101460246478485e+21
8.561876848025651e+21
7.092661414530196e+21
7.837264135563424e+21
7.135342473867499e+21
7.207840221468228e+21
7.728291531724988e+21
7.660067951234314e+21
7.787373237139835e+21
7.561598941063961e+21
9.085300301451412e+21
7.02797616518107e+21
7.050943065958969e+21
1.1034766310767822e+22
7.167832717081025e+21
7.897649416236473e+21
7.658556835638776e+21
6.497188689977456e+21
1.0921691146752937e+22
8.107040780202415e+21
7.20941366195134e+21
1.021067324377085e+22
7.783613916264254e+21
7.910574729574841e+21
5.834646296101391e+21
8.947701761418324e+21
1.0144429983410852e+22
9.585255164262958e+21
9.046440749321752e+21
6.665694615432388e+21
7.875918337855659e+21
7.020571754846557e+21
7.717965166103069e+21
7.198484803846659e+21
9.723768645594707e+21
7.641592766255272e+21
7.247181544817927e+21
7.781408236889195e+21
7.914858853725821e+21
7.988733494611189e+21
7.67942871083494e+21
7.747299584155689e+21
7.919997779060108e+21
7.637109380322413e+21
8.892605514884512e+21
7.214818459902546e+21
6.392118922909176e+21
7.589128963778377e+21
7.698742011081572e+21
7.025641315691379e+21
9.724927975087174e+21
8.30097280124617e+21
8.359105372050839e+21
9.034567091205619e+21
6.451484693681941e+21
8.556051949489945e+21
8.31030102131402e+21
5.76861112389122e+21
8.300321682222418e+21
8.840220691231315e+21
1.0751406652209435e+22
7.776271302131215e+21
9.381106201710442e+21
8.654197455655578e+21
8.272699149974886e+21
7.763699657191637e+21
8.391327998242417e+21
7.006919022957493e+21
8.995875272251107e+21
8.252033791155367e+21
7.07599843227425e+21
7.944066420661683e+21
7.834109773349617e+21
7.621367256953756e+21
7.624245254397011e+21
7.83198875439248e+21
8.334510788523032e+21
7.162953520804081e+21
7.683176279175629e+21
8.413558890931364e+21
7.650695775487242e+21
7.787829856920585e+21
6.451251735499617e+21
7.683737455386663e+21
8.507863617717727e+21
7.750024176833162e+21
7.241694596881021e+21
7.859947697240666e+21
8.00170034091883e+21
7.899011954638235e+21
8.489541005336109e+21
8.345169527748028e+21
7.938163588605427e+21
7.201776414363736e+21
7.870360304463461e+21
8.348577024540508e+21
7.772113395164613e+21
7.821951747842277e+21
7.599415782166068e+21
7.763485235718462e+21
7.926476709524184e+21
7.653622299458545e+21
8.002825281846973e+21
7.607687912178414e+21
1.0454708413542406e+22
7.756850380390906e+21
7.873968210621119e+21
8.496138699420809e+21
9.671961564332297e+21
7.774453891643742e+21
8.921467172734805e+21
7.317745282899497e+21
6.522385013649325e+21
6.579957549859916e+21
8.266800835905666e+21
7.647890099810608e+21
8.953440004595848e+21
7.833472877574189e+21
7.030588168924753e+21
7.81053242968232e+21
8.341481387584654e+21
7.130515714783146e+21
6.910350734412778e+21
8.560040243167656e+21
8.230870480600413e+21
9.52305377246948e+21
7.739626683139221e+21
7.23555538762154e+21
7.632518555704603e+21
7.032450293226022e+21
7.936748270645314e+21
7.65405563209442e+21
7.639799590095064e+21
7.636772690565133e+21
7.809552438002793e+21
7.643865237228493e+21
7.639461619619821e+21
7.578201441861594e+21
9.612464895592212e+21
7.076895779068517e+21
6.977683758215693e+21
7.616788751196037e+21
7.107267688724375e+21
9.461552020346695e+21
7.08822730281034e+21
7.73105360939609e+21
7.72299321041163e+21
8.98917974536053e+21
7.756368528983228e+21
7.99463041978414e+21
7.217758651365923e+21
9.783767593952555e+21
8.977312363495422e+21
7.590455885299383e+21
7.27721207899002e+21
7.812092317499874e+21
9.088091252741072e+21
7.186169878745997e+21
7.809956313273192e+21
6.43258881114325e+21
7.669590151984797e+21
8.486188748826048e+21
6.963863233965366e+21
7.871820655556003e+21
7.785118992966904e+21
7.714050067851988e+21
7.856402213545848e+21
6.97819837125142e+21
7.800682718068091e+21
7.637978156656489e+21
7.735788497925527e+21
7.96321527890388e+21
7.167756207641117e+21
7.598556698717382e+21
7.768966899317251e+21
8.569144680980594e+21
7.662728530310724e+21
5.887472196566222e+21
6.531995264859256e+21
7.270936899042735e+21
8.88562574927116e+21
8.2604680249797e+21
8.867727707832618e+21
1.0111182393656083e+22
1.001943781877012e+22
7.181988690362208e+21
6.372760950340395e+21
1.0574919891738488e+22
8.979750482560623e+21
7.654727718446932e+21
8.261851446601844e+21
7.084605306743582e+21
7.944190313154593e+21
1.048951810711649e+22
7.840234320544831e+21
7.62396374742366e+21
8.636927811023282e+21
8.424259620198584e+21
7.920153924166847e+21
7.583036504423667e+21
9.438505846144168e+21
7.599313611863529e+21
8.298246770884795e+21
7.841798782603505e+21
7.602429087368327e+21
7.856446861082107e+21
7.014110547964425e+21
8.792031225717712e+21
8.266727460943278e+21
7.022517290656913e+21
7.624992527553655e+21
9.000244855832553e+21
8.946335949301663e+21
7.618047189984763e+21
9.090166842673407e+21
8.436049378980448e+21
6.407755629978316e+21
7.794656032930876e+21
6.977874761489023e+21
7.737739108536062e+21
7.741139334028018e+21
8.311786165865321e+21
9.094247278016622e+21
7.068620994340748e+21
8.430088467890262e+21
