4.595407473024472
3.846597673356995
3.8951572798943337
3.530161197795424
3.088178497876308
3.062581553939701
2.7803719468819077
2.4890352330466574
2.1598866641983507
1.816604351812555
1.6232703452886537
1.376323661138845
1.376553736915884
1.2112647027008294
1.1509305774703507
1.0603133532428002
0.9416443543840748
0.8125157883000929
0.7469786160676054
0.6968023354230926
0.6210945493491121
0.5608036848463753
0.49796066797056865
0.45271192802939303
0.4045126602169155
0.3849283770997395
0.33829023798768837
0.31043458285257797
0.2776345571344213
0.2672427884599035
0.22788447517064192
0.2119334548596264
0.20070746200260267
0.18429976921210917
0.17213804759951526
0.1608285478843275
0.13830834889943286
0.12752215354883856
0.12337457957540372
0.11019400167892608
0.11351657718015734
0.09110786105766026
0.09727358308432592
0.08501696045666819
0.07313804542862398
0.08044516479293275
0.0659367228549537
0.06832497966991984
0.0630737729144983
0.062229775038300544
0.06532252547315362
0.05437728135472943
0.06204474279422371
0.06040332822265399
0.05459020066782543
0.05707233399891632
0.05592561928670882
0.0467411312033231
0.05461193341468533
0.04060013771006141
0.05434177006376445
0.04230673420206867
0.041438689250083885
0.047195276381743916
0.04681458318361908
0.051533815559527595
0.033550636738163324
0.04680253164806627
0.0374196322604133
0.05170498644213856
0.043147625434104095
0.032770641494064966
0.04190796080235818
0.03049973454037609
0.0390911787544892
0.0379326677045969
0.0379731889756382
0.03723349141894638
0.04974077036987824
0.032913445632691794
0.04278191208637269
0.044018495263885564
0.033984209613303985
0.03602391534474545
0.05007630005198988
0.042330791896016
0.037502043971894744
0.04431156197367886
0.04096916572970533
0.04438382190969852
0.03862559152049619
0.04468189197404729
0.03996389306713502
0.046487032756202154
0.034493445245054544
0.04324835937744541
0.0390256531798288
0.03856588626944034
0.041160365791094326
0.04033131135758256
0.04006472357946751
0.04363950456189381
0.03824358462374531
0.045563848098097444
0.026377695654573048
0.0402154904265
0.04245464976194726
0.031047505164129095
0.03410046425821303
0.0378840738102476
0.03286575795694565
0.03547014684794027
0.037373780135926925
0.04012292565943948
0.037703290060992795
0.037589214314039054
0.04057779765774518
0.040696317348502896
0.033901458937321
0.03337353136563717
0.04161023580701119
0.032146711939361035
0.035386763199037594
0.03371297649663779
0.03507884009019291
0.036326287941494596
0.03256325833235467
0.03494594075857813
0.03779959910578102
0.03629596073806733
0.03672080319271371
0.037777962587239554
0.038409496722977554
0.03905733294316654
0.03698905811747969
0.03677271604422902
0.036822028903474725
0.038203632916978564
0.03246328632154163
0.03130801616932803
0.03956653807373616
0.03113815604705479
0.036700505085020776
0.036587553241637816
0.037553666473561245
0.0419380481927606
0.038866564292481434
0.040758338674285646
0.036672123687525905
0.03527261603753581
0.04525314469192522
0.04014276271747324
0.03569929940737026
0.04169451822720779
0.04205127382501391
0.031417660979989936
0.039227590709608844
0.04002151526129433
0.03708102327321165
0.03511486779862307
0.04294462973056108
0.03992435318457498
0.030355335233323347
0.03556822532654357
0.0392221574889958
0.03679600897490574
0.03168485944643039
0.036352598548292855
0.033694233640652986
0.0363377349657844
0.04079487324329526
0.04324577732915023
0.0395635223116991
0.031725181393007666
0.03895449630515433
0.05207682834295628
0.04173304367983757
0.04294210323403308
0.04345912271284845
0.036670244500571644
0.04002098033661312
0.04376803702302999
0.039989050890611444
0.043032501584996
0.040289863460794696
0.03981839306111079
0.043668165151390805
0.04317882537071109
0.0386477718556159
0.03698948227870707
0.044958258409580114
0.04070555145534494
0.04361392742396484
0.03541997102966402
0.037391632870236745
0.03382415081150541
0.03449853795062563
0.04688373214994781
0.02843246052773532
0.03714798087937317
0.04425926635478616
0.032182524416617356
0.03890455323303039
0.035896832474449636
0.03143658151226515
0.034048505430820476
0.03758994670994959
0.04095084092384854
0.040312888593393305
0.05373714347333871
0.03250996375595429
0.036103348210706675
0.04360480206321867
0.0367155920153722
0.03759376845022938
0.026783860117095964
0.03901566684554248
0.030107388741926963
0.03224525324027451
0.03018582678154515
0.03188714483399088
0.03699238084246722
0.029716891577050392
0.031788987883225865
0.03308926723886628
0.02911945599376751
0.0339675414341668
0.02860385897165966
0.029578122586950615
0.03207080542108102
0.03276336530237928
0.03825848112742384
0.031897305085886875
0.026862270344958403
0.03499369530193993
0.03475485277846555
0.02932987820119967
0.029263665409155853
0.036870910237406115
0.027898277054529984
0.035541016497475986
0.024192574045705687
0.03140403817496565
0.02854382486737788
0.032523911309387
0.035715023751908465
0.035434525782403054
0.03058500905781118
0.029188314145344063
0.03438026589646488
0.02835583524523996
0.03349284157982681
0.03526346983664214
0.03321572824218796
0.034182769484644715
0.034092133668817165
0.03158182557445241
0.035127350393603304
0.03383679729368012
0.03486981571232584
0.03522337378880781
0.03567073006605253
0.03394101538727883
0.03116311210518082
0.034824053623105304
0.03252374494088652
0.03261806820465122
0.033928432852452145
0.037414363020031115
0.032884111093294484
0.034707218172313384
0.032081883943047694
0.032394516492955557
0.030444777566152662
0.03313267185278742
0.032152660565629924
0.033033076705782885
0.031283232787161046
0.026341313022674357
0.028576021452701484
0.033991948477635085
0.026933320358263818
0.03518497868794804
0.03776401965838294
0.029266189354248056
0.032163836345998856
0.036995936412988734
0.03165917157564608
0.03662434769361172
0.0317672392490587
0.03350384717887491
0.032838608361166984
0.038234189890014626
0.02521959561204841
0.03179298182714788
0.0334102130921868
0.036745213565070094
0.03890264006862313
0.03662799664772144
0.03982338827336207
0.027111463782412738
0.03977848882714734
0.03246443470770334
0.02860492375830925
0.031232831973488653
0.040325399224189304
0.033938150646258866
0.03406928489462999
0.035855474856502985
0.037146285419937135
0.041159281351011566
0.0328252462718939
0.03634470456474742
0.032920760755037325
0.03569183826636949
0.034235046072903653
0.026073909964879016
0.03660384620866529
0.031163608364520826
0.030801054323543325
0.03348998799674166
0.027639729429718627
0.04176711245664881
0.030068070375064548
0.035087432262899225
0.02960418296915609
0.032061220095276316
0.03143746564399393
0.03031952320300259
0.036703987246516426
0.03298734589184313
0.03285037023114589
0.03833145204057931
0.032232319870729054
0.028570681327740505
0.03727992611297392
0.027406885894703546
0.03838773412709377
0.03142191377225199
0.029365617361860174
0.03043618708987253
0.03336551775451923
0.03571739209258149
0.02470586715535037
0.035423610805689044
0.030504826154440726
0.027492386692333535
0.030567265493576884
0.03521050705236939
0.027402497727158588
0.03417508677505462
0.03574002100255831
0.033511278594486674
0.03403893235327257
0.030309211024204575
0.03761798508967049
0.02286829138643924
0.042402504548040586
0.026593987828967984
0.03433193412700545
0.028097786831438484
0.038075557005656666
0.02961997510260693
0.03160061059744583
0.036088481593277856
0.028793292877249882
0.03359702496533101
0.029130981730607648
0.0324228463519379
0.029026472815150004
0.02460084942958224
0.028884255105283026
0.0320322358601297
0.026336625620881602
0.036810826439574694
0.03385668376987699
0.02873957448720421
0.03148040337065711
0.0267118626829623
0.031176086300519268
0.029924793052571678
0.03021888453071186
0.033466599333865296
0.03195935770122031
0.030334837524655326
0.029444442053015035
0.03112890083652329
0.02972703847389798
0.029974099680016093
0.0296678288782001
0.03129716380127045
0.027247528272117814
0.02697802166988741
0.029572814378107704
0.03007262068134624
0.03157074210800721
0.028160642196294352
0.02801483629141436
0.03314864348648152
0.03166427731774149
0.03451260662585309
0.028765647597665096
0.025603987062674794
0.02931107422745292
0.027956753791805785
0.028290572082813353
0.027724411340372623
0.024911551914979204
0.03034783726356844
0.022046956290534242
0.024908110009636747
0.028612410410960718
0.026515398246719855
0.025967331972946015
0.020808895786907415
0.03970285776940304
0.023173258308223775
0.03225263839794229
0.029235317155198996
0.031396510597054894
0.03434653701443431
0.03214016293406544
0.02970187642066487
0.03995540535664944
0.037632406281660195
0.03957690727398839
0.03228216501252451
0.03738483920866667
0.036590813531886875
0.03275779291424294
0.03198327962489611
0.028386892545101947
0.03371313674165145
0.02972181179234036
0.0315407019690272
0.028145116797193538
0.035299655206387774
0.02523717689253444
0.036367778215095285
0.04193686910403185
0.035426464604796815
0.039797672734169655
0.03380141772005971
0.043637621757491356
0.028881373257979088
0.03932198275547554
0.027745302071453745
0.039566201733627404
0.03635622808428178
0.03971314982002576
0.032677194776032446
0.026115403960724252
0.033937709331115375
0.03104095468672115
0.03700279938273652
0.03061527521719492
0.031723241501328964
0.03500268818781704
0.038892731658460994
0.034533711000031594
0.03984440174838167
0.03368331488878863
0.036787336469310254
0.04619434153139519
0.03447969650654321
0.02876233860900871
0.038521740434081825
0.03192293578794934
0.018814244944703323
0.03788599420551846
0.028772709565911176
0.025228053516376216
0.031395394583489895
0.03535047496755629
0.03004758196540877
0.023082175115534002
0.027622087724378706
0.03728873712595466
0.028438491856035426
0.03536451744347045
0.027965000240154168
0.04333462177274041
0.025757360808161454
0.035362204473173287
0.03354836554021048
0.0310027830040104
0.0292041816010028
0.026813647566749463
0.03971421863766867
0.02732530604249729
0.025403609507231677
0.03345873251569984
0.0294149410313035
0.029662540151562555
0.03760642857225829
0.02866589318596938
0.039563840782619986
0.022123215210402038
0.03426866736190841
0.03428070126110399
0.024367296014683827
0.025734698453145608
0.03615338883413247
0.026609720161153986
0.0355222303602599
0.030361551680654474
0.02981348008426383
0.024935244839000444
0.03556600609900747
0.030919857780708996
0.0299903012116353
0.02899300436592614
0.029412477100791423
0.030426609957529334
0.03342936177243471
0.026295679964327304
0.03359614170604032
0.032640656037786306
0.03277314929183313
0.03322380260553558
0.034514674706593904
0.033325102982966794
0.03211216859396749
0.03171029793393668
0.03330952441319823
0.027238943992302637
0.034655442061137354
0.031172918549706337
0.032008857941304605
0.03474303734621444
0.029439502472397256
0.02847936741381436
0.024660526596816515
0.03441189557436652
0.02728972827398413
0.026023935767844078
0.02655009020710104
0.028259564362003383
0.027374261917542782
0.02074980354811924
0.03431914663285219
0.03460988614350817
0.027627125346551238
0.03146658192818277
0.03592591227608455
0.03273551885080127
0.03200606908446156
0.02809058648241727
0.03882818224085423
0.03782305492867911
0.03518923702415137
0.03380850025329941
0.0342331865789773
0.032608593731050114
0.03730376852836907
0.03535660334579401
0.030308592801935277
0.037420496942886954
0.025426989752671124
0.032695351764577794
0.03500718594318465
0.02765572085063327
0.03298961294746359
0.03569051548712273
0.03315249016097453
0.027341755826744547
0.03689084145016679
0.03283203203346609
0.0315516914580335
0.02560343316477785
0.029872356514200973
0.03110459517929414
0.029402121236410655
0.020992679683655834
0.02761122769253805
0.02981796605630269
0.03126043277497533
0.03685944887462917
0.0311561843107822
0.03430922210077546
0.034215398061938025
0.026847057977182315
0.034117562194578635
0.029203463206789636
0.030066670039298676
0.031175113546710202
0.03288435609853292
0.029465781703687004
0.02380577139907233
0.04980059296590756
0.017319180428496266
0.03581340913435213
0.03003961995763834
0.033641830138598616
0.026349834604378314
0.02773165529370019
0.039904864189077835
0.01927178531349095
0.03163437982308209
0.0277815675839548
