4.46512731210899
2.175619290289722
1.44569447819981
1.2262886397598325
0.9495994040901347
1.0168082321409222
0.6254802790954131
0.568180423973547
0.740853646943389
0.4688385444180679
0.6529324953841378
0.4032267818819414
0.38802181415317594
0.2979957184198406
0.28735642426813296
0.26108465358874827
0.2455263053059809
0.20324669540101706
0.19728326084193334
0.19677485675052847
0.16096527327949456
0.15275746300210094
0.14320922488808746
0.1328497023372225
0.11814935324901296
0.12471780549850343
0.104385848705794
0.10254108309457007
0.09508135150973648
0.10432715334951184
0.08650472160977449
0.08457881895204385
0.0898028031756827
0.0836974898743075
0.08013641277992332
0.08225936457774667
0.07257451997102463
0.07064492050413937
0.07270263287404827
0.07218498938767486
0.07546416046675439
0.06441240424160348
0.07188463484680699
0.06901824906786051
0.06331254255257604
0.06762623315850316
0.06142187328980297
0.0654968648874598
0.060930250613235454
0.060570360287706286
0.06455625776316999
0.05913997653063185
0.06457272072705303
0.0635967170205978
0.06036548888267473
0.06266539275660649
0.06126331803641578
0.05727192636420445
0.0643721310558996
0.0559677730437166
0.06670946096496065
0.05789703893107037
0.05758799059865202
0.060416937058488294
0.06092736180221965
0.0647586263940027
0.05299362888769066
0.06441454964061809
0.0559282171496645
0.06532004963274496
0.061004399235338666
0.05462254638343241
0.061285734799322346
0.05405786754058082
0.06072154289920085
0.06031373711375072
0.058005953241904926
0.0570169122304854
0.06561460599028902
0.05408995521666352
0.06273877346714915
0.06304834667383874
0.05394022506048051
0.054513166209163015
0.06548768374346947
0.05845058543694227
0.05545981325093628
0.06212450438828836
0.058349063648849495
0.06134661132570847
0.05499228857306027
0.06163862745580805
0.058729533198137965
0.06378566283487187
0.05417523071776296
0.06074699963616251
0.05827389646487585
0.05584121596920051
0.05823149746139498
0.059097170999432486
0.0617137163816121
0.060536386618433996
0.056552187689442854
0.06567820376723774
0.05020309881805334
0.059388974464909976
0.06201666482009514
0.0533727863298137
0.05671682132249193
0.05806287681474531
0.054740566291030524
0.05822665730938893
0.05810347582437387
0.0585139340652485
0.05751080999273605
0.05638932432553392
0.06124354277686902
0.058947052611687846
0.05514712339129963
0.05473743087987509
0.06174419013884409
0.05577817515563942
0.057179792405127786
0.05606496774468773
0.057143813309570156
0.057691768266607164
0.055422273089084054
0.056921313141378785
0.05813598683529873
0.05709857254671727
0.05764650214326301
0.057143984748729205
0.059687182350560676
0.05803164872413054
0.056971251040466075
0.05712710409930568
0.05745736877397858
0.05928172091700772
0.05698219885284356
0.05490738354883222
0.06202474250205497
0.054676006078835604
0.05843456004666843
0.05795882052611993
0.05771605194502965
0.059279439548506986
0.05814092708101799
0.059431567069778375
0.057000097876429096
0.05498785191655967
0.06224841495629314
0.058807690257870755
0.05625930435363521
0.061305037085977634
0.059978287417961414
0.05334381810425557
0.059281977694914785
0.0596182418304907
0.05790056715279009
0.055472233798354864
0.06320023181841009
0.058442648548936084
0.0515435822867579
0.056400117859634204
0.06127965601536539
0.057831047738129776
0.05552140161460049
0.058323678047966586
0.05541113480680095
0.056868300668519826
0.058750453109080475
0.06192266646873697
0.058271846961403306
0.053265087486988355
0.05728417961648846
0.06462921506667495
0.05924913556993643
0.057220415208604214
0.0590316578745842
0.053754770150949614
0.057368894661740624
0.06006437093885832
0.058395043389092
0.05995096430875534
0.05733329212011466
0.05666569658995483
0.06000974136152009
0.05878482237747011
0.057930329635869277
0.05627796490128015
0.059907044639608775
0.057367812977497316
0.060717965102602925
0.054895719341832655
0.058198901597237174
0.055591654844668714
0.05555536191145233
0.06547559611860287
0.05179368048299884
0.05677397698236182
0.06347421347885573
0.054824314155984065
0.05834806882668027
0.05908179099765397
0.05352847525387887
0.055627269905002774
0.05800438892500576
0.05851235695168838
0.059140314210870466
0.05907202727890523
0.054221981331388384
0.058617095148927253
0.06238268828380478
0.057717945895973566
0.05831713696883977
0.05102357439075907
0.06230570371226631
0.05476773622655129
0.057221870555347484
0.0561549329603192
0.05691598187915461
0.05960349180165303
0.05792674576762573
0.05610726998267017
0.058334095002866765
0.05671816293597799
0.059542251736387726
0.05507526709517652
0.05426192830150672
0.05584320976839278
0.0573150455200857
0.06064979304277966
0.05610289186412512
0.05355631120416314
0.05790142792046012
0.05940079036378121
0.05445030888961267
0.05528133724953315
0.060085693619741025
0.055074121355432874
0.0601607016612624
0.062048226259215626
0.05695934986421304
0.054510151938528054
0.057096742588102586
0.059569361699066424
0.05795067962071346
0.05507392533549447
0.05549972648046506
0.05842152164613669
0.05378359599154471
0.05656314056092339
0.058203443330748714
0.05584089113615973
0.057385188090622194
0.05713950959214753
0.05596014158980733
0.058487343421393584
0.05837230099899362
0.05691448735549699
0.05718819107571545
0.05820458299884674
0.05628431409366371
0.05567079000608172
0.057952416136629825
0.05610882294501445
0.05607710487404188
0.05719728937711884
0.05928223498541024
0.0556707744064286
0.05669719828364923
0.05727904443376402
0.055629638799776636
0.05512838204961645
0.05774783115660728
0.05682611624284308
0.05699265060960784
0.0567654991204771
0.05292024173189041
0.054758010529588126
0.05889530709850811
0.05316403420468749
0.057624753571815734
0.06105245976499463
0.055131157820452324
0.05615258699485151
0.0585465137503839
0.054301414992515895
0.05905762863121638
0.05658058617119641
0.05527523564636823
0.05715385931291322
0.059643720002310684
0.051840490055118885
0.05599314899205468
0.0557035518712689
0.058648296599384656
0.05884862723110547
0.05751631667750866
0.059189272134803066
0.05622681457000647
0.06037541860425773
0.05557165516525969
0.05398209152974246
0.05569547742547453
0.062059106698707324
0.05549180548089419
0.055411842534347444
0.057478735916489776
0.057444302917479775
0.059367778043212124
0.054708375996195296
0.058896369156391584
0.05656822227923445
0.058901108512582706
0.05698302017467082
0.05307516904345663
0.06003787175412904
0.05622650225206401
0.05394636898828569
0.057996017710385164
0.052928345693029864
0.061459806769393215
0.05423418048754797
0.058721972510305254
0.0536857085417985
0.05612420731823343
0.05656424666531095
0.054868791757743486
0.05884403233279207
0.055917022854465155
0.056798355347050945
0.05911754808107088
0.05571513538169422
0.054788611731816865
0.05970311536663031
0.05165138878938995
0.06085279144260079
0.05539180897176266
0.05459646083948801
0.055976077242819375
0.05731121601190332
0.05962787923049326
0.050981739016119826
0.05917603874492437
0.05669739661565007
0.05379742267722076
0.056479114631205335
0.05873634902644874
0.05381305387980023
0.056713314761241626
0.05823645193144217
0.055681349637434464
0.05703937398385285
0.054240906042544994
0.06097470160010596
0.05098085918702012
0.06279835105664278
0.05045681416829543
0.058365428625324435
0.05333740595193912
0.059830955152089395
0.05407288582100309
0.055784912065191324
0.05911340361258896
0.05280289599715277
0.05850714245493444
0.05433515196868269
0.057696782527202665
0.057418645846895704
0.05398544529813898
0.05675342968166914
0.05945725808309954
0.05238590925181097
0.05851578641711742
0.057915015471016254
0.054705708728049154
0.0567740287682287
0.05418409024502418
0.05793271462844555
0.055651079650332995
0.05452318508322387
0.057465312303975224
0.05587886913152513
0.05621122126106548
0.055071948969722256
0.05695001991436809
0.05696409806074907
0.05684175239081762
0.05621606839618595
0.05583770085458261
0.055846065228674996
0.05492696902072129
0.057404183872881556
0.05656294217116611
0.057072125689321476
0.055392231972700406
0.05443948002301099
0.05704285491387858
0.056084307545954865
0.05569676231130842
0.054980136551569365
0.05546226423565847
0.05919570184146711
0.05576276506636609
0.05769131530090704
0.055713535073509284
0.05440249814211514
0.057958324865777365
0.055097984897276
0.05653798853790806
0.05957862406665849
0.058302997026679126
0.05587244645309772
0.04968661352876545
0.06296414060720293
0.05191467098833979
0.05772962296280519
0.054018474707394376
0.05514231437542873
0.05918262852355838
0.055133889931030286
0.05236162917053168
0.06005435967601316
0.055915321252316005
0.06266422434746063
0.05318067859959348
0.05625586621752081
0.05884777998927143
0.054232899366711926
0.05482670165555075
0.05520363610107885
0.05830890000906101
0.056968989273056735
0.05714780684603855
0.05372150666477491
0.06073817092376624
0.05051754928345597
0.0567783086683399
0.060614292036972994
0.0562240063941987
0.058164168468698166
0.055383080833180005
0.06179687108252515
0.05116114391613203
0.05966443605287824
0.05063736312048033
0.05934476051407382
0.05780065282024154
0.06066452693410738
0.0577082739810842
0.05089923062600022
0.0559799559053409
0.05440001868707842
0.06057282511592489
0.05606731166160673
0.05538697009400804
0.0573043474645982
0.057647738273638165
0.05465463287550812
0.05883523078216601
0.053572602248786724
0.05465749574485849
0.06325723856413203
0.05679749441874582
0.05340794591204256
0.07028624814278049
0.05884511138189786
0.049327936716551
0.06281763013784392
0.05578125873219597
0.05545702998259271
0.05667180255734066
0.060660722936222024
0.055611584126198474
0.05185811592684698
0.05546946732991541
0.06055577518418431
0.05380721859879387
0.05881774962641472
0.05290265240193915
0.06374768476370116
0.050465673558385105
0.05918452077610201
0.05675705922262151
0.05623637311803105
0.05465358802182383
0.05300241099786042
0.061393162744596254
0.05282718362286687
0.05354329913695769
0.05788256925018143
0.05406469694887425
0.05545942930418045
0.06083420740960296
0.055501208593707906
0.06062411887628972
0.05013607168035914
0.058799555225572155
0.05749562133984395
0.053001274051534576
0.052271916556294803
0.06034431433261827
0.052492295720347366
0.059983439079319786
0.056288423078033584
0.05661216015068367
0.05444853105979373
0.05837525848963464
0.05626038956102128
0.05562176876394583
0.05575925009613929
0.05549724534327208
0.05582060946815813
0.05706226734025765
0.05295859488059384
0.05627375572573307
0.05587662812394574
0.055211230330963354
0.05553045797039025
0.05666284450481451
0.055892834833339435
0.05621044921811468
0.05572479232322684
0.05672247981103931
0.053260475407939316
0.05916904719084386
0.055883361802746855
0.05588757576305391
0.05684116644452709
0.05513942025443034
0.05489141150023932
0.05323363004555536
0.05998064213352956
0.056903374699023804
0.05460053774376595
0.055360857736636966
0.05668023293260341
0.05693427140485178
0.05233817333138959
0.059899253496365955
0.05894011268825378
0.05270884592490372
0.05575793914410264
0.05761776168202592
0.05706791948281633
0.055027353299362945
0.0515796657842981
0.05909094964912118
0.05862008319272436
0.05721514246448181
0.054660069893381395
0.05516069859461209
0.05464385896596278
0.05999066159778903
0.059420819928537504
0.05267589291658743
0.06038762475616594
0.051674754127802314
0.05579663930070955
0.058076853715894064
0.05458340339196571
0.0561648989240675
0.05900343714729529
0.05792250329007705
0.05224501507631106
0.05840279323287135
0.0589249240804839
0.05720564293812296
0.0522493846270494
0.05714358947810161
0.059888654161071364
0.054878984563514706
0.050109659372143046
0.05401818590715181
0.05651387700074634
0.05657082411655506
0.05963749471914687
0.054851620053771394
0.05781188760631422
0.0589458361600143
0.05037509957906003
0.05757556661833511
0.05566483040434099
0.05433467403234726
0.0566936888977481
0.05859395369973987
0.05359193627440999
0.051467932462908844
0.06842256902695396
0.046924976364875484
0.05786466860580583
0.053118143070041555
0.05956865168833571
0.05247379636911805
0.05554764598333674
0.062475729921413946
0.04860670790040158
0.056944329712121176
0.05378683161553602
