9.060400685598683
6.022085008695144
5.34072867844456
4.7563486690669095
4.037672203640605
4.07929482755735
3.405761103297389
3.0571403826854024
2.9006706180498583
2.285379794216895
2.2761399108310076
1.7794844947120017
1.7645084026247957
1.509192946345307
1.4382205157316932
1.3213318651036698
1.187102473983469
1.015692225260328
0.9441916425098744
0.8935063167135845
0.7819887709247973
0.7134909715301306
0.6411008686982385
0.5854922581550687
0.5225924449835637
0.5095759462709575
0.4426052846418795
0.41290514864200767
0.3726455509200577
0.37150078815545223
0.31431961394557656
0.2964423569713452
0.29044075864692065
0.26792748913515446
0.25220522070808926
0.24301887462420982
0.21081403798835222
0.19809853453044743
0.19600886178686638
0.18231197141919486
0.18891418954833997
0.15545459719042676
0.16909350440007195
0.15397157679641774
0.1363868427270204
0.1480091474738803
0.1272976174871636
0.13376174860407397
0.1239442558180317
0.12274211492838857
0.12982263895373902
0.11346270491336581
0.12656386985970108
0.12394795663178314
0.11490493719177249
0.11968878750840939
0.11714060542168268
0.10396566475261465
0.11893896622828735
0.09652422819703514
0.12100936178489798
0.10016302111835666
0.09898706450661313
0.10757393038167452
0.10770403547212481
0.1162551041456055
0.08650835320108043
0.11118237408849974
0.093314014684297
0.11699335842687536
0.10412198475060278
0.08736409172018658
0.1031662876552599
0.08453114468301105
0.09978648439742797
0.09822096838209735
0.09595517003403385
0.09422734562953296
0.11533347671265379
0.08698153640991871
0.10549975239108642
0.10704672115299013
0.08790506384865193
0.09051773281291474
0.115545611092171
0.10076387977640888
0.09294473118908603
0.1064189450969638
0.09930211871541142
0.10571449900825702
0.09360239084885824
0.10630564850754133
0.0986788577437148
0.11025863580215974
0.08865461338111993
0.10398235084090107
0.09728707168558107
0.09439530799006537
0.09938054555501832
0.09941742322209125
0.10176778320843975
0.10416590608543601
0.09478650882859559
0.11123242479786927
0.07657137193921015
0.09959559307601519
0.10446205947709689
0.08441135143254731
0.09080892006276435
0.09593888263348056
0.08759818774379083
0.09368856062888359
0.09546960443577525
0.09862927182454818
0.09520708760862552
0.09397149751596369
0.10181466168083265
0.09963688649175789
0.08904199470953597
0.08810470553021156
0.10334910343937186
0.08791975936195416
0.09256106482948674
0.08977258407741842
0.0922176536405459
0.09401310261071825
0.08798079010795859
0.09186232908513368
0.09593114779735085
0.09339048948261684
0.09436343973058063
0.09491845572100187
0.09809325982614821
0.09708562128827004
0.09395669390133388
0.09389614792407108
0.09427563498399487
0.09748167733304462
0.08944151269510216
0.08621165848629506
0.10158810524320476
0.08581091942222313
0.09513202999978392
0.09454351296655603
0.09526697967955915
0.10121492214470221
0.09700500926448667
0.1001876359320401
0.09366986598689091
0.09025822475808853
0.10749921817855924
0.09894815251653538
0.09195644207309585
0.10299751646961122
0.10202715472411183
0.08475901932516966
0.09850702238541688
0.0996373146556926
0.09497940658353442
0.09058521403488884
0.10614294788977059
0.09836516865752926
0.08189746852271086
0.0919670134461521
0.10050027828678026
0.0946255613061105
0.08720473109477365
0.09467464833026377
0.08910353225114387
0.09320441720097564
0.09954359053923792
0.10516721418203223
0.09783378758798479
0.08498883642240015
0.09623725436106252
0.11670460032473784
0.10098055866907907
0.1001610207820831
0.1024889006949925
0.09042349447610845
0.09738840028199605
0.10383062843186419
0.09838187876978687
0.10298117880347138
0.09762090819101787
0.09648246554542304
0.10367594334989959
0.10196153969863112
0.09657591149457297
0.09326529951270691
0.10486303030534885
0.09807106344094284
0.10432948623630471
0.09031337776150042
0.09558838609355148
0.08941396149692069
0.09005188213722454
0.11235733026847994
0.08022428786493982
0.09392024405605644
0.10773167965839826
0.08700515812284551
0.09725109654453461
0.09497730121830507
0.08496352944354113
0.08967425382250849
0.0955930031489043
0.09946181972749359
0.09945169758221294
0.11280750499383091
0.08672997093662013
0.09471866293258012
0.10598581051453948
0.09443214601335001
0.09590943660559999
0.0778059580306028
0.10132012766406442
0.0848737096543922
0.0894652754785818
0.08633909290367665
0.0888015198829952
0.09659431235325097
0.08764187781078842
0.08789451630576695
0.09142193598438111
0.08583642048364173
0.09350868127427908
0.08367790033826027
0.08383919007655652
0.0879130549701797
0.09007759912340187
0.09890740058004004
0.08799902542788435
0.08041746032670413
0.09289409422727171
0.09415449045966028
0.08377904619104698
0.08454385421973429
0.09695536509975647
0.08297109679123134
0.09570043305857395
0.08623980365643032
0.08836213994162995
0.0830525276695591
0.08961918193200791
0.0952828998191015
0.0933838035142439
0.08565741111134095
0.0846865208671282
0.09280055128526378
0.08213809229272902
0.09005453422089836
0.09346575060924299
0.08905539139220853
0.091566843256154
0.09123075153685875
0.0875410476050614
0.09361367129410307
0.09220798347098391
0.09178351045607827
0.09241073246677081
0.09387424367623469
0.09022425720738897
0.08683290714661991
0.09277519777516113
0.08863132692243572
0.08869392135046972
0.09112419502434227
0.09669460816831822
0.08855283679936962
0.09140223620212168
0.08935894038665375
0.08802241153379743
0.08557138774072924
0.09087915865467751
0.08897750394178786
0.09002479081684651
0.08804782491902434
0.07926043237887988
0.08333323375852562
0.09288627267932491
0.08009646116041166
0.0928088300712515
0.09881565167817699
0.08439660234535393
0.08831581990225529
0.09554193762596697
0.08595991293879861
0.09568126319885947
0.08834700933226669
0.08877838545662979
0.08999142878645555
0.09787688886948911
0.07705892758559464
0.08778523306846041
0.08911296862986141
0.09539270405287588
0.09775033807779063
0.09414285244758869
0.09901145635652825
0.08333718155900129
0.10015281179480799
0.08803514092339405
0.08258603515496925
0.08692720133401526
0.10238322118827857
0.08942914450288003
0.0894803843313653
0.09333347306238209
0.09459000682212816
0.10052648396501968
0.08753305210555044
0.09523992573430892
0.08948772650436758
0.09459165304126724
0.09121687708751032
0.07914803350376337
0.09664067812263966
0.08738911693126988
0.08474628522887451
0.09148491585136269
0.0805671165190554
0.10322613218824502
0.08430151787564852
0.09380856916184768
0.08328945657896923
0.08818482322327721
0.0880009462748286
0.08518751575647629
0.09554731636161487
0.0889038109170253
0.0896480402768438
0.0974483583023787
0.08794679313847549
0.0833586830556091
0.09698244866413289
0.07905735284434776
0.09923994841321206
0.08681310009835794
0.08396144086664702
0.08641170063768983
0.09067616670558504
0.0953448332905726
0.07568727128576332
0.09459931080910024
0.08720166900631965
0.08128924271887775
0.08704583693968941
0.09394626848167485
0.08121480754091108
0.09088769703814688
0.09397568324284787
0.08919202760331217
0.09107776923157462
0.08454949761625351
0.09859188393326007
0.07384820066667892
0.10519987105323333
0.07704975093397233
0.09269647779802308
0.08143417505130475
0.0979055211375749
0.08369173006720429
0.0873844179319391
0.09520082748152113
0.0815951680864276
0.09210311831764754
0.08346494454204632
0.0901183547017114
0.08644375327140699
0.07858516650058711
0.08563656710256784
0.0914884486611095
0.07872135593202109
0.09532528850854584
0.0917701089529992
0.08344402125641313
0.08825322617226201
0.0808947629984757
0.08910755616276121
0.08557450983688225
0.08474091361881443
0.09093090318768987
0.08783715428845856
0.08654509978156803
0.08451554178136858
0.08807817021702495
0.08669025366115131
0.08681508133642722
0.08588314779209291
0.08713407821361294
0.08309277695018885
0.08190411689073973
0.08697615002278354
0.08663477094179785
0.08864198625426155
0.08355201665869762
0.08245368671825502
0.09019105620939437
0.08774820344329472
0.0902088946471525
0.08374530673045087
0.08106581733320423
0.08850636651812577
0.08371906769561199
0.08598131157367077
0.08343756261652997
0.07931365925537119
0.08830572637213148
0.0771444967141115
0.08144560208272951
0.08819043602666488
0.08481767489621946
0.08183853414456554
0.07049449441174782
0.10266620572814321
0.07508737439120029
0.08998153938969612
0.0832530636594869
0.08653806597842698
0.09352843915004024
0.08727329324993174
0.08206259233194815
0.10000868873804258
0.0935468324965458
0.10224012838685216
0.0854615874179231
0.09363966870352683
0.09543779348483482
0.08699011076228196
0.08680923707519708
0.08358974590881316
0.09202116545805954
0.08668975338390343
0.08868751807820571
0.08186548311644493
0.09603641928099602
0.07575334953243462
0.09314486002296844
0.10254998092743561
0.0916490673948018
0.09796054225032355
0.0891833588861781
0.10543340635770217
0.08004132019786359
0.09898527124228837
0.07838179433877154
0.09891020405636884
0.09415615838140162
0.1003770507428102
0.09038464124440829
0.07701352625532985
0.08991691370516322
0.08544021939597987
0.09757484032595602
0.08668160361401167
0.08710930784063255
0.09230630188483688
0.09653965647462322
0.08918749217427689
0.09867870357170044
0.08725500425622552
0.09144386889633195
0.10945054320207898
0.09127602156959186
0.08216909400517727
0.10880693903598075
0.09076730478031546
0.06814131456587008
0.1007029127384637
0.08455337396434368
0.08068461225696573
0.08806671641131704
0.09601066896940993
0.08565865351291474
0.07493985017541392
0.08309111379036434
0.09784402428300917
0.08224541108690693
0.09418196649454866
0.08086730408493083
0.10708208931774685
0.07622284749378413
0.09454648032452362
0.09030505426317388
0.08723883805507722
0.08385750950598826
0.0798158266875115
0.10110723201317222
0.08015229636370096
0.07894668810867322
0.0913410308290735
0.08347926661112733
0.08512134683614438
0.0984400005481168
0.08416661934732178
0.10018758637498515
0.07225875311365076
0.09306765921786608
0.09177588839605072
0.07736815566507478
0.07800604780494505
0.09649720521149219
0.07910133595036906
0.09550506181116107
0.0866493212190897
0.08642490150956546
0.07938321490610531
0.0939408170064738
0.08717960975497921
0.08561152798961126
0.08475153316877798
0.08490910393938553
0.08624679201585782
0.09049118374286638
0.07925370339549674
0.08986930003211033
0.08851663641498042
0.08798361742280626
0.0887535593703447
0.0911766371113075
0.0892172263482971
0.0883218730069325
0.08743452375922568
0.09003150982421493
0.08049887986667871
0.09382398161800694
0.08705564244567279
0.08789598591519202
0.09158380812592906
0.08457859732705175
0.08337060316030817
0.07789377568518858
0.09439228464580365
0.0841927102240672
0.08062426137723039
0.08191083092152235
0.08493950539209895
0.08430829358128325
0.0730876996932739
0.09421799960207779
0.09354951617113033
0.08033553240889084
0.08722411625560142
0.09354322227151242
0.08980307346927327
0.08703301515874215
0.07966980831688558
0.09791859752334323
0.09644240477436417
0.09240380770891414
0.08846804841584888
0.08939344940080791
0.08725191869632189
0.09729383266396552
0.09477662698913081
0.0829838339761
0.0978071578988596
0.07710063512673486
0.08849092386629119
0.09308295654243061
0.0822379891634305
0.08915355122673448
0.09469279338440555
0.0910739463288337
0.07958571701725699
0.09529259353027816
0.09175569067692002
0.0887561635432477
0.07785178900746197
0.08701503184504894
0.09099239438353468
0.08428014538220632
0.07110161094316245
0.08162860659209654
0.08633103467029513
0.08783049040876488
0.09649615044445665
0.0860070315362929
0.09212044624410039
0.09316048201520083
0.07722155936468436
0.09169256846671346
0.08486762176928392
0.0844006138102895
0.08786797293104491
0.09147768783136705
0.08305700009196
0.07527318975144578
0.11822226693783346
0.06424308739342662
0.09367726221653568
0.08315717697670583
0.09320972399612845
0.07882255903960028
0.08327838092322223
0.10237991438252227
0.06787786916685254
0.08857799780847461
0.0815677240124521
