-0.00013410147334098844
-0.00013194607253558211
-0.00012310975270260978
-0.00010115728427497165
-0.00010567735816314167
-9.496945204428043e-05
-9.112866494313691e-05
-7.52781126594041e-05
-6.967870156008159e-05
-6.309564641853722e-05
-6.29365955643688e-05
-6.59569531865057e-05
-6.714741378578596e-05
-6.747918730049373e-05
-6.648640871650807e-05
-6.613923459405859e-05
-6.818962240566377e-05
-7.025237607385227e-05
-7.023260013386246e-05
-7.088130979361951e-05
-7.104711499256479e-05
-7.017790021775507e-05
-6.902543816610795e-05
-6.937203805193363e-05
-6.957121863248289e-05
-7.023763690142019e-05
-7.079897291395206e-05
-7.051874177535822e-05
-7.035586173698494e-05
-6.915376947600712e-05
-6.958424693962573e-05
-6.991663919274456e-05
-6.950456691254291e-05
-6.97682975893371e-05
-6.923908712937994e-05
-6.903752088077482e-05
-6.883257808021176e-05
-6.853802351401974e-05
-6.835076399779222e-05
-6.70201584715721e-05
-6.654838289814647e-05
-6.566810669366617e-05
-6.471446007102107e-05
-6.363200801677366e-05
-6.374517025231102e-05
-6.225043728400758e-05
-6.097851709377872e-05
-6.0094705366127036e-05
-5.976813768628667e-05
-5.80199967637521e-05
-5.614448741124401e-05
-5.45524031453127e-05
-5.359313990641024e-05
-5.2088241804889297e-05
-5.075256973044773e-05
-4.8938735342871526e-05
-4.8332160810060984e-05
-4.7393879289612494e-05
-4.509797122585768e-05
-4.3683593002799536e-05
-4.186978010467954e-05
-4.075158527527048e-05
-3.9614700992472555e-05
-3.8283128215111934e-05
-3.7909067398778255e-05
-3.733769516156474e-05
-3.591197840201618e-05
-3.470633772983353e-05
-3.3834675497730995e-05
-3.167718883320444e-05
-3.0041196743498354e-05
-2.9096525902914015e-05
-2.740679899083501e-05
-2.6457258306697278e-05
-2.623676975995894e-05
-2.5436666147971106e-05
-2.397204697226416e-05
-2.305811887158915e-05
-2.1899415218666587e-05
-2.1863960421959105e-05
-2.0934464380617954e-05
-2.0120933792592648e-05
-1.937079357521161e-05
-1.934834603331225e-05
-1.8372628145761852e-05
-1.7498230520214402e-05
-1.7125249393947618e-05
-1.7121858684893865e-05
-1.611093451125031e-05
-1.5934549731517378e-05
-1.5488942485118136e-05
-1.4870529433442984e-05
-1.4568627397971978e-05
-1.4060435607334935e-05
-1.406302930291538e-05
-1.300744222043454e-05
-1.2477901303685404e-05
-1.179454349851788e-05
-1.1317061917491296e-05
-1.105967361257545e-05
-1.0655976981887965e-05
-9.984983721939312e-06
-9.264008003246859e-06
-9.627640200812684e-06
-9.423282240594597e-06
-8.871944402024157e-06
-9.255183803636396e-06
-8.94054387184627e-06
-8.366094807006307e-06
-8.066959390964976e-06
-8.136181512140477e-06
-8.243085916504687e-06
-7.651688858543843e-06
-7.588432328152838e-06
-7.012224406314844e-06
-7.040724737684526e-06
-6.679273998412636e-06
-6.483147381216039e-06
-6.587973963855062e-06
-6.256331003939078e-06
-5.323774181560174e-06
-5.127829276469749e-06
-5.490081756472292e-06
-5.359915678494054e-06
-5.00079606227214e-06
-4.95317154962167e-06
-4.74182466549714e-06
-4.926110282107148e-06
-4.4380843085724166e-06
-4.044822042685204e-06
-3.865305595967965e-06
-3.4923175797500383e-06
-3.4193602977909396e-06
-3.3599978183180024e-06
-3.6159116736894775e-06
-3.6715596375560303e-06
-3.7632911656590633e-06
-3.6764644860799197e-06
-3.972307735760881e-06
-3.741106256218122e-06
-3.1750501442052893e-06
-3.2434268424656537e-06
-3.0353498226928463e-06
-2.8609734593113153e-06
-2.739203191313138e-06
-2.565261146903436e-06
-2.4818509594952894e-06
-2.2693415472573643e-06
-2.35517468319122e-06
-2.242070272833478e-06
-2.341513605685133e-06
-2.3002899052353455e-06
-2.1610967821267643e-06
-2.039044680051409e-06
-2.406299093612082e-06
-2.459676444027713e-06
-2.5456423150730148e-06
-2.4434959815935568e-06
-2.1835806112783954e-06
-1.8872101992560919e-06
-1.9138985871622865e-06
-1.833239872395598e-06
-1.4491838282640314e-06
-1.3294407640281607e-06
-1.5347174090747166e-06
-1.495550540587215e-06
-1.52942688808873e-06
-1.6277801166303784e-06
-1.8357254632501845e-06
-1.6194808488078762e-06
-1.7358373654570296e-06
-1.230246427383449e-06
-1.581601590394063e-06
-1.4324672918505254e-06
-1.4216683509875456e-06
-1.4432669606617839e-06
-1.6203022406168814e-06
-1.4980255753104666e-06
-1.8802679601004605e-06
-1.5210428909642728e-06
-1.4754456499356946e-06
-1.779711357262703e-06
-2.2162086253054213e-06
-2.2866386241857558e-06
-2.246641854120993e-06
-1.6241731849055045e-06
-1.9626130040691804e-06
-2.1082261683172977e-06
-2.1903141654646357e-06
-2.148146524082539e-06
-2.271893021837644e-06
-2.300489227344551e-06
-2.406827552335891e-06
-2.313040270092297e-06
-2.148799387933375e-06
-1.8438296471030362e-06
-2.016609339658006e-06
-1.9974282788253316e-06
-1.852826108711446e-06
-1.7150109053277835e-06
-1.800033265511914e-06
-1.6802054472978754e-06
-1.525825263512203e-06
-1.3221217816743061e-06
-1.5267693075558303e-06
-1.5208098646735027e-06
-1.332597562853949e-06
-1.378278284391854e-06
-1.50516098514796e-06
-1.665470896367942e-06
-1.9745181460645772e-06
-1.7808894842677856e-06
-1.6797122156304802e-06
-1.3923461871622008e-06
-1.468918526370544e-06
-1.4766686338892516e-06
-1.2424607764264093e-06
-1.41544169292156e-06
-1.8481077735797122e-06
-1.6673722567325305e-06
-1.606793827789282e-06
-1.5605894073927657e-06
-1.7594332351905877e-06
-1.741873485264287e-06
-1.426674151660745e-06
-1.1989365655312593e-06
-1.1119657169411915e-06
-1.2249418277367445e-06
-8.600254104326162e-07
-9.599201443644382e-07
-8.119698774911979e-07
-8.730865805625589e-07
-1.1712954722307311e-06
-1.1208401533551734e-06
-1.0295650289938136e-06
-1.1532917082248356e-06
-1.140411289150704e-06
-1.1483913344677568e-06
-1.2384289714314636e-06
-1.302026288253411e-06
-1.284992678368206e-06
-9.96802439714898e-07
-1.2491545494730268e-06
-1.448876558299176e-06
-1.4721160603359693e-06
-1.4848273592228237e-06
-1.401269278458201e-06
-1.522680383297216e-06
-1.5195331456226093e-06
-1.236546203711956e-06
-1.3389323749982204e-06
-1.447843615554917e-06
-1.163248925401371e-06
-1.2284568493817269e-06
-1.114879902767522e-06
-8.917263078573758e-07
-9.195882307898317e-07
-1.02253673771496e-06
-1.1157674365211616e-06
-7.930724886729116e-07
-8.320585082810441e-07
-1.06996446549968e-06
-1.0724987218118047e-06
-9.954246059160776e-07
-1.271099262861429e-06
-1.2411224725986167e-06
-1.2520728214158155e-06
-1.5269031328271083e-06
-1.9891555617265506e-06
-2.04920952420471e-06
-2.1808483041226735e-06
-1.989460255671044e-06
-1.7427186808057486e-06
-1.7719280082414214e-06
-1.3440091788299837e-06
-1.272916056082032e-06
-9.369214367783457e-07
-9.0734567242913e-07
-1.1224163596696513e-06
-7.986160972700594e-07
-9.830789948434479e-07
-8.935493260933142e-07
-9.015657921785772e-07
-8.270859610078783e-07
-7.442716992926755e-07
-6.037203723125874e-07
-5.115563021453729e-07
-6.732003696064806e-07
-7.127184585971367e-07
-8.156917752510412e-07
-6.977885225155625e-07
-1.038797551185879e-06
-1.0220567364634663e-06
-1.158108767155731e-06
-8.976187980052185e-07
-7.960111339139252e-07
-8.049129195033723e-07
-9.298746837264689e-07
-1.461075341939595e-06
-1.2042535499929289e-06
-1.096895216118031e-06
-1.0947099352143392e-06
-9.492491382082145e-07
-9.801737492971581e-07
-1.1079070646673237e-06
-1.2842127611039296e-06
-8.118251916017443e-07
-7.431736562924812e-07
-7.376111294123724e-07
-5.81777043876631e-07
-5.739502724320697e-07
-5.709399293530362e-07
-1.1470048181671904e-06
-1.2564165592985499e-06
-1.2939857637419233e-06
-1.190356021049601e-06
-1.0457204701887976e-06
-1.0407188252542283e-06
-9.940566377552795e-07
-1.1385009404755889e-06
-1.0889949811642918e-06
-9.583186986906925e-07
-7.876699539845631e-07
-7.331031340985533e-07
-8.359226340032837e-07
-4.3495203786634624e-07
-6.034648545351082e-07
-7.6532594510199e-07
-7.98672105222857e-07
-7.038671109664089e-07
-5.578601240556103e-07
-6.857495618585872e-07
-6.418031061506793e-07
-6.634124709082187e-07
-6.091205557103696e-07
-5.941408122354435e-07
-9.212379475423567e-07
-5.777520197727793e-07
-6.231077608753571e-07
-6.375763581930138e-07
-5.642906563311001e-07
-5.660965406827186e-07
-4.3815459828819745e-07
-3.350509360395103e-07
-3.3836370769856943e-07
-5.533443945116529e-07
-5.663009432275656e-07
-5.424870479170869e-07
-5.876383417491821e-07
-7.44394209859397e-07
-7.052656207877082e-07
-7.894705373568878e-07
-6.006798590381853e-07
-5.374492322812859e-07
-6.184188058595345e-07
-8.025032287136579e-07
-9.500305567556542e-07
-9.845713293543668e-07
-1.0503286758232784e-06
-8.844836957383774e-07
-1.016753975635265e-06
-9.91898639048761e-07
-1.1311562129001038e-06
-1.1049347593094114e-06
-1.058157697429998e-06
-1.0208996728092749e-06
-1.0492007613861496e-06
-1.1886233490385652e-06
-1.2742716508846782e-06
-1.3645157083346013e-06
-1.1281939520827567e-06
-1.1182041675930342e-06
-1.045183159754926e-06
-1.178745330167136e-06
-1.3236375480119023e-06
-1.5894478910781764e-06
-1.2620387444483696e-06
-1.2060761875101551e-06
-1.1901692890967034e-06
-1.244604575294379e-06
-1.363148004561798e-06
-1.1559627139394597e-06
-1.008701449230758e-06
-1.0716866060555935e-06
-9.584553339657076e-07
-8.498400118753139e-07
-7.506359219574776e-07
-8.828842567695115e-07
-7.702481678829509e-07
-7.493780321789202e-07
-7.865941341172635e-07
-8.161749562088178e-07
-8.733608584308488e-07
-8.49050785509744e-07
-7.915724120002144e-07
-8.806843909020921e-07
-8.581099555440303e-07
-6.29437966719791e-07
-4.421986288043415e-07
-3.81155285249547e-07
-4.7430098089189553e-07
-4.773352880987687e-07
-4.352085570133554e-07
-4.09670254901202e-07
-4.5102840083243847e-07
-5.756678430414947e-07
-3.844212846894335e-07
-3.9080131180758887e-07
-4.365470580305273e-07
-4.4482844198809776e-07
-4.957051404667007e-07
-5.97928544368554e-07
-7.210796742893841e-07
-1.2440977747944492e-06
-1.0144501198004762e-06
-7.925321505558537e-07
-5.548017672354459e-07
-7.227089516466852e-07
-7.279568308149464e-07
-7.591457646828862e-07
-7.25591939689641e-07
-7.590306884862524e-07
-9.13437522141144e-07
-1.0782496132406785e-06
-8.953230681354469e-07
-1.0030292669892e-06
-1.2563918918986442e-06
-1.0358324706705686e-06
-8.004190854715193e-07
-5.817177447339461e-07
-7.438100571435339e-07
-7.830294026821638e-07
-8.710826469096062e-07
-1.0470665633275608e-06
-9.90292663527373e-07
-1.1406982770311923e-06
-1.4059252153793052e-06
-1.376379161630994e-06
-1.227395550143743e-06
-1.180349944971645e-06
-1.4034889337670237e-06
-1.2992135577948739e-06
-1.1396219067962172e-06
-1.0866348776649237e-06
-1.1979313200733254e-06
-1.1470954098322816e-06
-8.712024049769795e-07
-7.582451031840162e-07
-7.228467440598238e-07
-6.265063812992058e-07
-8.280408282147154e-07
-1.1086189148017176e-06
-7.521391043078191e-07
-7.542901632701234e-07
-7.83539448104082e-07
-9.827186525138293e-07
-9.040754304432218e-07
-7.337216471188544e-07
-8.138860801571623e-07
-8.510795623806189e-07
-9.286646851892716e-07
-9.123346994466522e-07
-9.634350875743155e-07
-1.0373263245311638e-06
-1.1687624303407955e-06
-1.190392120145751e-06
-1.0499908223364894e-06
-7.421282784995381e-07
-8.673778973550993e-07
-7.125917955966352e-07
-5.942929463753546e-07
-4.71637619735815e-07
-4.810209708723911e-07
-5.28887675484437e-07
-5.12811694558997e-07
-4.4073532343427076e-07
-4.411470927540319e-07
-4.871353056817378e-07
-2.993007604375585e-07
-3.005092781816621e-07
-3.485913035712811e-07
-2.1709902627386088e-07
-1.8710150463233337e-07
-2.446812577735121e-07
-3.7005700352783467e-07
-3.179082680894011e-07
-2.592612925929446e-07
-2.3146104190574932e-07
-1.4914710621405197e-07
-1.9364348685786713e-07
-2.2092872520909785e-07
-2.7099539048267546e-07
-3.712260349249296e-07
-6.238265791756747e-07
-6.348629466269495e-07
-4.829515765150134e-07
-3.7304108505751605e-07
-5.342160240030888e-07
-5.621737472644549e-07
-4.3430786246598607e-07
-4.1399484911021003e-07
-5.66205601391503e-07
-4.975274499224901e-07
-6.799212939782141e-07
-6.078276439964174e-07
-6.531855991281275e-07
-7.388334122970969e-07
-5.615762843756452e-07
-4.4778129566026995e-07
-6.376164215668208e-07
-5.42713649138939e-07
-7.210462856108265e-07
-6.184665812108237e-07
-4.2797686522015483e-07
-4.4555902313062294e-07
-5.718342569968464e-07
-5.977661834806846e-07
-6.479284553638853e-07
-7.625411516415597e-07
-7.009926950432114e-07
-8.82267549298891e-07
-7.106084507181232e-07
-7.453700740998031e-07
-5.666585255668426e-07
-4.944896096107143e-07
-5.395920317626356e-07
-5.074384816008776e-07
-6.376991375541965e-07
-4.482292259870364e-07
-3.9516147358271573e-07
-3.254701019427169e-07
-1.7617106544291395e-07
-3.815347466868406e-07
-2.5232946283331116e-07
-3.9201676246588347e-07
-2.1250781847404439e-07
-1.1729493950106858e-07
-2.9256996310205207e-07
-2.3987119812921074e-07
-2.7714730909200477e-07
-4.0046786875438923e-07
-4.834628793221698e-07
-4.386092594926623e-07
-4.0487824287714644e-07
-4.5187656974738544e-07
-3.650558260642885e-07
-4.0706493627369986e-07
-4.431568650853626e-07
-5.345914162888207e-07
-7.331117361822843e-07
-5.720051514478916e-07
-5.221699682739523e-07
-4.3578644175083406e-07
-5.344034678206623e-07
-5.983045721769282e-07
-7.96170963066422e-07
-6.518508817234831e-07
-9.631976865435267e-07
-1.109091148333927e-06
-1.0665328023049002e-06
-1.0826483341320842e-06
-1.1346051371057644e-06
-9.614639865038381e-07
-1.1593753671967738e-06
-1.0475158224243238e-06
-1.054304442901454e-06
-1.0415280186418048e-06
-1.265692105348993e-06
-1.1714211706556986e-06
-1.028399718196774e-06
-9.143393319652042e-07
-8.547114875839252e-07
-9.60494817228428e-07
-7.282745824418518e-07
-8.067568728620245e-07
-8.081929138811116e-07
-7.664744765149457e-07
-7.934653449974717e-07
-7.728338745394912e-07
-6.634777174588445e-07
-7.518931503254016e-07
-5.983756264505042e-07
-5.603618271552407e-07
-6.71793028344865e-07
-7.305251654176481e-07
-8.298106260286137e-07
-6.221500191100478e-07
-7.176394506519824e-07
-5.13185503711449e-07
-8.94766170076341e-07
-1.0688876383141206e-06
-8.15221860181222e-07
-5.861389877370037e-07
-7.584137778775225e-07
-1.071762401687208e-06
-9.203177552616714e-07
-6.799913268328372e-07
-6.243621680030544e-07
-7.114133949499781e-07
-6.751644355327424e-07
