4659702401772203.0
79816391742805.33
66582377009910.516
30537296472139.85
17673685356695.703
16697059725463.703
14098492727296.0
6670482307451.259
6583777558831.407
4480826321882.074
1147802706223.4075
1656778825234.963
1348054469518.2222
343901275287.7037
394058581978.0741
271705650176.0
376916438034.96295
325719750750.8148
193439909243.25925
251791266100.14816
248803845366.51852
222875995401.48148
638511152469.3334
548322166101.3333
323291682939.2593
132544072868.74074
274234552289.18518
185424519739.25925
174292523633.77777
435737796740.7407
253881768701.62964
200429840644.74075
204453398452.14816
254362848730.07407
179407011048.2963
124369883785.48148
1401660300212.1482
261815507247.4074
387189085658.0741
185670212963.55554
203023097002.66666
592895486691.5555
371282981731.55554
242517971550.81482
148596732837.92593
153991799365.92593
186810106683.25925
188923723733.33334
153321244648.2963
176228185770.66666
233329267844.74075
434692822468.7407
455265877219.55554
488363328701.62964
381995898576.5926
529555522749.62964
323139064869.9259
127873518537.48148
144677066766.22223
148487290898.96295
218318305611.85184
182214434408.2963
184147400239.4074
214574995664.5926
200193128253.62964
250773467818.66666
221950755751.7037
111836548589.03703
260211226225.77777
160767104720.5926
202076046715.25925
172255878243.55554
231007489744.5926
465756507401.4815
421786982893.03705
311972651121.7778
136783444963.55556
162620289725.62964
174056373229.03705
178699386955.85184
248785703983.4074
194196287753.48148
231920417678.22223
202526812690.96295
137691527170.37036
127407735618.37038
122852861288.2963
128900470180.74074
250439424916.14816
181464039746.37036
177883127751.1111
140228459006.81482
210838103324.44446
68560057574.51852
84042234122.96297
132171483472.0
118318743883.85185
122456970714.07408
97973155920.59259
112599232469.33333
164840942241.18518
150127521735.1111
144625313166.22223
155004251363.55554
159987369234.96295
138293685246.22223
114539990639.40741
116527273578.66667
64915728301.03704
144324794932.14816
138020402382.22223
180147018808.8889
197902757790.81482
112975680749.03703
86317789973.33333
122639926182.96297
92189267273.48148
90560956769.18518
95598058960.59259
122543818477.03703
116511940148.14815
137857814377.48148
112892433787.25926
126161003035.25926
113198820721.77777
99591519614.81482
91874885769.48148
127559902499.55556
141501049438.81482
103451987114.66667
93393890958.22223
134015066231.7037
122940318762.66667
114741092822.51852
107711420404.14815
78537166661.92592
65664473485.48148
41692683230.18171
32797886145.425926
46846252088.07407
55656806659.25926
46107950315.04666
54158735595.44444
50101441197.37963
40662497013.01852
43030265702.12037
31446383624.967865
52798447599.111115
48319500920.11947
56742179744.14815
39462373127.93287
61108391025.43754
64561722897.51852
47543997988.986115
43103261207.85185
47229577655.333336
38128106390.546295
42318732436.44444
37858097930.88267
54502033275.202705
29588612663.028934
41488080603.86307
45959323796.796295
33212177841.508755
46302917725.94271
36639500860.71759
32857506286.398148
44499811136.18519
48390426659.438805
48600310634.82407
48546605897.16992
31624952092.37037
35297547540.06192
43034952748.04532
35222963854.41095
38900420493.25926
30832019832.203705
38766146959.77778
35150830657.4018
45696669851.3222
34815156717.25926
37919268180.111115
34780590649.59259
37645336732.97627
59939951028.916664
40960091062.37037
36784935649.22222
29402132857.76389
47451643059.51852
36441603425.0351
50326410320.888885
32907659708.074074
36344950360.333336
25062615488.34986
39023498029.77778
38682307058.96296
42747331981.03704
35158936817.92593
38008206462.47685
41246152591.94444
41304059435.03704
28850131177.394386
41365897524.81481
47452512822.74074
23556214431.511574
34203447172.87037
30706851266.592594
30163741779.237846
43058196984.12963
19914562807.51852
33531179297.407406
39733450778.14815
29316413915.708332
38706271280.81048
38651119175.587166
44507632124.0
25620816901.42824
25429689022.221645
31657319311.850693
40964982065.35648
21960226167.354744
31299484311.93287
40527794520.81481
31209956847.001156
30571490982.145184
33875693558.953705
36429802364.81481
30546195887.62963
30002848645.148148
26963699447.614872
44411422855.333336
32702627546.510708
35076808549.65336
29254482990.99877
35674612483.666664
46719017517.03704
34936827029.86343
34717175188.57407
23537785005.185184
20103688159.411747
31330696895.448494
14640904394.525463
33892889241.62847
19639855881.208332
27963636657.848526
27872996352.422455
27716223686.0
42037447958.51852
35473674061.18519
28027842521.185184
29991942583.444443
21778877892.2147
29772950244.532406
18997571726.555557
34369503552.81481
31480030860.48148
23685004400.99016
25938484954.074074
33690244873.2364
15654565134.268518
25914107909.858795
28262766722.29398
33540747494.25
28120706918.511574
20498291391.24537
31551605315.925926
20312483570.97222
17825288943.452545
22808247041.296295
30713117081.894676
24741094348.88889
22355679689.751156
29383769266.927082
14831948259.921297
26655379246.74537
21850891999.63889
21973855175.43287
28984347574.444443
33449428143.92361
33534317323.333332
19173659212.323784
21112200436.327183
25862175363.26852
28102296986.21714
23203153712.106697
13954184606.708586
28227536115.203705
20583127406.66059
18446226815.81713
18277715982.77937
22530767687.23206
15892413250.456886
22476387838.651333
20204098690.810184
26801795108.185184
22203723282.703705
28954285236.0625
19733263873.62963
28314017750.333332
19827804810.185184
20173554461.45891
21832722384.367332
21156054276.703705
21050765226.93231
16879598724.596933
21174944273.72222
23345790541.62963
27005990669.657406
18846115418.050564
24971059723.907406
18828296505.61111
30346719440.592594
18662377501.26852
24212105377.453705
16318103453.664352
19982398340.564816
17814601130.555557
11829172447.854746
18030825084.881943
11887896228.380787
19614050226.196163
19480256270.773148
13619852352.110893
36329359711.888885
21300908763.333332
22616111490.37037
19061120796.489582
19133433615.925926
18850133023.680557
18453723622.430557
19031857868.648148
22090163360.925926
21914715447.25
22116459782.921295
21725805913.12963
21645330230.78472
16314250127.157408
26545464553.194443
14425003959.726852
21250508409.86227
21170605616.099537
21187678354.7262
22709200907.851852
20932775210.848667
20703905623.04684
18875657098.383102
17014226767.712818
15533327224.11111
17031547412.949074
15238039140.777779
28655007242.462963
13350548913.554398
18263921257.321182
16701547079.438658
13269359443.333334
16547188890.666666
16430649123.435184
16593165907.4375
16048980330.527199
15922323101.545717
16151722862.981482
14429509829.927084
14277012832.467592
18729630741.24074
17389648102.974392
17137717020.407408
15543056795.772533
17347453572.462963
18425492266.629955
18744247386.444443
21606308652.592594
15310284644.5
16663055515.043982
13378436779.811342
15033609982.11111
13491027507.476852
18990483459.37037
16321466417.64236
14544149601.814816
13037366714.974537
13090269242.833334
15732795468.407408
14701515206.296297
15199028825.185184
15562659588.962963
14187802501.546297
14212433071.824074
15313863781.152779
6945720862.548611
20345145793.92824
15237089949.858797
15136585954.842592
15214821424.934029
13594258322.166666
12396250150.518518
18551406337.36574
16157065956.055555
11971200669.494213
14635401873.129051
13367298942.277779
13008503174.25
15687928971.690971
16911268305.863697
12929297489.365162
14095921392.393518
19274903134.610317
11377488264.36594
7604730787.259259
8846800030.675926
16923997996.148148
11837065014.296297
14959837372.557291
9032152700.472221
18314584962.425926
13542886946.148148
10464096667.11111
14770827695.796297
10740992259.655092
10851731737.044344
14482856315.976852
18621407082.592594
10609506203.962963
8269043223.675926
13076943212.175926
17144029499.851852
13692105366.507126
9371698519.568865
15252402758.966434
11300074360.335648
9138053489.752893
22051858728.12963
11063972154.991247
13290048392.902779
9866594969.11914
17463928472.744213
13865778231.777779
11908264739.82176
8591644398.661747
10550513773.480324
9481193949.17484
14716450383.430555
5385086644.813658
10927595130.75
9330879927.74074
10312252102.539062
12339710187.389467
8182128158.243345
11131903597.972221
8194413433.453704
11135062329.25
10110519741.0
16743838475.351852
8935664493.537037
12857295595.498842
9851570739.787037
9645425884.49537
16396493190.518518
6839524608.972222
12412781954.800926
9993366480.092592
10343313192.935184
10359789982.046297
10247259157.518518
9358348692.629232
9356659966.925926
15574643117.925926
11507044066.625
11857545079.916666
9045263841.916666
8951158184.337963
11062204718.229166
9946785861.539352
8858967474.831018
10286505031.277779
7905283144.374711
9640185143.62963
13942842389.648148
8503935046.574074
8689009878.657408
12930465381.86111
8550203527.141783
8695106629.925926
7445847741.350695
6804893381.796296
10078590840.989584
9818249012.824074
9042689966.756365
8923230821.448133
8911453277.185184
5756622514.601851
8115950158.740741
10808902437.88426
7968009037.212095
8621927538.457031
8835761949.848959
9079364948.074074
6219225610.935185
3919233464.162905
10876115797.423033
7790866597.444445
9205885997.777199
8372629322.203704
5304954591.426794
8297946980.204861
6767019502.412037
7417120463.285156
8989595058.4375
9572602074.725695
5177298997.853009
7595445254.695349
10126329569.217592
4390929300.751158
7143371177.405455
6395298827.689815
8530126234.538195
5625754591.684028
7068171215.888889
6333551960.570923
7014172948.536458
8327880037.088108
8333816544.083333
6351269910.172164
7757777011.777778
7619361919.546296
8816676899.1807
6127906326.413701
6656472047.698839
9376641079.82639
6996786813.481482
8777863728.481482
7223619669.990162
7902025057.092592
7402785238.851851
7108698535.335649
4539065987.630787
5436841791.720342
6822622606.572917
5759298260.314815
6235307920.282335
5846143451.392361
6251543015.381945
9201571838.75926
6157474711.339989
4291211783.865094
5011113864.381945
6652107039.694445
7355653369.186342
4824470971.344356
6602462716.981482
7361872289.230903
5297251861.370515
7116422334.175275
9922206982.59534
5109696516.289351
7102028376.722222
6454869716.566551
6355988124.219908
5136840643.083912
5726103744.036458
8911688546.88889
3501937250.6274595
5658795848.804254
7369719376.157986
5509862747.534867
5506361529.354167
4845711758.224898
7659818221.975695
5015925187.490162
4810110647.717014
6358890839.332755
4845114003.611111
5318073582.740741
8421986149.731482
6228818546.388889
5809400542.017796
5164914333.521991
5680405424.610894
6137188692.185185
3641267680.398148
6694763409.423611
6512910217.994828
7083333887.599537
4698864793.805555
5975781535.481482
3536908112.3796296
5564973313.12963
4431550148.509259
5781362902.814815
4851538240.642651
4846999901.485533
5176906830.564815
4882602558.031829
4278557705.70978
5226848350.641204
3406874881.7622976
5181741347.905021
3766536445.945602
5665714442.379231
5580621547.666667
5028753633.592592
