-2.335216138097975
-1.5976464615927801
-1.0250749698391668
-0.7127118309338888
-0.7554467629503321
-0.5784913809211166
-0.5464822208439862
-0.36396615814279626
-0.21158126603674005
-0.1503993093415543
-0.19327187538146973
-0.1622579268835209
-0.16021728184488085
-0.151658082311904
-0.14806929313474232
-0.10559761294819138
-0.07960466864622301
-0.08818008057359192
-0.030236922906220168
-0.013720832674557136
-0.002397687785560265
0.0017583767389792396
0.015663167507227627
-0.007378233096527832
-0.013021707079907949
0.02526143459275503
0.028726260039817403
0.04968118683124582
0.05549385867736958
0.03741263401698908
0.03412760991799318
0.04507388682449581
0.07507750865813621
0.04091002195383663
0.04737460437334246
0.05581072228098357
0.059505932567710126
0.04865795191640414
0.08009901711786235
0.05074740815217848
0.07473476082776431
0.04628471151442715
0.07363957299471453
0.05054455576464534
0.05564748226768441
0.05506664655964683
0.03531618371467899
0.08604656936411091
0.04394142467666556
0.06023607377169861
0.0629949448975148
0.04050392690718312
0.044862582727714824
0.04917975358182081
0.05141273930806805
0.045734602544042796
0.054968482133483994
0.045793542070896365
0.04032806248222995
0.05576507136639622
0.048532891639128876
0.03537599230616319
0.04265764568764199
0.05022762341562797
0.06485421072122538
0.03187628116682862
0.054731621971802306
0.026685044303088
0.04280963196436426
0.06684496174393981
0.052625599453070514
0.08150255476573
0.055839970190491944
0.05239045305643231
0.0553980722066222
0.052640528228409866
0.048337244217422
0.030918900803145435
0.05113533027125178
0.04083778224702218
0.052828513016855275
0.048156049663063
0.041995903546059574
0.046404245615660866
0.03998347078622491
0.03547703494593777
0.0522259242694687
0.050790228183258374
0.04580327356234193
0.03748918636012132
0.04136502833528168
0.05203677710421659
0.04777890280173677
0.05161150299978477
0.032976133464318186
0.04703747703590327
0.04143572632758016
0.07001668249291403
0.050222303080200044
0.0533363257051894
0.051347006378094834
0.06167162948878723
0.042561937399484495
0.03326090569694147
0.048618676572072285
0.033322175211247265
0.063046978890068
0.03225262005192538
0.045958450667698075
0.04926582902273232
0.0547783263631303
0.06024002708080742
0.060055382795528404
0.05751565830885536
0.049252519858311174
0.06765679407032656
0.059212838985129364
0.042481579948259796
0.046674370817426175
0.03418985572298644
0.04703673048679438
0.06409434544750386
0.047208995920502476
0.0387733752011425
0.049245371314841406
0.03664839172873784
0.041541296799011806
0.045643002889981424
0.049700126293356774
0.03684640831003586
0.04611029657017854
0.055735416175728594
0.036409279396240085
0.05674006238027855
0.06258008502320284
0.08170415558076154
0.07740675338168836
0.07363048533874529
0.06105994773356037
0.07347778886280677
0.06033581633258749
0.05805875321298286
0.0443928481200365
0.05417330968851241
0.07014669977231985
0.0553804879007792
0.04854107169106741
0.0838456108338303
0.04320290063818296
0.045164934256010585
0.05117471291709484
0.03665851934864703
0.06838709774806544
0.04221057495171273
0.052610671458144985
0.07889246108889994
0.05336157730090673
0.09397652483096829
0.04113927322301875
0.05068402512525036
0.022532377443793748
0.05264251569449833
0.033886921040161895
0.05201331422560745
0.02678265877895885
0.04678444848913285
0.04065434091414014
0.04833766152323396
0.04681668802233482
0.04105941338585345
0.04103421097345374
0.05911699253462117
0.05590990998057856
0.04948729406007462
0.04750215843496672
0.04866585221477888
0.06222088020553605
0.07437230295639623
0.0463158866321599
0.06236410798266189
0.05573579410298003
0.05735834097409948
0.06886449343033342
0.04669373534637055
0.04312630477188914
0.06616453015831886
0.046872631105577094
0.04152675689611998
0.0584216151834914
0.053408084730445234
0.06747988628706446
0.059745871272214035
0.049194844782404185
0.06950764747819414
0.06553487761670516
0.06756284629443178
0.0602419447257287
0.05424432951474079
0.05081685799760399
0.056158864551603245
0.06077047202874113
0.04308094791378136
0.0724837727913702
0.05869167032479136
0.07730279710247284
0.05309646601435142
0.06063226819107378
0.063799376608114
0.0438149109441939
0.05250214861222991
0.04970882500142411
0.06835094188190177
0.07712056588260802
0.056431495951040196
0.06586078055746232
0.05224931146087194
0.05595075568460204
0.04606999032613304
0.049277782879976764
0.03867199704809873
0.041294335654971225
0.030305337074592157
0.03560237972824662
0.049512378755025566
0.061307521174765296
0.051424586955733875
0.06550135189253423
0.059606100234237534
0.06864500782211069
0.05853784853523528
0.058141069383256964
0.05476906287475248
0.052428745595669304
0.07845056926210721
0.08218080577595781
0.0700653871624834
0.05208322681762554
0.05558751063007447
0.08372231123912907
0.06940040411427617
0.053413878160494345
0.0658140438436358
0.06915876995427189
0.06047069650419332
0.04689975074250941
0.044704853315596225
0.0524685832982262
0.0643357444571814
0.06484856683312466
0.05144591484632757
0.051929415479578356
0.054861374828895484
0.0454723934677464
0.05334962709565406
0.0509314960455177
0.041847071933767035
0.033743123385917256
0.046464630109430465
0.048982847072356554
0.05702661326224053
0.03145287744700909
0.04635714560195252
0.04471648298203945
0.028199829889840825
0.0454078555210597
0.03983428499971827
0.027985412903406
0.04339396669011977
0.0507018630828329
0.043495126098773824
0.054676314953852584
0.05269235269063049
0.05122895158516864
0.063809297201159
0.07459958778215675
0.052112746199041056
0.031738823870438394
0.05351537810983481
0.05568773508464262
0.05819570909133526
0.054827089680151805
0.052891431553116826
0.055814438947924865
0.05426397633359388
0.065957055172745
0.06596137988122387
0.05267804074618551
0.08479969542477866
0.060765733683688775
0.09835665909297488
0.06123760147278921
0.09438611473888159
0.08591031856593434
0.04425819873318283
0.06764083741129273
0.061793160831762686
0.03421673132106662
0.05741753009216929
0.05330961965093458
0.04076103367670267
0.048344454590093205
0.03945203451439738
0.06121387802650807
0.04083471134718922
0.048801482603367835
0.0598871651691971
0.028654760991533596
0.04462348830161823
0.040939156621418615
0.04347414086387963
0.05145760037272272
0.044287532600315496
0.04057568572116671
0.05746886423245693
0.03257798171533203
0.22418685174650615
0.2830535363819864
0.23009450761256395
0.1872851592661054
0.1428820945115553
0.19619658078860353
0.10089093119043994
0.13630401127092126
0.12145981551320464
0.10987333794710813
0.0936905996253093
0.08369213775343572
0.07416105211746914
0.08953026594611367
0.07608602468907419
0.08555589292060446
0.06823242734686506
0.06696673125649492
0.07867229995490224
0.06901824853762432
0.06540640903188398
0.06927546423308
0.05567064511773491
0.07222030517058792
0.06652631360554585
0.06756204753010361
0.07474902840503664
0.04842624384306233
0.07679649991310995
0.07949132977605418
0.07487188424501154
0.05870065617340582
0.07384387132953163
0.052514078078308594
0.06892988216821794
0.06743103984950317
0.06148492770821408
0.0544601789917107
0.0693157219707414
0.06993592829719462
0.04034891233486296
0.05241705904956217
0.051285324409710245
0.054325952367098244
0.04188612798504807
0.07209830547907148
0.05297940616771855
0.0565583313798049
0.06048075736638297
0.057329965151708434
0.06440268350868589
0.049845645556666165
0.05112072001038878
0.056089247223334734
0.0472646200236071
0.055250073222581436
0.036254347302019596
0.06686248978237724
0.03573614415816135
0.050018390512343976
0.04264681326242647
0.041260838267151954
0.06528620556410816
0.04732171528869205
0.0762668164809131
0.054825909974708875
0.03790568668153827
0.07182353326869714
0.04529647779202572
0.071398437919992
0.054312475198120984
0.06521925568166706
0.0646767978625441
0.05955520643921638
0.0679870473535697
0.05921154475072399
0.05767907161714026
0.05629504899735804
0.051591543059287315
0.04769369078524135
0.05702340409711555
0.05081009092154326
0.056500356010575264
0.07735383884843301
0.054026188803146837
0.056429169278729846
0.0583418476636763
0.058329081617692416
0.04634744181142499
0.040930285342727545
0.06865817060073216
0.027629005685917543
0.044439451234346186
0.03539768031246408
0.03992524669781603
0.05147070459228147
0.056536725170358466
0.07886094418871734
0.03394586082409929
0.06122608234484991
0.055232238990289194
0.05526474408839864
0.03142939259608587
0.04898832903967963
0.05403480355420874
0.0580254451725287
0.05567432885679106
0.05501469684936132
0.05610236766666209
0.058889327829496727
0.059925661284338544
0.054518256733125006
0.05854707031027862
0.06856370789615472
0.05642035589725883
0.0681156240472639
0.048741378843382574
0.044461332356419275
0.040649319516011966
0.022320289682183
0.04450979489074261
0.057884811428030605
0.07701046056872993
0.03408285853004566
0.056342936362381336
0.0400130670276229
0.06804010727339321
0.07278872646943287
0.051396573798868944
0.03722316002542222
0.05017670157744929
0.046103045666785435
0.04534261408089488
0.04712562010347567
0.0588060580991657
0.046660929832055616
0.04742224053215641
0.06521664587435899
0.055703391407237006
0.05198714873512034
0.054187913909252663
0.06314736470058388
0.06126735142121712
0.07312038799540864
0.05531452946295893
0.06787983616124149
0.07754669123743144
0.05381283646070019
0.04213907686924493
0.07269379777695846
0.06413442331271384
0.05808667277192904
0.0648986671003513
0.07101483151523603
0.06606230125934989
0.05741914490634507
0.07920899180074532
0.05496248961598785
0.06866234957447483
0.05835376074861011
0.06976608549141222
0.06694903637657666
0.051327895194171344
0.060861538966289826
0.06255635660555628
0.05262358886776147
0.04991282783103762
0.06638215251128983
0.04449850829594113
0.052937869586188485
0.045326851308345795
0.044803404025043604
0.02630464702465192
0.02929096482694149
0.03275907816606815
0.049041971383202404
0.04370175992112814
0.037631975815774814
0.03967813844792545
0.03952856478281319
0.03387527381656347
0.05891618823322157
0.03728132848455398
0.0560428858389733
0.05720157252141723
0.04898004120008813
0.05138161315375732
0.035960286027855344
0.05344768868828261
0.047869137238228214
0.052398839225740325
0.0463080147833184
0.053077552260624036
0.05704449362087029
0.04444052160424353
0.05607449464689664
0.05708737642918196
0.042339751205872744
0.06614631659316796
0.055346419034456765
0.040694694181352305
0.058395966573934185
0.01744411824189161
0.0519954533061806
0.03921000473201275
0.04996019512138985
0.05188254114343888
0.05004025671061956
0.04331662570540276
0.04581415789477803
0.04849622143363511
0.036932811658415526
0.03975469289300101
0.0502005770384265
0.05049158262813257
0.04893827397878609
0.04327097528234676
0.040409003621553655
0.04455331015331602
0.05193303734133089
0.04913311029290694
0.03996457214708681
0.06313965905940642
0.03600289534639429
0.08354290408358254
0.048045716938321235
0.07809307709060333
0.05660845535479624
0.06089268776553648
0.08587300925757047
0.06986195087450107
0.029389596893452108
0.04568455930738882
0.07797622610922661
0.03824037144443503
0.06872843742301618
0.033388989365280224
0.06452181093023952
0.03361285938471728
0.04156138515099883
0.054252872795418454
0.04742345944288428
0.059174497443934715
0.05971253047162598
0.049462552234116525
0.05815459108325066
0.05719465498933224
0.062101994917072634
0.05807882504261754
0.05335985359528826
0.06339707918555683
0.0453893122246006
0.07042578607797623
0.048097853889447394
0.05626204996197312
0.039288253868343656
0.03946897596620989
0.06273593712184164
0.04722425133783232
0.08001396319984148
0.03846862706942139
0.04661925308432223
0.050867397075139535
0.0799888315162173
0.053428323594508345
0.054025260662591015
0.05100142856611422
0.04366818070411682
0.051772279699367506
0.056983192494415025
0.03803154787790306
0.03554241776604344
0.040494743286183583
0.044331794684694614
0.04099493133199522
0.037333480125569085
0.03320043968226485
0.05470884294697532
0.024568483931943774
0.048272037481958116
0.042596831555581756
0.033914151855882396
0.04233537241816521
0.044291411940422326
0.045464182582994304
