4.349447751486743
2.001796184866517
0.5096886395304291
0.6703419067241527
0.3263309255794243
0.27790057962691345
0.24064750224351883
0.1408328536759924
0.10592374591915696
0.11662229654137735
0.13902028870803337
0.11679431195888254
0.10581500393648942
0.3086004958798488
0.08913510810169908
0.08940412373178536
0.0912318781570152
0.07400816184020152
0.1105298399925232
0.10086136814896707
0.09429471670753425
0.09385958700268357
0.09833459776860697
0.09291178740009114
0.09078104718139877
0.09987351663962558
0.09686500530827928
0.10614946877790822
0.10699575732427614
0.10393694415688515
0.10117334486157806
0.10108444515477728
0.11771490824995218
0.09599255877374499
0.11043510661908874
0.1043022809619153
0.11363993481629425
0.0965707126866888
0.12169958257840739
0.10579073884420925
0.11682108844871875
0.09978959874974357
0.11626425150919843
0.10216468803722549
0.10764358613502097
0.10482103198214814
0.09510008059442043
0.1228960279237341
0.09524267422104324
0.10923881918467858
0.11113807903947653
0.09745124665399392
0.10086658514208263
0.10167124191368068
0.10603687443115094
0.10123532644852444
0.10493683904685357
0.10210052781082966
0.0975336000599243
0.10678299516439438
0.10260182087896047
0.09610003226057247
0.10137819533270818
0.10283302833084706
0.10656175210520073
0.0936042955490174
0.11007911698133857
0.09294635071246712
0.09774519779064038
0.11225251618910718
0.10035903255144756
0.1195625551044941
0.10104942252790486
0.1022303461752556
0.10626364982238522
0.10383741657629057
0.10101728362065775
0.09120851085969696
0.10327819031145838
0.09610012180551335
0.10199599664796281
0.10111901133010785
0.09779881955020958
0.09953154147499138
0.0970694677973235
0.09552024215183876
0.10448556283005962
0.10332418826443178
0.09871363212113027
0.09864078793260786
0.09840106336330925
0.10314061354707789
0.09989012626034242
0.10354883085798335
0.09006208126191739
0.1015455415127454
0.0969546130961842
0.11252903579561799
0.09824787708068336
0.10255795875909152
0.10280307044309599
0.10971281304955482
0.09789686743170023
0.09430134113602064
0.10013802763488558
0.09417982309780738
0.1091036325044654
0.09042243418042306
0.09571634026037322
0.10015353008552834
0.10401524489538537
0.10344484482926351
0.10322113428264856
0.10192815911162782
0.09909120684972515
0.10950025267623088
0.10368224143705985
0.09330737545948338
0.10446177429899021
0.09000745960683734
0.10087352597879039
0.11074842967920834
0.09754361060482485
0.09615143464395294
0.1000087928302862
0.09210851319410183
0.0985855429812714
0.0982713701410426
0.10600680057649259
0.09397458574838108
0.09862416534236183
0.10508277843257895
0.0917398332859631
0.1039394333406731
0.10364186039401425
0.1137912662492858
0.11212964652589073
0.10558216328974124
0.10246221114087987
0.10746602948617053
0.10496456893505873
0.10560183054595082
0.09911399265682255
0.10107919325431187
0.10859843398685809
0.10187908593151304
0.09812446683645248
0.12066215166339168
0.09548487445270573
0.09702743320829338
0.1055475050514495
0.09708841393391292
0.11248942133453158
0.0949153767346784
0.10041002708452719
0.11485653039481905
0.10030959774222639
0.1229253731392048
0.09614706618918313
0.10286298794326959
0.09038452238396362
0.10590486021505462
0.09397998548768184
0.10581816967438769
0.09223413874429685
0.10199526987142032
0.09710683921972911
0.10075234607965858
0.10202718753781584
0.0984604695673894
0.09698769739932483
0.10872800399859746
0.10500939859560242
0.09848706617399498
0.09885698122282822
0.09797084338411137
0.10477683762157405
0.11049180712412905
0.09532914924676772
0.10827620527534573
0.10163708679653981
0.09803551932175954
0.11260207652769706
0.09512003566379901
0.09775539863578699
0.10872787637291131
0.09831658267864475
0.09498128101781562
0.10558319850652306
0.10058377355475116
0.10793270970936175
0.10231211795299142
0.09561170713493118
0.10640773328917998
0.10421698305893827
0.10680322721600533
0.10448783436031253
0.10099205595475656
0.09841849910164321
0.10395755687797512
0.1039678651701521
0.09582091736848708
0.11452964224197247
0.09891180238789982
0.11066634345937658
0.09892910349838159
0.10630653812377541
0.10522324357319761
0.09849299959562442
0.10083489713293535
0.09845910987092389
0.10830230734966419
0.11222411567966144
0.10404474726291718
0.10534221078786585
0.10045587850941552
0.09835573941193244
0.10240046610986744
0.10073328197554306
0.09417400971330979
0.09943935164698849
0.09342769764501739
0.09223242952591842
0.10015648593091303
0.10476574315517037
0.09832719851423193
0.1065495857210071
0.10211346926236595
0.11022042800430898
0.10179213848378924
0.10046566388121357
0.09974321598807971
0.09814858070954129
0.11418494306228778
0.11244297531191949
0.10706827913721402
0.0984072766646191
0.09968784134145137
0.11528161485437993
0.10343529559947827
0.09949823938034198
0.10436684817627624
0.10837582836824435
0.10392344273902752
0.09478837051601322
0.09874487554447518
0.10092064614097278
0.10556330807782986
0.10376080884425729
0.10145153225985942
0.10117341646993602
0.10296866822021979
0.09886608438359366
0.10222144190359998
0.10346120864980751
0.09619802905729523
0.09241101994282669
0.09826185812966691
0.10044692077294544
0.10825530287844164
0.08958141181480002
0.10029567798806562
0.10465652564609493
0.09361489299960711
0.09912827252237885
0.1001743017523377
0.09080911772670569
0.10211440265454629
0.10668783869456362
0.10045739884177844
0.10763096133316005
0.10139252645549951
0.10281183101512768
0.10492574934054304
0.11586010732032635
0.10576554856918476
0.09224524417961086
0.10700229638152653
0.1043429941766792
0.10731731741516679
0.10415628580031572
0.10119086386704887
0.10415617017834275
0.10264401758710544
0.10997700318694115
0.10761596552199787
0.10000957069159658
0.11666757254688828
0.09815736735860507
0.12368294858822117
0.10275357533936147
0.12196076564766743
0.11835794012855601
0.09657872157792251
0.11160743567678663
0.11160720194931384
0.0951264010121425
0.10811291207317952
0.10585717187711487
0.10188915980634866
0.10527767751503873
0.10136108528132792
0.11085895876641627
0.10078879211235929
0.1017478867261498
0.11323855210233617
0.09528181170699773
0.10440550499630195
0.10145693203365361
0.10249020021270823
0.1060479397851008
0.10375720572968324
0.10162567940575105
0.17261802901824316
0.17083913950180565
0.6100060655562966
0.32942563902448724
0.1592177144355244
0.14148263660845933
0.11741546427624093
0.16251055082237278
0.10551923023605789
0.13366974624632685
0.12286200015633195
0.12198094982239935
0.12081782299059408
0.11122217677809575
0.1060306962441515
0.11968040162766422
0.11009301314199413
0.11648255179601687
0.11031551238287378
0.10562789578128744
0.11345604807138443
0.10799180012610224
0.10802045774956544
0.1097740274336603
0.10298645372192065
0.11399578923980395
0.10949889046174509
0.10877631273534563
0.11319299180198598
0.09573935876014056
0.11812029585794166
0.11089481620324983
0.11158582719939726
0.10504786104515747
0.11378729674551222
0.09926744688440252
0.11446387127593712
0.10874235754211743
0.10674758069217205
0.10286364097286153
0.11095831536308483
0.11649657468552943
0.09513517855494111
0.10222851443621847
0.10315161805461955
0.10539831352178697
0.09713935148384836
0.11302911641973036
0.10137790496702548
0.10587718758594107
0.10741095920955693
0.10446680247507713
0.10816607375939687
0.10184286448552653
0.10184551982416047
0.10855918832951122
0.10327489487826824
0.10598551150825289
0.0976889052738746
0.11118431472116047
0.095916038206606
0.10505307769333874
0.09941179664046676
0.10018842177534545
0.11598584104191374
0.09824984213682236
0.11681599818446019
0.10547695184747378
0.09542919509112835
0.11390455453484147
0.09899417273010369
0.11360304071395486
0.10232234042551783
0.11102978412613825
0.11045441141834965
0.10171318882041508
0.10794482255975406
0.10577468294650316
0.10695950438578923
0.10741433411560676
0.10254303497020845
0.10069601665492411
0.10582371345824665
0.10163679360239594
0.10076396860596207
0.11714477657719895
0.1033139502008756
0.10665014289595463
0.10127745465272003
0.10352112828857368
0.10279060044774303
0.09833089924520916
0.11416412006925654
0.09308040176552755
0.10565009037101711
0.09598605614155531
0.10054762685602461
0.10275143716070387
0.10578753399076285
0.11706808278406108
0.09451229690953537
0.1110030807968643
0.10372207182700988
0.10936276421502784
0.0959452639023463
0.10268984252104053
0.10591547991390582
0.10612697154283524
0.1059702969742594
0.10318540167753343
0.10654339635813678
0.10546174769600232
0.10912444704660663
0.1051621307377462
0.1040374689080097
0.11461530018735815
0.1027340030780545
0.1114127369666541
0.10229378310894524
0.10113688068533386
0.09877121075987816
0.08971074602946087
0.1023619452284442
0.10646336994789264
0.11834195552876701
0.09372324261952329
0.10517600427071254
0.09595268412872597
0.1101944800466299
0.11898093611967785
0.1063602045868282
0.09261365752253267
0.10613470089932282
0.10186415931416883
0.09988147220401852
0.10302222188976076
0.10715629519135864
0.09942897909355385
0.10036184849148547
0.11124528530571196
0.10400985881548237
0.10354976866532255
0.10766611317241634
0.10589964763709793
0.10478738936837073
0.11281941596556593
0.0992386385936428
0.11086201419432958
0.11509041929686512
0.10544724383012012
0.09395402945854046
0.11570876802283304
0.10368652013992821
0.10549649913553838
0.11091928725579271
0.10844884564479192
0.10854369381235705
0.10130167504151662
0.11474657520927765
0.09942164096153444
0.10861195151314691
0.10308412131336
0.10911353291184814
0.10782683185405201
0.10036703975250323
0.10699184294100161
0.1060080496525323
0.10352435438997215
0.09894545928195671
0.10784836768828056
0.09639064629596693
0.10036338989933331
0.09622348227572662
0.0983399501139367
0.09140857929984729
0.09308383682811702
0.092941135444023
0.09848061831737007
0.10080354895304751
0.09340307364861171
0.09813650280099225
0.09561431318245552
0.09346492009030448
0.1026722826063633
0.09142733061755146
0.10150238485248
0.10360904189723509
0.09857864464046778
0.10418178817188298
0.09231074337192156
0.10282390412909014
0.09852560968310745
0.10118951593284253
0.096082610802518
0.10130820064632981
0.10141786684592564
0.09670687149520274
0.10162238735291693
0.10279921669926909
0.09380617216919307
0.10547372809162846
0.10194807120219425
0.0938727303787514
0.10803400124940607
0.0845729819567943
0.10111083683592302
0.09450097440707463
0.09922967478632927
0.09742514223412231
0.10553101381217991
0.09389438397354549
0.09683240080873172
0.10117035628192955
0.09399087271756595
0.09535501179871736
0.09967185011892407
0.0982848071941623
0.10110003625353177
0.0989770294615516
0.09744574129581451
0.09752477174279867
0.10363899302427415
0.10184271964761946
0.09388354489648784
0.10562006715271208
0.08630062418955343
0.12076887578048089
0.09385564516263979
0.10930681476990382
0.09761782970141482
0.10375803812510437
0.11492437510578721
0.10910376292411927
0.08652485196513159
0.09233897248352016
0.1116149669720067
0.092848707680349
0.11217769318156773
0.09009399513403575
0.10834334514759204
0.09123166636736305
0.0949028944251714
0.10646326419104028
0.09696696471008989
0.10121186267308614
0.10350184639294942
0.09846505915953054
0.10293849440360511
0.1004060392992364
0.10383009951975611
0.10117642167541716
0.09771394964169573
0.10426008259808575
0.09458857419452181
0.10887868743803766
0.09529872624962418
0.10119504460857974
0.09572447098239704
0.09194009095706322
0.10739864257198793
0.09590947407263296
0.11924009356233808
0.09449052465734659
0.09356302381665618
0.09656364808755892
0.1161813164750735
0.10189984766421495
0.0999764479972698
0.10188620982484685
0.09410334078388082
0.10007514956372755
0.10352004898919
0.09672921778703178
0.09479010839843088
0.0972310846188554
0.09934094168797687
0.09643081803288725
0.09371036974092324
0.09323176507044721
0.10594273738011166
0.08674561432390301
0.10383442916941864
0.09513903402343944
0.09225885376886085
0.09862199108357783
0.09854243330105587
0.0972266923636198
