2.014097356961833
0.4040164887836134
-0.5155132986881115
-0.04249326001714777
-0.4292347238019661
-0.30070320512513043
-0.30594412954869094
-0.22323526635214133
-0.10575397519601716
-0.03386942511079488
-0.05433793703990954
-0.04554570493874727
-0.05448061530909466
0.15686896622732835
-0.05900149799331471
-0.016258056012534158
0.011565863499762836
-0.01422896096267289
0.08024089545425442
0.08708922042407924
0.09184562151441006
0.09556824225001037
0.11394974779061696
0.08548721220965187
0.07771402343792876
0.12508963020863356
0.12554674788757605
0.15578683357064924
0.16244590928545222
0.1413082865032333
0.13525996364101214
0.14611838378564077
0.1927527585239322
0.1368639270680163
0.15777128401290005
0.16007551245598328
0.17310875771498238
0.1451919036399987
0.20176207755381861
0.1565020724751607
0.19151976456244788
0.14603876679946012
0.18986914276266126
0.15267365550001463
0.16325529347415324
0.15985234944080864
0.13038033148687747
0.20890590583871085
0.13914765488287364
0.16943876979941572
0.17409648339229603
0.13791863830259968
0.1456923784205207
0.1508148861359115
0.15741430926546282
0.14693427774020368
0.1598690703459498
0.14785987170762382
0.1378278913649006
0.1625139386634584
0.15110119520169166
0.13144203365125037
0.1440035703557509
0.15302824849883714
0.17138392942164232
0.12544940487930067
0.16477873597156117
0.11959986920744457
0.14052325911406013
0.17906640620074338
0.15295378374004806
0.20103445410064455
0.15685745025122608
0.15458954060105262
0.16163003686125632
0.1564457632226145
0.149322019980496
0.12209490478832137
0.15438159926863457
0.13690761775985635
0.15479422960844305
0.14924495775873461
0.13976565075831282
0.14590718638565806
0.1370249984578954
0.13096917643108302
0.15668417706533713
0.15408661447603395
0.14448944527517865
0.1361030355371811
0.13973880623018853
0.1551503521148805
0.14764122830496895
0.15513168744466924
0.12300929861764114
0.14855370420479663
0.13836022825152786
0.18251612459964775
0.1484400782458208
0.15586387172893243
0.1541201159082077
0.1713552234556388
0.14042924163449141
0.12753341122771855
0.1487275348217399
0.1274727973054892
0.17212210926744673
0.12264733347627851
0.14164717454911657
0.14939288867430556
0.1587669679688083
0.16365878407291515
0.16324950875369487
0.1594168474483821
0.14831704297965323
0.17713117230407618
0.16286751946986275
0.13576175313856867
0.15110958609040137
0.12417029134101337
0.14788358641305455
0.17481571075472016
0.1447261150719391
0.13489808635441242
0.1492271707565696
0.12872906925622374
0.14009827167589078
0.1438863003126311
0.1556797027717241
0.1307939948445117
0.14470637548300955
0.16079028882086277
0.12812143357263672
0.16065153305384297
0.16619436232442106
0.19546794705092907
0.18950976631431668
0.17918689155744183
0.16349640440333774
0.18091845595174366
0.16527556431376272
0.16363555444749417
0.14348236316194138
0.15522767632716783
0.17872106984119723
0.15723475613803775
0.14664043212326727
0.20448346629186911
0.1386633381868402
0.14216952256996324
0.1566986795514822
0.13372256276973835
0.18085214426672017
0.13710032858782345
0.15299524118502936
0.19372344472342068
0.1536454816383344
0.21687529363703947
0.13726008323849076
0.15352097097611814
0.11289038781628565
0.15852074075438496
0.12784009023259083
0.15780453132120548
0.11898967075265116
0.14875308210375132
0.13773477458420935
0.14906393267490245
0.14881937509333645
0.13949521593059655
0.13799691605122966
0.1678203153251498
0.16089571950336298
0.14795163716944107
0.146337316794045
0.1466141307933463
0.16697562478387867
0.18484152651702365
0.1416224668112894
0.1706180649775046
0.15735010064586444
0.15537075656983587
0.18144365551847
0.1417910525213099
0.1408586400492048
0.17486921471923036
0.1451665680096657
0.1364852668441556
0.1639816774684867
0.15396984107792377
0.175389819537048
0.16203538690590197
0.14478419031257983
0.1758926654993384
0.16973022785451677
0.1743448726936347
0.1647087590665453
0.15521576593595524
0.1492150475581487
0.16009526244468159
0.16471794246764923
0.13888178574335244
0.18699256694634203
0.15758423523597972
0.18794928416954698
0.15200501528603058
0.1669173480735885
0.16900124228386967
0.14228661510127563
0.15331599475057037
0.14814711244845832
0.17663295366973789
0.18932401609641533
0.16045595441634455
0.1711822710758834
0.15268331860985468
0.1542847865213709
0.14844900191140672
0.1499896183118431
0.13282434531073603
0.14071138986144904
0.1237109217758256
0.12781262294285828
0.14964674016529764
0.1660516244592145
0.14973014063650258
0.17202912766865833
0.16169780687454882
0.17884327995556373
0.1603085896069253
0.15858540849553215
0.15449101163971204
0.15055611495066573
0.19261383810253055
0.19460341131262895
0.17711325496849087
0.15046965137675958
0.15525339378250969
0.1989815239104684
0.17281267067624462
0.1528892840638205
0.17015848893465269
0.17751223559456844
0.16437186916462249
0.14166544501980147
0.1434270759906482
0.1533665226565467
0.16987643832409824
0.1685875507451042
0.15287695287002456
0.15308238903957386
0.15780966370194047
0.14431808938496504
0.1555509759820308
0.15437215725304904
0.1380250072106719
0.1261345571320918
0.14470784000500483
0.1494113367602781
0.16526348288688394
0.12101562040064621
0.14663326674727378
0.14935402013361454
0.121794694137794
0.14451688940257387
0.13998939483254044
0.11877456119422007
0.1454882957731132
0.15737014966671942
0.14393237597067599
0.16228619079898904
0.15406260356582976
0.15401908448310914
0.16871365145952613
0.19043750850552763
0.15785645303764828
0.12396293081757095
0.1604972982917119
0.1600103051988063
0.16549315331158815
0.1589629597685955
0.15406204063307355
0.15995079765303266
0.15688736819558674
0.1759123851855596
0.1735558336669648
0.15266596474167374
0.20144653696290873
0.15890157433157717
0.22201874523630571
0.1639701947569847
0.21632606198114376
0.20424705833472587
0.14081474809252
0.17922612962623438
0.17337759909720193
0.12931997242763085
0.16550710438578217
0.15914385595048466
0.14262777121728976
0.1535997538551412
0.14079097989532682
0.17205054666933225
0.14160078343141963
0.15052700458262633
0.1731046064308396
0.1239156045431392
0.14900934137403965
0.1423762056424662
0.1459449294747578
0.15748593108124892
0.14802492972187423
0.14218179139964007
0.23006728088000306
0.20339809992799052
0.8341739724079767
0.6124595458860751
0.3892919962052946
0.32874741432843385
0.2602778959898623
0.35868787993159557
0.2063914742320776
0.26995431204084996
0.24430223471588558
0.23183535039424896
0.2144893837954711
0.19489481437226963
0.18017236771131004
0.20919181140898555
0.18616037156984763
0.20202016744210763
0.17852996206945843
0.17257643518624483
0.1921100928361907
0.17699230226895046
0.17340880768649555
0.17903107635060292
0.15863870311942366
0.18619796033534738
0.1760070300143626
0.17631982830008147
0.18792386829025215
0.14414748973730537
0.19489834126067795
0.19036818723435756
0.18643974135974767
0.16373055428266525
0.18761329173489852
0.151764380486889
0.18337609411941636
0.17615511364958905
0.16821443324011784
0.15730556186840491
0.18025650613492838
0.18641507877381863
0.13546583811855978
0.15462772831044816
0.15441867995455308
0.15970614400726776
0.13900655521838753
0.18510826242466769
0.15433769791464633
0.16241640806267107
0.16787297395920311
0.16177815426554945
0.1725501482271486
0.15167025313173696
0.15294777231152962
0.16462989258407443
0.1505210311324508
0.1612175426411408
0.13392508565448225
0.17802860505051082
0.13163438481623652
0.15505405244551151
0.1420411156076524
0.14143234272961747
0.18125517012689402
0.1455541783426371
0.1930663369733978
0.16028644617095036
0.13331851359301558
0.18571184327205023
0.14427498617657908
0.18498586432111483
0.15661871015887568
0.17623273928270297
0.17511468563504792
0.16125154010606585
0.17591380079587302
0.16496794260348435
0.16461973785664197
0.16369082488947445
0.1541173039349141
0.14837348005837864
0.16283063892344082
0.15243071344405137
0.15724840932698161
0.19448285833156356
0.15732491169883697
0.16306402337633902
0.159603592749961
0.16183497407904793
0.14912287304522814
0.13924538384189536
0.18280722476817943
0.12069486241994633
0.1500743455770943
0.13136820281269374
0.14045741111988685
0.15420626983460453
0.1623086905003422
0.19591325362799344
0.1284423573632483
0.1722137298848894
0.15893897136535357
0.16461248889013572
0.12735937362433308
0.15166356793984218
0.15993675196336377
0.16413890614408214
0.16163110346705825
0.15818674670946267
0.16263281985151548
0.16433698599468227
0.16903596536980736
0.15966604080879027
0.16257010897862967
0.18316417553082662
0.15913951565959938
0.17951288778352104
0.15101917364841533
0.14558188044638545
0.13940418634080776
0.11201386797000412
0.14685515047447686
0.1643314537488752
0.19533628052859395
0.1277894090550641
0.1615025463203589
0.13594936238843258
0.17821844091156014
0.19175341504591484
0.15773989197030594
0.12982094309430708
0.15629549152045338
0.14795198793419534
0.14520835576372015
0.1501319637798049
0.16594722711791596
0.14607599287949227
0.14777030628519477
0.1764484128086931
0.15969932762285075
0.15552287722972255
0.1618392049395307
0.16903186310082674
0.16604033036640398
0.1859259024710843
0.15454015145250768
0.17872800053683696
0.19262323204289983
0.15924626563382507
0.13607939820805634
0.18838811434667418
0.16780692318247425
0.16356822863410883
0.1758026095038211
0.17944834459814485
0.17459030790875354
0.15870516763189463
0.1939391651087337
0.15436766956311962
0.1772582345486929
0.16142184652939992
0.17886401968145813
0.1747600899802314
0.15167922995708608
0.1678372626537802
0.1685479776588855
0.1561311451131823
0.14884236851638113
0.1742142359553664
0.1408742089514379
0.15328597249808135
0.14153559362791754
0.14312906994449873
0.11769852377000023
0.12236063512844136
0.12568615445936168
0.14750862535503176
0.1444910003769177
0.13102067662058053
0.13780052563244546
0.13512920100172912
0.12732706225856585
0.1615748215397751
0.12869520545764654
0.1575313527137041
0.16079694694942898
0.14754562204082808
0.15554954906649612
0.12825737679722132
0.15625812435798622
0.14638086063442407
0.15357496466970555
0.14237754873034578
0.1543726757151523
0.15844867564737797
0.14113337099250337
0.15768310020643253
0.15987271287788948
0.1361319965303496
0.17160616477054577
0.15728062180008878
0.13455315648267666
0.16641531605273485
0.10200240358675795
0.15309179379363302
0.13369662818257455
0.1491752837577628
0.14929341952557917
0.15555693203673904
0.13719614026302696
0.142631776837839
0.14965191294646096
0.13090864584901957
0.13509439628709247
0.14985758735349886
0.14876179163413192
0.15002421012872624
0.14223411168765138
0.13784097618837324
0.14206407955606226
0.15555813460162393
0.15096201683843025
0.1338340715608663
0.16874568157449918
0.12228938053724253
0.20429740280464845
0.14188753910086774
0.18738588385490906
0.15421156599013894
0.1646361388955955
0.20078270033829743
0.17895098285818542
0.11589906650974795
0.13800722457192563
0.18957513591481578
0.13107321501054145
0.18089008525432157
0.12346763276555403
0.17284936678630333
0.12482835906040338
0.13644866286604493
0.16070059755886043
0.14437421880386495
0.16037016668943344
0.1631985110472198
0.14791230301596914
0.16107774201642583
0.15758599946275353
0.1659176709751288
0.1592414739118087
0.15105951998244832
0.16764215752482414
0.1399626948836225
0.17928916882482115
0.14338166258056406
0.15744204860594538
0.13499724202685887
0.13139382930886415
0.17011925174544254
0.14311884521265272
0.199238618163185
0.1329440765634731
0.14016667429219792
0.14741539406693643
0.19615402039036983
0.15531173769246648
0.15398517609746368
0.1528711325351011
0.1377555890077794
0.15183129682447072
0.16048729502492481
0.1347454917030754
0.13031699374119785
0.13771075028624316
0.1436576761081125
0.13741038126129382
0.1310282687622088
0.12641744855446396
0.16063641971925757
0.11129815655725973
0.1520911405397648
0.13772083925842135
0.1261577554461029
0.1409426820723133
0.14281870666201468
0.14267619719935787
