-0.00013423694192035192
-0.00013323679741006345
-0.00012696355406660587
-0.00012333600413209447
-0.00011889204351636754
-0.00011240519018395355
-0.00010941333985775364
-0.00010196313922750522
-9.645513421640283e-05
-9.241222303697011e-05
-8.634955479970409e-05
-8.208930160401872e-05
-7.83386182134833e-05
-7.345277872109027e-05
-6.731327771881802e-05
-6.456635094730666e-05
-6.134726896157695e-05
-5.704234448515948e-05
-5.202180882743387e-05
-5.1315352552423804e-05
-5.1409488622556196e-05
-4.972082091693732e-05
-4.801623907513675e-05
-4.634150563678877e-05
-4.531680409585264e-05
-4.531919815538762e-05
-4.451774697776677e-05
-4.382308139207048e-05
-4.370573528662876e-05
-4.129259037586895e-05
-4.099026989058109e-05
-3.994932693011059e-05
-3.9660894631028726e-05
-3.865224924218772e-05
-3.8425195843619464e-05
-3.749079095777469e-05
-3.7109478769168536e-05
-3.676032173205857e-05
-3.652151685350368e-05
-3.607651686050101e-05
-3.608206356552223e-05
-3.554204077873793e-05
-3.468437164513118e-05
-3.5588826398856734e-05
-3.577629899222369e-05
-3.532816440888887e-05
-3.593318534614001e-05
-3.6689646852513157e-05
-3.6443727569551105e-05
-3.6124418262193945e-05
-3.6539790286311744e-05
-3.6535181640862936e-05
-3.6791101997045596e-05
-3.6108406439544286e-05
-3.530158870422316e-05
-3.564798182061942e-05
-3.6253719978655376e-05
-3.419742737336222e-05
-3.377401002648252e-05
-3.412880835606268e-05
-3.351533720248241e-05
-3.399110385173656e-05
-3.226974782861631e-05
-3.240300604914039e-05
-3.2033240670527984e-05
-3.117061822666545e-05
-3.2002776370737355e-05
-3.1523653079703865e-05
-3.1572653555216404e-05
-3.107103125162043e-05
-3.0849743510501595e-05
-3.0653650322131364e-05
-3.194068739065659e-05
-3.125942923900395e-05
-3.1685884028707665e-05
-3.218088817515376e-05
-3.250764981472727e-05
-3.25057296356169e-05
-3.1921306260671745e-05
-3.028698517516238e-05
-3.0279812091504465e-05
-3.0103687836176335e-05
-2.9070223616953525e-05
-2.8599789166710928e-05
-2.7939466505173454e-05
-2.810029218380805e-05
-2.730970441512505e-05
-2.7798063591170057e-05
-2.745895175461623e-05
-2.6937638823356894e-05
-2.728504228731186e-05
-2.703942421552104e-05
-2.7802674122978243e-05
-2.8647821535640913e-05
-2.891364655860579e-05
-2.931262490703914e-05
-3.011085418283646e-05
-2.95935007199188e-05
-3.0101589732954313e-05
-3.04108142935783e-05
-2.996076337122186e-05
-2.9217418866917593e-05
-2.956308539810211e-05
-2.883751942674819e-05
-2.9168441162457588e-05
-2.9201974636331823e-05
-2.8498750368641965e-05
-2.7716725458891165e-05
-2.7615623535152905e-05
-2.6471686228264674e-05
-2.660429688856109e-05
-2.6089707076877216e-05
-2.70082978709575e-05
-2.6969250838091182e-05
-2.6682359020924196e-05
-2.587272286257724e-05
-2.7563933852232163e-05
-2.7200864712574037e-05
-2.655768043445682e-05
-2.7025343688028107e-05
-2.666777806923535e-05
-2.7064951980180382e-05
-2.648789524283967e-05
-2.672243236803398e-05
-2.6992010370358237e-05
-2.7834543827878036e-05
-2.8568079196028755e-05
-2.807067297302031e-05
-2.7225050265163493e-05
-2.699964338885534e-05
-2.8085599802175744e-05
-2.7906064402756142e-05
-2.7675998218775795e-05
-2.7962941304495973e-05
-2.758231844550378e-05
-2.7475075478799192e-05
-2.6632151881737325e-05
-2.5753103963560768e-05
-2.5757358849255575e-05
-2.536099115483618e-05
-2.4821387746164368e-05
-2.5028203607588592e-05
-2.4478974848062973e-05
-2.482702560276569e-05
-2.4065941168508424e-05
-2.4818964448058978e-05
-2.5107667978671896e-05
-2.429629320330504e-05
-2.4437319855981816e-05
-2.2844104831973607e-05
-2.3536226864153934e-05
-2.4371876389961e-05
-2.4375677673594543e-05
-2.5622620106096967e-05
-2.5458182049246886e-05
-2.5547306331982663e-05
-2.569550600094738e-05
-2.660256568223876e-05
-2.625638242332368e-05
-2.6041366288188362e-05
-2.6511666267955054e-05
-2.6635996012676817e-05
-2.6816211579393388e-05
-2.6954006763709777e-05
-2.712611233248565e-05
-2.6637199442592208e-05
-2.6406348263629263e-05
-2.607546897100595e-05
-2.4499879280618324e-05
-2.4665244685214322e-05
-2.4992221841347162e-05
-2.467980973758838e-05
-2.3587040333141987e-05
-2.2721370879918578e-05
-2.182498516318716e-05
-2.256410253822752e-05
-2.2093978798323036e-05
-2.258328607206716e-05
-2.257097831817292e-05
-2.2248773651275162e-05
-2.278015839423191e-05
-2.3103682232667104e-05
-2.2915384154960822e-05
-2.271576280084749e-05
-2.3063612186686238e-05
-2.3193442824844237e-05
-2.264633642173269e-05
-2.277005781555393e-05
-2.313844076221964e-05
-2.201542594304084e-05
-2.277677554553116e-05
-2.259843131469097e-05
-2.236126601928845e-05
-2.2714106779420507e-05
-2.1631237595337786e-05
-2.1202219108494723e-05
-2.1021609494777362e-05
-2.062108426428124e-05
-2.0310319760702207e-05
-2.1159861986503797e-05
-2.03938319895382e-05
-2.008034762521102e-05
-2.084770285701207e-05
-1.9237593665753525e-05
-1.985697949917435e-05
-2.055475582623061e-05
-2.146143533873665e-05
-2.1380668975460275e-05
-2.1297043565061392e-05
-2.105115587861898e-05
-2.0821772691474677e-05
-2.0293495186639052e-05
-2.066639387555403e-05
-2.028916868665773e-05
-2.0720344225453488e-05
-2.1869987836840597e-05
-2.1710807130956608e-05
-2.1452546476481343e-05
-2.1445533598630896e-05
-2.1663042086098965e-05
-2.2297512057573637e-05
-2.2114074521663565e-05
-2.2184838801169666e-05
-2.212702902734573e-05
-2.163803704509822e-05
-2.16444630630711e-05
-2.1810368033820175e-05
-2.176191770154724e-05
-2.215669964142661e-05
-2.1399817005321557e-05
-2.132594555506431e-05
-2.1266059640631148e-05
-2.1212660714000878e-05
-2.16688967392892e-05
-2.037027904104131e-05
-2.0413340718261208e-05
-2.0852715520218395e-05
-2.1960671262975126e-05
-2.2401066450617725e-05
-2.30300149808129e-05
-2.2834962321751476e-05
-2.2401651828355778e-05
-2.236056004928994e-05
-2.227040055947361e-05
-2.267694981128443e-05
-2.2655339543470525e-05
-2.2708684776228404e-05
-2.2613183992453508e-05
-2.182361546416629e-05
-2.049613289677331e-05
-2.0442884946263535e-05
-2.0378009948116312e-05
-2.0389653434028366e-05
-2.0093407430168656e-05
-2.054861067369563e-05
-2.0092399440559178e-05
-1.9587734304540964e-05
-1.8647938944653747e-05
-1.8430962949491072e-05
-1.842984110461893e-05
-1.867017171106353e-05
-1.9555886764363902e-05
-1.8989059012879067e-05
-2.0029444082562502e-05
-1.923904414137791e-05
-1.91931835110558e-05
-1.9971159148284373e-05
-2.0073812063654055e-05
-1.9552136210323726e-05
-2.0147745359551022e-05
-2.1084204558132182e-05
-2.2274608555663792e-05
-2.1697467471110736e-05
-2.1394167561084032e-05
-2.218650998084168e-05
-2.1840990248839028e-05
-2.1138961932997012e-05
-2.0375385213776974e-05
-2.0421704094688823e-05
-1.9872303811199446e-05
-2.041429952778681e-05
-2.0255091604431748e-05
-1.9811719606945257e-05
-2.0626683787365135e-05
-2.167334733476983e-05
-2.1511712273220634e-05
-2.1646690381910754e-05
-2.0731239769870796e-05
-2.152638572388915e-05
-2.086176155663216e-05
-2.0981388270566067e-05
-2.0818863453718626e-05
-2.1199446160203985e-05
-2.216956953041652e-05
-2.2143593485924174e-05
-2.2761819747285227e-05
-2.316192539755893e-05
-2.33364798650318e-05
-2.2935363260869593e-05
-2.2422306318293084e-05
-2.2377237891541206e-05
-2.213735280276052e-05
-2.229078112308074e-05
-2.2722333731642856e-05
-2.2364228007737204e-05
-2.1109857563580454e-05
-2.0968882853156646e-05
-1.965221788311653e-05
-1.9883623314887734e-05
-1.940972752992012e-05
-1.9611535376666494e-05
-1.9805012049834693e-05
-1.957476012682525e-05
-1.9614042752504315e-05
-1.9022315259294204e-05
-1.8955768609885126e-05
-1.962182155963361e-05
-2.0222355454246065e-05
-2.0383802149337026e-05
-1.9665464909242775e-05
-1.924723646543161e-05
-1.8687580719685043e-05
-1.9448435354947663e-05
-1.9583083148636097e-05
-1.8936677844505067e-05
-1.903836069956284e-05
-1.9502493631551732e-05
-1.9381051700933044e-05
-1.885833612673364e-05
-1.8668466307442737e-05
-1.8280474250786938e-05
-1.798241936302037e-05
-1.818934166900969e-05
-1.8256657885676423e-05
-1.7743703345466337e-05
-1.806008354092396e-05
-1.8415213802385283e-05
-1.8397914000497958e-05
-1.8133487982494342e-05
-1.8174922944227648e-05
-1.8533645911870905e-05
-1.8153202189649972e-05
-1.8111959164983732e-05
-1.8454626788971602e-05
-1.7958567763411406e-05
-1.7971186429753692e-05
-1.796243311589394e-05
-1.7874493197369804e-05
-1.7144725832083538e-05
-1.7657610711736465e-05
-1.8283941379330053e-05
-1.807302639159995e-05
-1.825964217358786e-05
-1.753141043957806e-05
-1.7423679107903605e-05
-1.82520819146669e-05
-1.7843361597947984e-05
-1.8264160678006226e-05
-1.81204870588974e-05
-1.8925694180156655e-05
-1.915876722099104e-05
-1.9614398398617697e-05
-1.911283100155372e-05
-1.874346957332886e-05
-1.8613487015870675e-05
-1.8610061656713866e-05
-1.8256506505336062e-05
-1.8464084455950393e-05
-1.8545275789047418e-05
-1.84801687013263e-05
-1.8041520484580866e-05
-1.8166874387706803e-05
-1.8202895026425488e-05
-1.779846388672013e-05
-1.7415800525837027e-05
-1.7495154208046625e-05
-1.6915406983268138e-05
-1.687676753876817e-05
-1.7379898390909484e-05
-1.6476987757077614e-05
-1.641617678547778e-05
-1.6367097891310954e-05
-1.6247000463341397e-05
-1.5662955438192176e-05
-1.561508442035928e-05
-1.6103712604726077e-05
-1.630087172088679e-05
-1.6523195005936065e-05
-1.6853252856418732e-05
-1.8068884754838007e-05
-1.8285134299528887e-05
-1.8835556989803013e-05
-1.855960942554736e-05
-1.727487795977612e-05
-1.6227113856412297e-05
-1.6482047579268476e-05
-1.6170852783640537e-05
-1.5916797228446404e-05
-1.575896277683097e-05
-1.522788655468806e-05
-1.528927172060961e-05
-1.5710554955014096e-05
-1.5239265748176775e-05
-1.5169350431447296e-05
-1.5800028483715357e-05
-1.5064236659209538e-05
-1.4544159562824967e-05
-1.5194904638822967e-05
-1.5534081790570377e-05
-1.5462528035978148e-05
-1.5872335266235665e-05
-1.5566820062910363e-05
-1.577784577319916e-05
-1.58005766732256e-05
-1.543459725157677e-05
-1.53408389585955e-05
-1.5018973836386405e-05
-1.5281568569965504e-05
-1.4606352360041691e-05
-1.3530086713823645e-05
-1.3510412490749903e-05
-1.352069614734285e-05
-1.3350328454517122e-05
-1.294594349693162e-05
-1.4090209636682024e-05
-1.4142058784340474e-05
-1.4345520631414493e-05
-1.4430839622003043e-05
-1.4832728454537034e-05
-1.4844028724096629e-05
-1.5474397278686176e-05
-1.5986123697883966e-05
-1.633471954307795e-05
-1.6344851920385502e-05
-1.7168391086333605e-05
-1.658989424834511e-05
-1.6726057866536496e-05
-1.6132827281749257e-05
-1.6689987845624005e-05
-1.6394330790111173e-05
-1.6387081578378222e-05
-1.614868583769917e-05
-1.6248612492172805e-05
-1.6889144010039876e-05
-1.587400671538759e-05
-1.5911464962064877e-05
-1.5215120550204085e-05
-1.5731281901362644e-05
-1.587843514614549e-05
-1.5123778919385384e-05
-1.3914261385421182e-05
-1.378246320705835e-05
-1.3516454937753562e-05
-1.3922429961557672e-05
-1.4038320269146763e-05
-1.4823867348712628e-05
-1.5150154130996842e-05
-1.4410420421713584e-05
-1.3902299306883597e-05
-1.3014123228290205e-05
-1.384853520128807e-05
-1.3878851826087123e-05
-1.3814898078702822e-05
-1.3708360947256787e-05
-1.445104434996783e-05
-1.4020677857236782e-05
-1.494237777579757e-05
-1.5344650684575618e-05
-1.5328324311499103e-05
-1.568512268729844e-05
-1.565286883878461e-05
-1.6399620343926706e-05
-1.6461587451717436e-05
-1.6066506187026216e-05
-1.60339961304864e-05
-1.5601228639112646e-05
-1.5779168043755583e-05
-1.5706059895348045e-05
-1.611920170371714e-05
-1.642831476702769e-05
-1.6796847072934423e-05
-1.5918191719619143e-05
-1.628232813446731e-05
-1.4947107451411688e-05
-1.5288114001224232e-05
-1.4740490735642163e-05
-1.4284636394963686e-05
-1.470419718114297e-05
-1.4167969614694206e-05
-1.4060347321329001e-05
-1.3962179124333758e-05
-1.4309056664556178e-05
-1.4372008822478906e-05
-1.4114998150573768e-05
-1.3675993344535257e-05
-1.3133974115825603e-05
-1.3648716116289574e-05
-1.3451314097673512e-05
-1.3918284787871892e-05
-1.3668480985668592e-05
-1.306361041820815e-05
-1.3852606503793072e-05
-1.3654611191466554e-05
-1.3466708306050688e-05
-1.3884514542210295e-05
-1.3390820708149544e-05
-1.3076943543166163e-05
-1.3075702116583233e-05
-1.3686528931160595e-05
-1.402479473553184e-05
-1.3780964123994906e-05
-1.3879803325970122e-05
-1.3928788104277811e-05
-1.3875797304973713e-05
-1.3864354918445719e-05
-1.4267132259933365e-05
-1.4651573413478522e-05
-1.4696651440452249e-05
-1.4496650591253354e-05
-1.4353673779826042e-05
-1.4588799718627275e-05
-1.4264100914092355e-05
-1.4340182807009788e-05
-1.4868309403094895e-05
-1.4780909454943699e-05
-1.4664823841788651e-05
-1.50392806972377e-05
-1.5307801597238586e-05
-1.4843485351539803e-05
-1.4597039807995316e-05
-1.409827682100176e-05
-1.3892148874421966e-05
-1.3770489170349686e-05
-1.4000905139255337e-05
-1.3896281012017022e-05
-1.3814672220851881e-05
-1.4044703709293606e-05
-1.4041964951266655e-05
-1.4137933518483166e-05
-1.4379258236321792e-05
-1.3821701570661929e-05
-1.400993328893997e-05
-1.4717718234654361e-05
-1.4587171386261212e-05
-1.4684552162954653e-05
-1.472861145480743e-05
-1.5382082656961522e-05
-1.630799468128114e-05
-1.6057294083616904e-05
-1.5862513127676385e-05
-1.604588288938868e-05
-1.535172827128985e-05
-1.5786050897548665e-05
-1.6166253637358614e-05
-1.5615659625230666e-05
-1.553847785005389e-05
-1.6205560112009858e-05
-1.6193758171909764e-05
-1.586691555362281e-05
-1.530948763199073e-05
-1.5340316302306882e-05
-1.4694717450496413e-05
-1.4423780090442893e-05
-1.3773767123994832e-05
-1.4285308949453153e-05
-1.500504431869895e-05
-1.5191670509348452e-05
-1.5304974988760444e-05
-1.4919148674784487e-05
-1.5044885946769716e-05
-1.548662186434268e-05
-1.5237503922199485e-05
-1.532761173924276e-05
-1.4877522752848799e-05
-1.5438927019002018e-05
-1.5073884141101087e-05
-1.5600773487541893e-05
-1.5651862499739594e-05
-1.612792315157734e-05
-1.643264962088627e-05
-1.6531900689221436e-05
-1.650605763306548e-05
-1.5933029216183866e-05
-1.6133277717421555e-05
-1.594538453328251e-05
-1.5273868450970406e-05
-1.553312756220327e-05
-1.5077275579474022e-05
-1.5060473439613512e-05
-1.5367605758203557e-05
-1.5583437642716388e-05
-1.4754547986807733e-05
-1.5161320401670377e-05
-1.5941510759552733e-05
-1.5325209426885488e-05
-1.5025405681862375e-05
-1.524810886621708e-05
-1.4682206306638869e-05
-1.5139496503656523e-05
-1.4678315286194751e-05
