3.854395813294846e+23
1.3466632691014721e+23
1.643118866071312e+22
1.2481692386190766e+23
2.7173170308110557e+23
3.8054013726669286e+23
4.477562099901851e+23
4.850633892292252e+23
5.0556186605119864e+23
5.157959756043996e+23
5.202757165683192e+23
5.215941622477305e+23
5.2186925843851894e+23
5.202361918520895e+23
5.1989094843793005e+23
5.176153583592132e+23
5.155537520317163e+23
5.136107145048839e+23
5.124022410988735e+23
5.109151097177193e+23
5.0959656495911616e+23
5.082566075546097e+23
5.064501931963981e+23
5.044861362442049e+23
5.0337143228603594e+23
5.013091121379981e+23
5.001598714816617e+23
4.970488335542451e+23
4.963065102942152e+23
4.947437640382674e+23
4.93680926348157e+23
4.903853202119617e+23
4.889371756483567e+23
4.868256840736873e+23
4.858409582228889e+23
4.839801769729256e+23
4.823619871834402e+23
4.804720831250116e+23
4.791634645814622e+23
4.7784569359757e+23
4.771283836113455e+23
4.758537320606107e+23
4.7247006000402695e+23
4.717560328604558e+23
4.71014990030095e+23
4.701928967616653e+23
4.6700061643024574e+23
4.64127832152441e+23
4.62784823277712e+23
4.610788048512436e+23
4.599013677205902e+23
4.580694722771619e+23
4.568482649432051e+23
4.541763088391587e+23
4.5454233383232366e+23
4.52436501593536e+23
4.507448330428553e+23
4.478765571497525e+23
4.457420403590382e+23
4.454800485172655e+23
4.4413502991120285e+23
4.424983325790488e+23
4.411777389640902e+23
4.401600352235454e+23
4.366644439311469e+23
4.361126888004993e+23
4.3329249924799286e+23
4.3185870005657594e+23
4.291534119672625e+23
4.29292346045442e+23
4.28448695452971e+23
4.2712723573950905e+23
4.2517384105943365e+23
4.226944248169815e+23
4.226129138858507e+23
4.211365728479287e+23
4.193129333470423e+23
4.181276008432922e+23
4.158684928133116e+23
4.1567304250045825e+23
4.134128319329939e+23
4.099590503706861e+23
4.0950823582586164e+23
4.0714719979583964e+23
4.060103400978288e+23
4.0415589569401625e+23
4.031619293012074e+23
4.023763816178539e+23
4.010979515470317e+23
3.9960881071601875e+23
3.977725138483796e+23
3.961482684062453e+23
3.955162996626346e+23
3.94591619742718e+23
3.9146602758868064e+23
3.8965401497465724e+23
3.879955737005523e+23
3.860730016563266e+23
3.851792243111531e+23
3.84229386720768e+23
3.841293257442471e+23
3.816229737538986e+23
3.794812013827096e+23
3.76694455279561e+23
3.770183975119079e+23
3.7627609085890164e+23
3.742080564873616e+23
3.733843858331624e+23
3.7092785266189186e+23
3.70462637012834e+23
3.683443492248519e+23
3.6787212062674926e+23
3.66052612897046e+23
3.633085634516397e+23
3.624552264607951e+23
3.606584374208871e+23
3.595490986572492e+23
3.583367738291324e+23
3.567999238339919e+23
3.561877056265471e+23
3.5418345489210454e+23
3.526503369736803e+23
3.499197544170597e+23
3.491945594723126e+23
3.4652631743058393e+23
3.467892341991301e+23
3.436947996361648e+23
3.4324618341090844e+23
3.424760377568056e+23
3.3982251010095944e+23
3.407416992885054e+23
3.3794362663229396e+23
3.3659126884768854e+23
3.3600567198059104e+23
3.333920901275398e+23
3.340685386728702e+23
3.31361772276979e+23
3.296886948670351e+23
3.2842997817768176e+23
3.261114662612413e+23
3.255159471197398e+23
3.231446749707147e+23
3.2299521288398126e+23
3.2168726002875176e+23
3.215198282980301e+23
3.1833765573302426e+23
3.180810358411821e+23
3.159127002542285e+23
3.1465944882376047e+23
3.1430815496423915e+23
3.134131508103796e+23
3.109702251246457e+23
3.08973789683669e+23
3.080684976194107e+23
3.0690523782038426e+23
3.0658765157448646e+23
3.0428897351080494e+23
3.02806092964749e+23
3.0202221907234454e+23
3.0056437474030462e+23
2.9847245820215308e+23
2.9853555616620733e+23
2.9756974895228107e+23
2.956864069199845e+23
2.928757765391621e+23
2.9225471269909915e+23
2.9165184649775552e+23
2.90253430399761e+23
2.8800224307562506e+23
2.87448771369832e+23
2.856677339510957e+23
2.8505910089042924e+23
2.8395264471202783e+23
2.8291604611924638e+23
2.8083153701731944e+23
2.8008509605985524e+23
2.788455962301119e+23
2.77297354661189e+23
2.753523949417407e+23
2.7377950094993252e+23
2.733462097705207e+23
2.712102317024648e+23
2.702448348790546e+23
2.69460231262773e+23
2.6984099991521806e+23
2.6805990127567432e+23
2.6690119348997123e+23
2.651807870478558e+23
2.6388100358161286e+23
2.623335263579892e+23
2.6239273264901545e+23
2.595213295689214e+23
2.5863970518734234e+23
2.572318948620001e+23
2.5535589102308384e+23
2.5486526451681596e+23
2.539072842775671e+23
2.535437397826344e+23
2.513448807677313e+23
2.5044280821425663e+23
2.493101367231618e+23
2.4849433005759944e+23
2.4746149647410647e+23
2.456882241055527e+23
2.446031791656797e+23
2.434012483640279e+23
2.429367134622012e+23
2.4088124863722112e+23
2.403476932563552e+23
2.380723565051174e+23
2.3789868264457474e+23
2.347962581329205e+23
2.3450888400364793e+23
2.340012386758632e+23
2.3342484857377893e+23
2.324073553765167e+23
2.3164064301344226e+23
2.30477253876664e+23
2.2874632716655653e+23
2.2786066573012398e+23
2.2693984075075088e+23
2.2432983377064133e+23
2.237552161164854e+23
2.2263420303745094e+23
2.2185836624079397e+23
2.2010906709600663e+23
2.187615619399997e+23
2.185258923714116e+23
2.1721069322438166e+23
2.1619073078788623e+23
2.1450786072276502e+23
2.1548796376928343e+23
2.11882558392421e+23
2.1245723656369693e+23
2.1074024624263634e+23
2.100811717402434e+23
2.0955464014520883e+23
2.0751895681864202e+23
2.0484793042644374e+23
2.041408817512327e+23
2.0303770883769714e+23
2.0234326686374303e+23
2.0146028633572617e+23
2.012259685507137e+23
2.0172699063155895e+23
1.9820454226352014e+23
1.9745897528585863e+23
1.9567891528897895e+23
1.9494997996400383e+23
1.939436565382424e+23
1.9382525465223902e+23
1.925198568861106e+23
1.9083872211422083e+23
1.9152061143011356e+23
1.888276738998282e+23
1.8713796849637256e+23
1.878626421494628e+23
1.871704757599579e+23
1.8632653778153564e+23
1.8374853014341595e+23
1.835682521762322e+23
1.8230100243222243e+23
1.810799023402317e+23
1.8016625018769012e+23
1.7952487131339554e+23
1.7840256260504328e+23
1.775970995819251e+23
1.7669324768438513e+23
1.751154281619595e+23
1.7384487713868537e+23
1.738592022446751e+23
1.713825094133601e+23
1.7082605083585168e+23
1.6929776598351503e+23
1.7062861162081287e+23
1.6603514449246555e+23
1.6824477836947712e+23
1.6653058576894755e+23
1.6603132431408163e+23
1.649888105246646e+23
1.644572319425601e+23
1.6135796114691368e+23
1.6196436548871456e+23
1.6030102690185856e+23
1.6002061160806648e+23
1.6023449832078816e+23
1.574126848687723e+23
1.5634253171438592e+23
1.5597196399657183e+23
1.5488168678872552e+23
1.5399116582755756e+23
1.5480419412399355e+23
1.519137285029455e+23
1.515978867685846e+23
1.4976143044537118e+23
1.5034929051201892e+23
1.475411822173566e+23
1.4849373125619233e+23
1.4746152465821e+23
1.4490168538541204e+23
1.4533739858662972e+23
1.4400452168516245e+23
1.4298009308521155e+23
1.4350451446234573e+23
1.424716906601082e+23
1.4111675646467222e+23
1.395153285804187e+23
1.3850156647471026e+23
1.3813875627762306e+23
1.365186783539939e+23
1.3760967677109929e+23
1.3542582318720465e+23
1.360506409182945e+23
1.337484019146826e+23
1.3157838430363692e+23
1.3202114725675255e+23
1.3185670289032748e+23
1.2921222092543915e+23
1.295171991330739e+23
1.276951174554461e+23
1.2731995043651257e+23
1.2682896307932454e+23
1.2513113444877851e+23
1.2533893778356604e+23
1.250542247187233e+23
1.239910466549973e+23
1.2270265166631208e+23
1.2230045727937729e+23
1.2130367747380747e+23
1.2144019368193707e+23
1.1938558665194852e+23
1.1745600679559642e+23
1.1790325160439747e+23
1.1678570510080743e+23
1.1751782060043817e+23
1.1580887750822426e+23
1.1341287602327656e+23
1.1314308260994312e+23
1.1336829017585936e+23
1.13543674419098e+23
1.1082951254966876e+23
1.1235757384050516e+23
1.103715348888995e+23
1.0942100247753441e+23
1.0923784509170767e+23
1.0709906444767742e+23
1.0610072667811151e+23
1.0537894890995042e+23
1.0562470443064152e+23
1.0350122807367624e+23
1.05365698686528e+23
1.0350806383422315e+23
1.0180941005978289e+23
1.0165885634272101e+23
1.0119750027854378e+23
9.866752550077483e+22
9.874635144210275e+22
9.807654859134123e+22
9.756259723891576e+22
9.723298011919465e+22
9.665958118131914e+22
9.735347589754979e+22
9.377552319737842e+22
9.513985598302427e+22
9.380046406174605e+22
9.288539756781524e+22
9.197483122544334e+22
9.148053512990408e+22
9.124937922367376e+22
8.986626301469768e+22
8.842001794978866e+22
8.830704895304826e+22
8.926458009897178e+22
8.781273913560389e+22
8.691274808958198e+22
8.625025060518164e+22
8.614357999807323e+22
8.464004868850722e+22
8.434269986011622e+22
8.366619104395644e+22
8.232123401054493e+22
8.164606082833401e+22
8.057563654317631e+22
8.070815031787458e+22
8.075543498255285e+22
7.977502664123782e+22
7.813818434947076e+22
7.941474211911665e+22
7.605442766534094e+22
7.713186106444682e+22
7.655726170616439e+22
7.522991434543023e+22
7.525513942915559e+22
7.2229082350829554e+22
7.557407956969137e+22
7.240940739470314e+22
7.17083553327647e+22
7.135505223449088e+22
7.113161595541871e+22
6.883410949614337e+22
6.8890336022697414e+22
6.981272139378828e+22
6.8656539564526195e+22
6.9005945958406805e+22
6.565762434414818e+22
6.726147319467638e+22
6.7086234966581905e+22
6.3911156450598454e+22
6.5531337112594105e+22
6.382228079707081e+22
6.495459608158262e+22
6.319882065497801e+22
6.358699058638256e+22
6.181811397735569e+22
6.025538749502501e+22
6.054878511843043e+22
5.996919552547026e+22
5.922207937990568e+22
5.868062517787455e+22
5.983123858767237e+22
5.62108342185416e+22
5.854040972004791e+22
5.6963612233262715e+22
5.5852948320618835e+22
5.553177685757393e+22
5.621628417222504e+22
5.509069490820359e+22
5.500395987187383e+22
5.484380243971281e+22
5.3078836503274876e+22
5.398750169328533e+22
5.363061900736394e+22
5.0394337663160055e+22
5.228144185481098e+22
4.97436318340372e+22
5.11930799434437e+22
5.00536143500985e+22
4.932040046473989e+22
4.863256217521439e+22
4.812431185215158e+22
4.807491232523579e+22
4.860613740995391e+22
4.5918140187722295e+22
4.6981196179269336e+22
4.657249289460435e+22
4.498107619566313e+22
4.44625178543329e+22
4.3366236292652145e+22
4.539935664881851e+22
4.2852166439261476e+22
4.208529280861757e+22
4.1840780123093955e+22
4.25927062010215e+22
4.175569528659172e+22
4.121584331049677e+22
3.995280948109597e+22
4.05448277247981e+22
3.940727619647891e+22
4.009719184170128e+22
3.913895341953004e+22
3.872727237590205e+22
3.82111473681533e+22
3.826694853324098e+22
3.6523344049444963e+22
3.5731324746203497e+22
3.635594036066788e+22
3.613324911067469e+22
3.4920787397758283e+22
3.6314817974878175e+22
3.479269429312238e+22
3.2702824429895236e+22
3.4789378834556076e+22
3.3643145228172432e+22
3.3139992381753485e+22
3.290327514570987e+22
3.418448397268655e+22
3.293157833422743e+22
3.0064046467449017e+22
3.134189476467875e+22
3.0918393179403803e+22
2.959825256323585e+22
3.028416505374726e+22
2.9528002407984313e+22
3.021354727458395e+22
2.8227937695463088e+22
2.920182264308661e+22
2.8999950900852054e+22
2.6295429760481386e+22
2.78103687230879e+22
2.742380750913618e+22
2.6099341660515163e+22
2.865100705831911e+22
2.601369042599104e+22
2.5981974608467563e+22
2.5835355902784005e+22
2.5754712565492402e+22
2.589620599887815e+22
2.4157957473715542e+22
2.4555591376689384e+22
2.4785151337393946e+22
2.362094128764221e+22
2.359454474904424e+22
2.264202420954989e+22
2.2462649354828934e+22
2.120129364405491e+22
2.2262785109720463e+22
2.2090798762031927e+22
2.1855507759695305e+22
2.027093618034397e+22
2.127183604070102e+22
2.100523870535938e+22
2.0811195468322404e+22
2.038218556728681e+22
1.8659425017999751e+22
2.035878936722262e+22
1.955998174956001e+22
1.9805785815888496e+22
1.9081845616218827e+22
1.9162806087848252e+22
1.6891612516326245e+22
2.0036107597413618e+22
1.7926185993407283e+22
1.7690588280103069e+22
1.6270498899172885e+22
1.6495840684672553e+22
1.49161436801718e+22
1.7565380513880775e+22
1.6969458893948879e+22
1.5666048587446656e+22
1.457584093470592e+22
1.6834304404582002e+22
1.4522929374136967e+22
1.5220753762517468e+22
1.524544653308141e+22
1.430354336604803e+22
1.514511686670499e+22
1.3334819992198219e+22
1.5094581346365614e+22
1.247283685532918e+22
1.426389389043294e+22
1.356758719313663e+22
1.5377208853154738e+22
1.6174257925114024e+22
1.1575280053284378e+22
1.3764812047388485e+22
1.2153230995687159e+22
1.1530373729014006e+22
1.3319606181746077e+22
1.1553004730557915e+22
1.134411597108559e+22
1.1701199232117145e+22
1.213072503060556e+22
9.349235976223364e+21
1.06451875784728e+22
1.0599247563738738e+22
1.0871858513001753e+22
9.069133453906963e+21
9.87368311931303e+21
1.0438371616122135e+22
1.0244114209613229e+22
8.037703731258388e+21
8.957804240220923e+21
9.359118969474977e+21
1.1159484503004839e+22
8.967118082273534e+21
9.404788680270467e+21
8.148162980558206e+21
9.692503359080473e+21
8.450928042810047e+21
8.855832059603256e+21
8.793278196574591e+21
8.062724201367384e+21
7.419831682191409e+21
6.808949563893249e+21
8.817272090060128e+21
7.650880366246816e+21
8.096460010867086e+21
5.337661961676861e+21
1.0524837484308835e+22
8.427111628093419e+21
8.76511766529269e+21
7.57060112453417e+21
6.371160948716236e+21
5.781468913727447e+21
6.840198088425166e+21
6.759916400848904e+21
8.32040377887691e+21
6.05733997104191e+21
1.033105612125478e+22
6.923617353377566e+21
7.48234511232923e+21
5.80160421491645e+21
5.161437503538109e+21
7.28860243779082e+21
3.995056520029255e+21
9.441271197909459e+21
6.66060192785206e+21
6.654268557532506e+21
6.647915248119339e+21
4.466190160681272e+21
8.319459881679569e+21
4.989990609514387e+21
6.088196809674717e+21
8.811152472772474e+21
5.018518661353966e+21
6.122625479450319e+21
5.579044309558654e+21
6.6903013666694e+21
6.136651228555986e+21
6.138407406461021e+21
6.685485824598113e+21
7.258049284269605e+21
6.678478758215454e+21
6.123988235602262e+21
6.116015910985235e+21
6.653969316097158e+21
6.728166149919779e+21
6.106082457021854e+21
6.706818015387328e+21
6.690320815655706e+21
5.586827997837651e+21
8.236983077412568e+21
6.066169719015533e+21
6.070884764349651e+21
5.036331724715873e+21
6.108451021396996e+21
6.118445335527998e+21
6.641281094849135e+21
4.509634215575684e+21
7.78454279606969e+21
7.800805897681131e+21
5.555659240675306e+21
6.100882861036543e+21
7.205832609276971e+21
4.994308927413704e+21
7.180866459440433e+21
5.542911691429115e+21
8.262546115553063e+21
4.430465937179295e+21
7.201716221086142e+21
7.191543782772906e+21
6.634266960805732e+21
3.3319158675061573e+21
7.676351900830625e+21
7.199995289675602e+21
6.094438024976945e+21
6.695240993300806e+21
7.82385138899531e+21
7.225392269674467e+21
8.873617340230474e+21
8.318646784584491e+21
6.112890588215944e+21
5.568148564393033e+21
8.878299909014765e+21
4.504151855161401e+21
7.769489248508269e+21
7.214134628228023e+21
7.167956176975774e+21
6.624062094596058e+21
3.3664040549456827e+21
7.718713575313055e+21
6.67719368833245e+21
7.228121951326444e+21
3.9494447790601944e+21
1.0474977130079612e+22
3.9156141075455384e+21
8.859382163846531e+21
6.126238508194296e+21
6.651931584050575e+21
6.628481276469427e+21
5.008909789270418e+21
1.0560819359669083e+22
5.030359889212695e+21
7.221647101623064e+21
5.520308445956738e+21
8.284931276742362e+21
4.953342847647247e+21
7.731824038712959e+21
7.189292681149104e+21
7.214372945724076e+21
6.129817951805846e+21
6.711497091847811e+21
6.71448075463849e+21
6.646681705474381e+21
3.925964481199887e+21
8.353010326163211e+21
6.656852387317791e+21
6.142188295995943e+21
5.608033257156264e+21
6.160956165084928e+21
5.553530243666059e+21
7.787805951692494e+21
7.72684792946111e+21
6.107503580473679e+21
6.072540265197611e+21
6.656608581609448e+21
6.663569395661096e+21
6.702179033992741e+21
9.95107448356484e+21
5.022195217680772e+21
6.654734866736038e+21
6.667138320794659e+21
5.5645790653144e+21
6.139000440426968e+21
6.115228917395712e+21
7.219818199545067e+21
6.652238426409806e+21
7.269896462960142e+21
5.558073655235082e+21
6.721598962680142e+21
3.8852698087319205e+21
7.200903286718785e+21
6.112300356355381e+21
6.647243278839244e+21
7.742772713268829e+21
6.630646016952425e+21
6.113120569214835e+21
5.613827649624661e+21
7.225418075487248e+21
5.059328953791784e+21
9.356671569016612e+21
4.4879850039732223e+21
