5.775157595923885e+22
4.0916457401688984e+21
1.8109141239332742e+22
2.905657860719483e+22
3.236102752228504e+22
3.292718157032201e+22
3.285035540910479e+22
3.252947010759496e+22
3.202652321425128e+22
3.1788386532648645e+22
3.1330399420815742e+22
3.085945267274821e+22
3.0341896743110205e+22
2.9992043604596415e+22
2.9690710074615017e+22
2.9235412269978064e+22
2.892758029689666e+22
2.8415049864796692e+22
2.809666926620193e+22
2.7654460784147345e+22
2.720140160629517e+22
2.68922378495178e+22
2.6560993056357425e+22
2.610558073037841e+22
2.5809700912312695e+22
2.5381594491145918e+22
2.508240587843397e+22
2.4631150920539434e+22
2.4346508259083952e+22
2.3846438308486077e+22
2.3514642369999765e+22
2.3265086205288136e+22
2.2808436324774594e+22
2.2542608645948503e+22
2.2154629713178487e+22
2.1780358222039694e+22
2.145818755855314e+22
2.1103397868593954e+22
2.0714223745438595e+22
2.0429908383086032e+22
2.021430765772376e+22
1.9895350238954803e+22
1.952691491060851e+22
1.912894541327473e+22
1.8802738034869864e+22
1.8558404317902665e+22
1.8179743146555153e+22
1.7912460753084814e+22
1.759736329593994e+22
1.7351563596668653e+22
1.7016996493732782e+22
1.6622081086503998e+22
1.641891036539942e+22
1.6182890986205826e+22
1.5918988929660027e+22
1.5549650841777274e+22
1.528919358858645e+22
1.5059074565801584e+22
1.4690821113594088e+22
1.4481163823303132e+22
1.4260810587826396e+22
1.392822208076143e+22
1.3700454144840496e+22
1.3382782031753264e+22
1.3064632039111345e+22
1.2848708877667675e+22
1.2617283434247442e+22
1.226986699862473e+22
1.2057633185995803e+22
1.1838526243769023e+22
1.1561055291905919e+22
1.1313898805299968e+22
1.1077776137781078e+22
1.08658240642823e+22
1.06903986044463e+22
1.0436352151708504e+22
1.0243487504799466e+22
9.94951978305881e+21
9.682494629569687e+21
9.503854242661805e+21
9.231313528543848e+21
9.093068931980526e+21
8.910993303206108e+21
8.671340419833154e+21
8.501153505945059e+21
8.293824635121642e+21
8.064739262067789e+21
7.851854428130421e+21
7.794728546804538e+21
7.440790199564335e+21
7.27388103579773e+21
7.166223638587651e+21
6.954994197961776e+21
6.674750273713686e+21
6.687972939653291e+21
6.334522085420831e+21
6.256637699541937e+21
6.120713847922654e+21
5.843379480709402e+21
5.696721825519969e+21
5.565561541651354e+21
5.34409015873819e+21
5.370715573977116e+21
5.190578942957361e+21
4.919542977825958e+21
4.901931887489068e+21
4.7157427725790394e+21
4.5026592616945523e+21
4.389296870113718e+21
4.1943034063038956e+21
4.1115558798187257e+21
4.030875279299942e+21
3.8419049631922426e+21
3.7925786917630357e+21
3.6383731086099475e+21
3.5100809735593095e+21
3.427417827317879e+21
3.2956876037143543e+21
3.105484250745504e+21
3.0805207801481543e+21
2.944815945832144e+21
2.8366414536488397e+21
2.6603868242851455e+21
2.724878482997784e+21
2.685291384335062e+21
2.4353415378950433e+21
2.388261572916443e+21
2.2949285176539265e+21
2.2471639611455268e+21
2.1197047795664749e+21
2.1088679050021844e+21
2.1149523444217844e+21
1.987544937458208e+21
1.8688628761346884e+21
1.854844079604729e+21
1.8503487864663106e+21
1.982988137706994e+21
1.7679552029911225e+21
1.6262405310856254e+21
1.6083295042613404e+21
1.6583876702404406e+21
1.5569779378944126e+21
1.5554466184820042e+21
1.4742426171385695e+21
1.450032340898029e+21
1.4238402116609987e+21
1.4151598122970668e+21
1.3357306047661573e+21
1.3459353627373693e+21
1.3287783472239482e+21
1.362556508761294e+21
1.2760343257880427e+21
1.2981974560691658e+21
1.3457624585542498e+21
1.260259320981154e+21
1.4650407544163423e+21
1.2654775489183668e+21
1.3488381544073858e+21
1.3281325066874297e+21
1.3078244099343697e+21
1.2791474813109134e+21
1.330453623731576e+21
1.3055250120847047e+21
1.194588196912405e+21
1.2745057549876621e+21
1.3832699199319816e+21
1.305320759361881e+21
1.3073164101636186e+21
1.2972649500068175e+21
1.3331915915230826e+21
1.329640344367073e+21
1.3508994054242325e+21
1.418052012466723e+21
1.2582867312030874e+21
1.2938646730540783e+21
1.3096720029699833e+21
1.3065859696079017e+21
1.288158710208108e+21
1.2953665904450784e+21
1.3740949825960222e+21
1.3490810278588496e+21
1.3429057023513775e+21
1.3246633961497918e+21
1.357050032453999e+21
1.2889856834021194e+21
1.356502767452608e+21
1.2763736681378433e+21
1.2437539790043582e+21
1.2452318126080857e+21
1.307679610972699e+21
1.2497998686180467e+21
1.3093345739734018e+21
1.3726899359325694e+21
1.2592987803663522e+21
1.2619842685482138e+21
1.260504333809482e+21
1.3124243211559085e+21
1.3591493692194166e+21
1.2555253647363468e+21
1.2391143853276911e+21
1.3780482727081356e+21
1.3118252169004447e+21
1.3595846316442106e+21
1.2883908422661744e+21
1.25440563162654e+21
1.315950296337405e+21
1.2949731132068232e+21
1.504443543488445e+21
1.2749019314973615e+21
1.4196971550820577e+21
1.309717699891154e+21
1.2806329003798133e+21
1.26115918198506e+21
1.2698595492032927e+21
1.3052736964582103e+21
1.3389265843939608e+21
1.3689354634923769e+21
1.469155748168465e+21
1.305077712671788e+21
1.294103378383828e+21
1.3211244677317596e+21
1.2721317611839276e+21
1.2241599126911207e+21
1.334146574884722e+21
1.2738556031539856e+21
1.2612453015673879e+21
1.3353482129584876e+21
1.3410242685976309e+21
1.4025491026774752e+21
1.2757229367959909e+21
1.3418004626295908e+21
1.3073794106532605e+21
1.259072310353364e+21
1.2769196396652973e+21
1.50222449527165e+21
1.2725597210161743e+21
1.1932181730562652e+21
1.4237750567586711e+21
1.3190148015536081e+21
1.3286279069260778e+21
1.2912737525690521e+21
1.375038784317694e+21
1.2296881944495844e+21
1.4477569413528363e+21
1.370520912555759e+21
1.2600126388319837e+21
1.3386461471616978e+21
1.3204609054402093e+21
1.3540460349442773e+21
1.2938755186706056e+21
1.386665018612072e+21
1.3085475994054303e+21
1.423240480032658e+21
1.3237175904159384e+21
1.3191764807083394e+21
1.2944193990580395e+21
1.3232133145515173e+21
1.2808246462043888e+21
1.2393727335341645e+21
1.3313546700343904e+21
1.2889983007040217e+21
1.2885292078415285e+21
1.437619986745272e+21
1.340662327427131e+21
1.2892266101492162e+21
1.2744033146712773e+21
1.340781454767185e+21
1.3363858339901764e+21
1.3157258345147426e+21
1.2732718223607312e+21
1.2427014506269785e+21
1.386537922286618e+21
1.3052990466989215e+21
1.3778384217288236e+21
1.3623146754837756e+21
1.2924163345961648e+21
1.3284176737311507e+21
1.4031712493220022e+21
1.368522851907869e+21
1.280494738582024e+21
1.3239590282963887e+21
1.307837993504006e+21
1.272449853505087e+21
1.2875050826426768e+21
1.255881707709563e+21
1.342534336801538e+21
1.2735365148148446e+21
1.241536354132853e+21
1.450432558842444e+21
1.2632583800217126e+21
1.2774615180746458e+21
1.292428458386502e+21
1.3173278874723717e+21
1.3335736094291366e+21
1.2837888606557829e+21
1.2881654046607737e+21
1.3566682300395372e+21
1.4587419553008446e+21
1.1929166511238498e+21
1.3600457413206878e+21
