84.32131671905518
16.003660369802404
15.30986178362811
13.885771817631191
12.13572926874514
9.76352282806679
12.48125371226558
11.79934110464873
11.71792314670704
14.01419238028703
9.95414482664179
5.791402373048994
10.072743411417362
11.1083448043576
11.851324222705982
5.398986465401119
12.594695899221632
9.017226627579442
7.925466646750768
11.806483304059064
10.043608550672177
11.566999364782262
10.931575095212018
12.205397310080352
8.901750297458083
9.86391129979381
9.878387263527623
9.405425006592715
8.1152991299276
8.190348340405357
8.11012871618624
7.876694243263315
7.68151227136453
7.681567767703974
7.8717033035225334
8.407045554231715
8.277836186466393
9.94402019182841
9.034692625204721
8.864833524933568
6.76256881819831
13.958701618291714
7.39830740513625
13.362081718665582
7.499348861199838
8.120854490333134
8.773218676999763
7.902047036974518
7.933121074129034
10.58580228024059
6.180664978645466
9.00034892503862
9.582350506826684
6.368835969103707
9.782725308780316
8.352044386444268
6.210941244054724
6.813142642378807
7.516870341367191
7.236295269595252
6.889583071072896
8.064108742607964
8.314615669625777
7.509430072373814
6.0704962147606745
8.835306758681932
6.849672323023832
4.63129544754823
11.094556123018265
8.023338736207396
8.658707318482575
7.548407606504582
7.551880605794765
6.6098708251008285
11.95080556085816
7.898543250781518
7.422796430411162
6.631280566807146
7.649822108723499
8.319607948815381
11.358550565110313
9.89742961746675
6.357832542172185
8.207030613113332
6.720657977792952
7.50687682904579
6.1160238876386925
6.829687623238122
7.510017105826625
6.928888846878652
7.350119061768055
8.016750240215549
5.953159069297491
7.624406149817838
5.42042960419699
6.625394059552087
6.381258771099426
8.27458980679512
8.740443347780793
6.532901309154652
6.934710515318094
8.603917624663424
7.068646266504571
6.100225370239328
7.150262183061352
7.238972912232081
7.905663403096022
8.759169714318382
6.739847915592017
7.390529416777469
5.33467868467172
5.166883785139631
6.029191216384923
8.221313487048503
7.236422080132696
6.952020896805657
7.865824444426431
7.483562852773401
6.3260652249058085
7.602245884637038
9.451656432339439
8.716654726752529
6.417085160811742
6.054830227185179
6.886021920928249
6.129582100168422
9.384299506467801
6.97178860063906
8.004791602216384
7.4756258737157895
8.232172593474388
7.910826332591198
5.1549170111064555
6.83641500743451
6.202954902693078
6.708072571566811
4.384837997456391
3.772974281675286
6.660634643501705
5.717780023813248
6.325112811945103
6.5198227594848035
4.811398947128543
5.331124155885643
7.743094832808883
6.292275118607062
6.731453623484682
8.682739580670992
7.105450445303211
5.3340518088252455
5.901282062685048
4.1998672063152
7.974317507887328
2.9062596632650606
5.855096831917763
6.23839279981675
7.814966495666239
4.5963903193672495
5.694089062235974
6.9874690793178695
8.419503752832059
6.629370364326018
4.454085298020531
5.019588011282462
6.026014580356854
6.579294884370433
5.576026025883578
6.707512201810324
5.079322294780502
3.375993811145977
3.9990360096648887
5.6281465435469595
5.528670499170268
5.083224670892513
6.072973723764773
3.8400056523581347
3.389726961100543
5.6729952681947635
5.921862750969551
6.548867606730373
6.554659905808943
8.215439305537277
6.309676875394803
6.362010732017182
4.980003658820082
6.0976712692666935
5.493991737840353
4.290561566474261
5.74811485906442
6.073456424805853
3.7099383114664644
6.787087066030061
5.248123370386936
5.265915253648052
5.92959189525357
5.74007980166762
3.2230671834614544
7.7538226194403785
5.717995927565628
6.318262965866813
5.190894990883492
5.876009544012724
4.315231682525741
6.2275134595455945
6.1266332732306585
5.372954507668813
5.305732243866832
3.246271271948461
5.112612268852967
6.068542483780119
5.856943181543438
5.0316269301154
4.97042050295406
4.64203293952677
7.331396734272992
5.8951702901610625
5.611626798631968
5.2757835975951615
5.748695718469443
5.620894722364567
5.005255401134491
4.6032507220904035
4.594442633842981
5.1669320541399495
4.552147856189145
4.58382027734209
5.83195741419439
4.083097514179018
5.40928426688468
3.599614385377478
3.9972738703643835
4.966375926440513
4.359687323647517
2.9929187691046133
6.31720593019768
8.691791930132442
3.5435593693896577
4.755347564954449
5.204772541644396
3.4611561698494135
6.791424363851547
3.9007921768007456
5.296623602647473
4.251061829427878
4.3567461677723465
6.081983006386845
4.940286198423968
6.092099865277608
4.27635274855075
4.778518776650782
4.931110016173786
6.372075051897102
5.680256442339332
2.670318552189403
5.712530401845773
5.679198597178415
5.467074324135427
4.208007792493811
5.31275004396836
4.000814019529908
3.7287987445791564
5.011859029669453
5.543388849331273
5.044947570120847
4.463182400360152
5.0603180168955415
3.62374006818842
5.724228720422144
5.3857121696626695
4.979363074733151
6.636996080478032
3.6428847409508847
6.434064032854857
4.051526983096092
6.054558175581473
4.922894891213487
4.4595225458895715
4.061249034755208
5.211236124099405
6.317277884041822
6.816523880318359
4.45647863464223
4.873983040176056
4.500418669923588
3.1657857072574123
4.7935167743513984
4.848780335099609
3.9990220508641667
4.089226370884313
4.983313937154081
4.69315798746215
1.8940464312003717
5.443752385951854
4.422814970215161
5.7263192352321415
5.15086595962445
3.552260071315147
3.949505508635883
5.582022325860129
3.818108844950243
4.976074971189654
4.45400501359944
3.162534499058017
5.477174178593689
4.1693741176967265
3.7572460958251246
4.5015834316059395
4.278200447559357
4.138192088239723
4.140261183734293
4.9680326890062405
4.070357440867358
3.56432643905282
3.4549526986148624
4.1213189420048835
3.7517751124170093
4.867971535634111
3.6733630420985044
4.1606127076126915
4.56261980092084
4.381501150765905
4.0485740247424005
3.767177465889189
6.200243771076202
4.08821643764774
4.091558654965074
4.8645968303360325
4.469691556636934
4.121404627682986
4.4386110319583505
5.096112345655759
4.606208993052995
4.4450344530244665
3.16882384016558
3.6313757289338997
5.251341796031705
2.784394728364768
3.911180582863313
4.477825998432106
5.454628242110765
3.203820724592165
5.092078282325356
3.901059502666747
3.92143536924764
4.080564175766927
4.224301443607719
4.458501470585664
4.315123082173091
6.029031473729345
3.6504511408231877
5.5113644096310495
3.9876832719202393
3.6097454459027007
3.7761001608989857
4.51382202765456
2.728504055076175
4.293404301007588
4.845538935727543
3.7807657434432596
4.5427792820113675
4.511463845769565
3.7137362838343337
3.8350655947018555
4.564786412925632
3.3678327271783792
3.28971628603284
3.8040559080049947
4.769883852590014
2.9627454904494464
4.342448042498694
5.113001193161364
3.4007087741737014
3.337110671180266
3.3416432552039623
4.028631548983632
3.0375287855664888
3.951355990850263
3.866321368901818
3.5735497612644127
4.249396926275006
4.2532635146269095
4.396017065202749
4.608393726801431
3.51775200140697
3.9561445864814297
3.5278713303031743
2.895417394461455
3.745894234351538
1.5152964860338856
3.772831136567725
4.201195812887615
3.272968292788223
4.253123797200344
2.2130119284545935
4.993444972844036
3.0576827050773083
4.0801880016095105
3.689002792454428
3.039808161832668
3.100918023881537
3.335734868836072
3.4935646934641733
3.6337616578848273
2.4641441758032196
3.218493383998672
2.682001322093937
3.8687696995006666
2.278049088738583
3.2387220280037985
3.4420998387590602
3.7816496296889253
3.9943703969043716
2.5980206810765796
3.2304811699798814
4.542482902606328
2.9369456696289555
3.3273536880259162
3.3932441293641373
2.8451103416306003
3.438245335938754
3.0986295955048666
5.199701477532034
3.031268293382945
3.842060517243765
3.836696439733108
2.446806713386818
3.3360872231423855
2.6203757752146988
2.62806669263928
3.2831477383496583
3.052668603827004
4.840458137017709
3.5492045330228628
3.1735105834625386
2.527364661572156
2.9763972314971463
3.140643511933309
4.134855019411555
3.338149623600421
2.9752237595341824
4.539217461383453
3.549295883487772
3.7766866752946817
2.9968099558243044
3.168313970996274
4.669548241628541
3.194687938524617
3.2441527654451354
2.2989589821685246
3.3734138169912278
3.641897149728956
3.14364097888271
3.6708894256088467
2.994545237057739
1.7206270817529272
3.0984465679912656
3.350189592965223
2.5546730838164136
2.5051494932009115
5.449087781003779
3.351076585551103
3.5711925747907824
3.4000785710910955
3.4073570171302117
3.2568041214512453
2.9824787099604255
2.8822302033227905
3.7592469246851072
3.0528395451881267
3.1039514629929155
4.366068168922707
1.9818098641656063
3.8045061800490925
3.8799071556854026
3.605183604966711
2.720909827630277
3.0638410559406988
3.243925448645044
1.8701195711683896
2.6307933410560644
2.633929446822515
3.6826521205129445
4.567685339047953
2.372774804769843
2.460753953981179
3.196732367354411
3.0039996237114623
3.403391098258672
3.1727851278803967
3.3862744780878224
2.362350101272265
3.708282887107796
3.968489935552632
3.3538424842473535
2.857590347804405
2.885242221945966
2.618779309162939
3.119211689741523
3.2540113340925285
3.5103507320638054
2.6656829298094467
2.815652195364237
2.823015852520863
3.7934603353065475
3.3074496615402125
2.5686013108050383
3.0894043558725603
3.025350324464617
3.0145839567951582
3.584188980360826
1.4656983731935422
1.6972463020571955
3.1408881576800787
3.301762262704196
3.0020030979756958
2.5292863695433847
3.02591540629941
2.116041894312258
2.879520997956947
3.0612204999283508
3.220124034486987
1.455306493849666
2.284385751794886
3.4382219082779355
4.160529825698446
2.72994079509819
2.372607159876713
1.9308547137512102
3.2144700526087373
3.7945374043451414
1.9138791639081858
2.8824840455695435
2.861682633696883
2.4239240448783943
3.0836223990277007
1.921640684897149
2.6432299073095673
3.0800026524122113
2.9462758439282575
3.989194573972512
2.6405507348891764
2.880908939987421
2.8390593084472195
2.895044570443807
2.8720051935977406
2.836782961945843
3.6644106554212392
1.6255969829443428
1.8685781313451353
2.4479298197698816
2.2460441278224743
2.814737655774311
2.5602145249506942
2.843523475031058
2.3662056448283018
3.9916866940480693
2.7385635139351643
3.288150577219548
3.112824570249628
2.8401963327217987
2.3548547163329743
2.836765007564315
2.039613227946339
2.206641715778797
2.5175897846757262
2.4594416337225726
2.099420072372865
1.975714989558414
2.867905717894987
2.192572265656458
2.762629783125939
2.4733419890205064
2.0282434536902993
2.7349599586040885
3.011932526335672
2.2728201450297125
2.6185837608451643
2.2469075462884374
2.137275186677774
2.8998357381809643
3.6946380323281995
2.664705220195982
2.424237354486077
2.216528490530672
2.9166616276596433
2.1918366578993975
2.4197576555802867
2.8518161600524627
2.145045587344578
2.8288528249357587
3.464102385427665
2.5790099418825574
2.5997204335613384
1.6985394248945846
1.0560886710192319
2.8978545462919607
2.4885254586460412
2.9566256006558738
1.956060224695614
2.272562501607118
