60.74185482660929
12.393798744236982
9.688182398124978
7.477415528562334
9.261049769542835
11.430627010486743
11.03651535069501
8.060305624096483
6.820944119382788
10.953602640717119
7.014065678472872
10.269376288961482
9.279326717058817
7.89343375409091
6.444868466368428
7.194863381209196
7.073489833761145
7.727853262865985
7.660084784030914
8.012765533394283
7.508902946004161
8.014182770693743
8.572592967086369
9.07139073367472
6.601587506356062
5.560053133302265
7.5077513423230915
7.251117615788071
5.6014038048408645
7.041318847073449
5.688681093630968
7.771841575702031
6.640660240694329
7.329110677595492
5.318942588236597
9.90318548237836
6.828261834603769
5.467055250649099
7.439045155489886
6.587037258678013
6.3904381725523205
8.14853706072878
6.481109430392583
7.010391680178819
5.637752970059712
6.754629466820647
6.428482014823843
7.994883131097864
7.508934806894373
5.888453805336246
7.150561291034575
7.7532187788574785
6.923222370721676
3.5327401737923974
5.357895217559956
4.203131525052918
4.16007317547445
5.658106613214369
6.609073409327754
5.479942870774755
5.761488902899954
6.406645381892169
5.0109517226616545
3.9309711268654577
5.109757672581408
5.885364290740755
5.542602957950698
5.522866931502466
5.625163898423866
6.226873380166513
5.033851612773207
5.914530210472919
4.89580672537839
4.3760259134901895
5.859677555660407
8.771348861632523
5.471699962461436
4.672500503835855
5.1140001659040095
3.2452240969847748
4.9801720814020545
6.134362256085431
6.891309280638342
6.363474021355311
5.748868708257322
6.270661368414208
7.699252847720076
4.13955293154275
6.147179636966299
4.149455172044259
5.4236807792826935
3.7462753228567265
6.226780167332402
3.741898356764405
5.677788672623811
4.745889797254845
5.170740966995557
5.152269195627283
6.027184870507982
6.870042828498064
4.764417189690802
5.0277346422274904
4.552438716093699
5.47013120987901
6.030751826034652
6.746186489308322
4.07701933991026
1.9774728558129735
5.855853970679972
4.508956073886818
5.840575303744386
2.5966363877609924
4.304868191756584
6.15123814785922
3.418611962210249
5.454127828832026
5.023566524739619
2.5617585565756866
7.6431508036675275
6.773478924124329
3.3809570990226887
6.26766954196824
4.820673550720568
5.191596642826442
5.627855160170132
5.549511726531717
6.06808101910132
2.669898855741377
5.196392665582675
3.8028683778312473
7.926230827967326
3.341052957706981
3.6648787552559816
5.030549772083759
4.121251857115163
4.031149565897606
3.716004048232679
3.170956641159676
4.746911203419721
7.135456361704403
3.743409192396535
4.158353112086102
5.0200324420023845
4.4692894730854915
5.217707628453219
2.867024001148012
4.413960343985646
3.5814936314192085
4.078256179889043
4.765887863658093
5.252993047789291
4.848587049378289
3.1012202487499625
6.197650323725409
4.398024023131088
4.020772488304862
6.923598309357961
4.848053289784326
4.004486735220309
4.324331021833199
5.668428940077622
4.296827791465653
4.7242728002645356
5.860119212004873
4.211498717535977
3.439873961938752
2.543503181870889
4.402488551482007
4.325977613528569
4.979410700775959
5.117267355322838
5.083464315919964
4.236903303613265
4.995770423914547
5.901077606611782
2.585137367248535
6.6875553876161575
2.1702338359146207
3.4318130709644823
4.094803864481272
4.029458630554102
3.6940787542197437
3.374950011847196
4.121091335459992
3.3925960142579346
5.485064587659306
3.796804703220173
4.598217680498406
3.32799305918592
3.670530887665572
4.022622037678957
4.0989319792500245
4.572937565821189
4.3861148918944375
4.538680027756426
3.6581417664333626
2.5523185113237963
4.804689644801396
3.763554358923877
4.204211703053227
3.6900257330249855
3.645248734012798
3.179628430555264
2.4433503284774445
4.349898799701974
3.098583807961808
4.8152854488127765
3.9140721003490464
4.6333629135732295
3.091014932979036
3.5240565494254783
3.678235318649698
3.1785678986321995
3.50831777188513
4.75681698543054
4.242330674220015
4.769329076977791
3.4730017040338783
3.4252794115907617
3.8461850960221557
4.899114815035352
4.0943648517131805
4.537385023440476
4.315080470508999
5.234305162258722
4.180932567765315
2.9726576838228436
3.8372440994889647
3.201900129240972
3.007807987569659
3.720049200096616
3.758100347938361
3.007288210093975
5.768984463479784
2.604893832433003
3.6735549607762583
3.688615385442972
3.671668064677053
3.7982565414298466
4.03815916787695
4.744323239282325
4.104411588774787
4.253808226988271
3.745321106303621
3.2870163027611046
3.957727302831632
3.9233249690797596
3.743975561526087
4.59001464576081
3.4490211342495902
3.966064363718033
5.230710628407973
2.688244220835191
1.1176212758377746
2.5241325372071177
2.8617445231863745
3.253795994307708
3.8875844790427774
3.558438007754308
4.963564420325889
3.0598777596045426
4.302160068242638
3.251162157566459
3.80620329019924
3.1467933188434
4.159639952083428
3.824734590119786
2.7196489165502564
3.8288723760181003
3.4353532942218914
4.119291518849355
2.1546185656830117
3.0851371533892773
4.11107985344198
2.437012581223691
3.1147925217670425
3.794753154394803
3.2223210734901606
4.839917243630798
3.1117811229217938
3.666212114195029
2.051088288081465
3.9801073482743017
3.7068830223547087
3.5916616446166127
2.129369905287469
3.079136886668426
3.9839790339271226
3.3508465552909508
4.1252512956659
4.017624297075802
3.813412683567515
3.887425296284534
4.248729003800286
3.582791263651517
3.546464947293754
3.578368832391721
3.559058930310938
3.072741598166801
4.194955046254176
2.97913193302574
3.3497502211895256
3.254064638443567
2.9504265527206437
3.0531073957681656
2.0159849487934953
2.8877194458963693
3.627602896204701
2.5501076305905976
4.075651396824806
4.774886899248317
3.147366021932275
1.9084988648278847
3.393556718611055
2.831668480678841
4.708206269200201
3.711015322142177
2.8132945045276925
2.972300961337708
3.072221897818424
3.4249141810944788
3.12877203386139
3.797075850130231
3.7128500499659114
4.534764641412982
4.646897152100724
3.501014980591006
3.653000730883192
2.4624614641070366
2.861175300070533
3.2224161354479968
3.144621397058169
3.868854441921468
2.995959489433854
4.458791752656301
4.171037964798786
3.008093829508181
2.9880436705770315
3.582263683003408
2.9243694381029517
2.6822119575269796
3.5661151784437672
4.48161960862301
1.5053929516148787
2.9388864365302854
2.6567604443817228
2.913598164295157
3.197197067240874
1.891993228484083
2.941828095940528
3.3012247493973486
4.465942294923244
2.9375248846632465
2.0895021219772323
3.8745499246374324
2.6412313441159547
2.280515764184572
2.9118416611519127
2.9619312520932266
3.1619478982217886
2.5149536971692688
3.9434363864086293
2.9308548902195914
3.5197764225304127
2.5337702037973537
3.096219324679286
4.617980848859857
2.336073273309955
2.6141550709252006
3.1635398718493954
3.441647109196142
2.954887511001693
3.3166331960647195
3.3071377782358065
3.883173262355504
2.552058584574196
2.182097452658194
3.7576768106470504
3.0267421339673026
3.25674715500187
2.7377445576367556
2.720062447918786
2.446598336790447
3.741555640335988
2.7116179482804403
2.9332316410900265
4.794021198595011
2.162922693071542
2.4422982081219002
3.0395141053530903
3.6648926825986967
3.2014739185019776
3.0608571265582687
1.6465617103709116
2.5168118682448513
2.649785357354968
2.965946076368844
2.4283117248366275
2.897739614739462
2.8772673695175737
1.826386940493076
2.9269677250887507
3.3915143288947918
2.6440248527322656
2.8494479118121996
2.5927436786393323
2.3331400524410935
2.337653791186986
2.326053496864107
2.814417095509944
2.827488780435589
2.485874159744492
2.177144337859419
2.810572625034385
2.327732879668474
3.5037230195270643
2.5198591594342834
2.2500530092252626
2.5109075241618686
2.6243493762557155
2.039942381558595
3.0070558500786624
2.836134965772982
2.7045987465039447
1.9962732909178291
2.055068110426267
2.024281758746063
3.6699586834206626
3.1713601939932063
2.7916838220424123
2.2553855888545513
1.9962197212433372
1.9879672560426924
1.745726013901057
2.6936206163631544
2.40537436692803
1.993806013285562
2.2400767674876585
3.4258720943773233
2.6090568508262986
1.9691853492900178
2.6950594004657535
1.7180232208360124
2.162004022065688
3.753013583796996
3.037770542419619
2.2045330413513713
2.6478123405465372
2.821763712843811
2.3684754290238574
1.964417703449726
2.364972940887566
2.156307368642754
1.2429375329089385
2.320932247572475
2.1551168839688652
1.715676348656416
2.3242204553551145
1.6474388788143794
3.610527722302962
2.096601524838695
2.128987450566557
2.306407989244218
2.0429341163210295
3.602437487354985
2.304781799101167
2.5113867581994445
2.097945292652757
2.739124226901266
2.2913382817749626
2.82880968897155
2.032730203259874
0.9669057655113714
2.183567968783555
2.722238332723026
2.2870818271681115
2.5074462305616447
1.3601747630508962
1.5975602403007172
2.2361323834845312
2.3911297551735684
2.551480151850868
2.684114989031244
1.9656670805480745
2.1313000321388245
2.207264058843807
1.9355217777192593
1.7433252538795825
2.1470584389926106
1.7480778281611424
2.138438578971006
2.716869302507904
2.506278612685424
2.4113315777094275
4.1085249210397405
2.95761248441758
2.4185533316598997
1.31634367754062
1.7102609668616895
2.7115559108831264
2.135698106277872
2.3070436671928123
1.710950591497951
2.3031144041430065
2.1115871155979455
2.732908653716246
2.076149720698595
2.4677513143806546
2.0553797724898213
2.7277595737466105
1.8636169979969661
2.0853809509426355
1.8735844354938578
2.47589515991233
2.387596884328458
2.6263045563741967
2.0092950190107026
1.2607946517290893
1.689211414506038
2.761023751011601
2.8599285901420646
2.181929367835875
2.3710576213068433
2.232822066379918
2.0202315346234374
2.0780178625826484
1.9761119535951703
2.3325468920585184
1.9758754056636934
1.4311799976836752
1.0874930356663686
2.0244504859050116
2.147958637525638
1.9466928465774767
2.6185282885476395
1.7792974028184458
1.9173189088426255
2.384905432937322
2.375612210758306
1.9657560472411137
1.1854409492678113
2.1041701895495257
2.090434277223216
2.5861928198072643
1.785520814359188
1.8823856356795188
1.350133031020286
1.8870285447100523
1.9104918042818706
1.7630602878828843
2.2623464398913913
1.9827141027759623
1.9640973902962826
2.2172485222971
2.0080134839647346
1.4906518034016092
1.8285373979144626
1.3508084866183776
1.8485695636934705
2.342270588502288
2.614270406878657
1.8510263010997463
1.752355927394496
1.4809805483867724
1.432018593195136
2.181746631032891
1.7570986155144594
1.8711172803132623
1.2666634271542232
2.319201905694273
1.6457081915879692
1.5901188206755452
1.658095926322319
1.8119766761859257
1.2462105512688006
1.7859989811700803
2.648638691753149
2.111992520176702
1.77914622053504
1.9678487582477155
1.9599369483551494
1.9209707949172568
2.59321233506004
1.776121645062058
1.729008885997313
1.7718388886639365
2.1722674320141473
1.7611291807282854
1.8317510459434103
1.5943984140607494
1.729169271817362
2.222939654563864
1.790306993725675
1.6201139169710654
1.4158706752652372
1.733238844062995
1.8658458509103015
1.077480674824781
1.739309995883593
0.8966673533949587
