4.511285696426237e+23
1.682172391568229e+23
1.514669917938608e+22
1.1397649930002654e+23
2.5944607329324814e+23
3.704130853135089e+23
4.408770946970406e+23
4.7783329434337095e+23
4.991715036261396e+23
5.075644473575543e+23
5.1303168247866826e+23
5.164540472114505e+23
5.147335933408015e+23
5.1414657249179684e+23
5.113761271674995e+23
5.116777169089959e+23
5.1012207282966044e+23
5.0782790596543066e+23
5.0700856608522314e+23
5.0417163890470155e+23
5.0324731505063045e+23
5.0101079960965557e+23
4.992528679088075e+23
4.977829070641826e+23
4.967861079072081e+23
4.955773721665194e+23
4.934105817364504e+23
4.912298439398105e+23
4.8987452391255015e+23
4.879381007661955e+23
4.868337888641667e+23
4.854377025345544e+23
4.8307855126097645e+23
4.8173137571216725e+23
4.789423485358074e+23
4.764461411850945e+23
4.7581670937544894e+23
4.7515485080406136e+23
4.73507473185391e+23
4.7146033157547225e+23
4.6947607034945076e+23
4.6816210265544394e+23
4.672151555315947e+23
4.645396322951685e+23
4.632328405242179e+23
4.616829804741789e+23
4.6096555283141414e+23
4.588135432153222e+23
4.568173046660917e+23
4.56223746279278e+23
4.55250714306387e+23
4.544267419110128e+23
4.49908219606277e+23
4.4920692160557765e+23
4.472393881559471e+23
4.458658192615217e+23
4.4327909828402295e+23
4.430075678182395e+23
4.421583533099038e+23
4.40839853305822e+23
4.385403085806872e+23
4.366850242555441e+23
4.350275124118122e+23
4.3332150468139294e+23
4.3070532453283166e+23
4.3056628715333566e+23
4.300595784335359e+23
4.2726566879223005e+23
4.250771915596305e+23
4.235934851659929e+23
4.2322963907062265e+23
4.2202341042755145e+23
4.201207341605796e+23
4.192722450132589e+23
4.153526491046177e+23
4.145147158318736e+23
4.127747399827399e+23
4.119322814367952e+23
4.0993332693551444e+23
4.078557784282866e+23
4.0817414098217014e+23
4.0583569613377894e+23
4.044443639165233e+23
4.025122706997354e+23
4.0138380148930535e+23
3.998582242855072e+23
3.994770300428973e+23
3.975150545981569e+23
3.961902670060453e+23
3.9241436519891484e+23
3.920072150228026e+23
3.9109698940589e+23
3.8993205342337724e+23
3.8726972404500936e+23
3.8550331431786275e+23
3.841185058461423e+23
3.833971302353542e+23
3.8335822504554823e+23
3.8167190536384995e+23
3.792102966357994e+23
3.781771137418603e+23
3.763858576555695e+23
3.7439779961358716e+23
3.732413987967932e+23
3.728140209844296e+23
3.7232306754497626e+23
3.685936927070711e+23
3.678835775027263e+23
3.6526783476627884e+23
3.652029888426192e+23
3.622732098226802e+23
3.600550240321887e+23
3.6048079771866006e+23
3.588131553090414e+23
3.5717427767171775e+23
3.552282998572787e+23
3.54124698961041e+23
3.5366754334794125e+23
3.5434826440194314e+23
3.501144430586261e+23
3.501956826478793e+23
3.4798762573442474e+23
3.448152484986084e+23
3.44963440288772e+23
3.432538260194761e+23
3.4068844281553685e+23
3.404244308278563e+23
3.3929017843255476e+23
3.385751452974169e+23
3.3555580910266286e+23
3.35809577090041e+23
3.341914587951997e+23
3.326048983488473e+23
3.2967676877227184e+23
3.310187285897626e+23
3.270113065774132e+23
3.269081451540238e+23
3.252174226407398e+23
3.251239918072953e+23
3.227427234966848e+23
3.20747310795036e+23
3.212531956375789e+23
3.187383795539432e+23
3.179898525854266e+23
3.1634385757184186e+23
3.162837740640507e+23
3.145543512747438e+23
3.134629790588693e+23
3.110144698947599e+23
3.0926902723862845e+23
3.08510297928106e+23
3.05294896256937e+23
3.061501364408366e+23
3.038674219489843e+23
3.036376388665841e+23
3.011860896319887e+23
2.9989681531547624e+23
2.99280420300852e+23
2.9814214126527112e+23
2.9619814221991832e+23
2.950554307978792e+23
2.9391363712500162e+23
2.936783749914423e+23
2.9073429887227375e+23
2.8954296588497008e+23
2.8823550898864955e+23
2.881417332076211e+23
2.8603879171684425e+23
2.8685019583229588e+23
2.836837243637034e+23
2.8290292840016925e+23
2.8265870888842606e+23
2.8080465418671873e+23
2.773347077979734e+23
2.7749638899492082e+23
2.7620627602371525e+23
2.7482362956129093e+23
2.737590709331729e+23
2.7260380854192225e+23
2.7117317341071853e+23
2.707048787068904e+23
2.6896505851341877e+23
2.6700378436358282e+23
2.6665655120281302e+23
2.6432598695008228e+23
2.6401658318175746e+23
2.629806734989815e+23
2.60680152196415e+23
2.601987959277676e+23
2.594182238775774e+23
2.5734427459087675e+23
2.5654969958280768e+23
2.554893076287699e+23
2.5428602025846784e+23
2.530802744857192e+23
2.5177360614154592e+23
2.510505011485009e+23
2.5101010034140617e+23
2.4919029340380267e+23
2.4776751944648602e+23
2.470233955910301e+23
2.4501240662712008e+23
2.4357424063291446e+23
2.4350939738326712e+23
2.416563818871738e+23
2.3915695685526466e+23
2.3947261147913478e+23
2.3836788721626508e+23
2.3641020989441903e+23
2.363865553003262e+23
2.334187224116483e+23
2.3329428542066927e+23
2.3270265302638366e+23
2.3175228007059287e+23
2.3067282156458266e+23
2.2842875527588254e+23
2.283529209913446e+23
2.2722729115974213e+23
2.2552013670026772e+23
2.2593778378194895e+23
2.2455468161153733e+23
2.2249617502722143e+23
2.2131613566040833e+23
2.20611405072368e+23
2.1929854132321983e+23
2.1762974739947146e+23
2.1541127056385406e+23
2.14187177266961e+23
2.1363803436483478e+23
2.1269107893747372e+23
2.126657325380334e+23
2.1230215595495335e+23
2.1071633283230245e+23
2.093166408082385e+23
2.0777437861224583e+23
2.06224866746753e+23
2.0592089009745416e+23
2.0574713193515597e+23
2.0385309934250643e+23
2.0179688874957556e+23
2.0076588222015642e+23
2.0021847925559875e+23
1.982876363506574e+23
1.9985093795673425e+23
1.9935685873766455e+23
1.964451998100888e+23
1.939340665450484e+23
1.9327807180111313e+23
1.9255384977462303e+23
1.932309838522592e+23
1.9035187849090245e+23
1.901789295691623e+23
1.8862059796674925e+23
1.87293135236459e+23
1.8848884501891303e+23
1.861074396299889e+23
1.8595764990638256e+23
1.8433964673480674e+23
1.8279002453112306e+23
1.832196775057234e+23
1.8053928306335024e+23
1.79551805653917e+23
1.7943694838229532e+23
1.7803356861382398e+23
1.7687806288745596e+23
1.764464435286683e+23
1.752629486343036e+23
1.7341982867249154e+23
1.7255336017029596e+23
1.721763586382017e+23
1.7161494990101538e+23
1.6992160995192295e+23
1.6897759213815634e+23
1.6940983644176103e+23
1.6700957356640342e+23
1.653141981310169e+23
1.6567065100464887e+23
1.639299691459048e+23
1.6317370295253478e+23
1.6093468217316094e+23
1.6252277102863688e+23
1.6058225882492683e+23
1.5967051366535246e+23
1.5900312826242843e+23
1.5689178411027808e+23
1.5835658657411103e+23
1.5551386839778733e+23
1.5391514985092215e+23
1.545454242559105e+23
1.535965954014732e+23
1.5236345528772243e+23
1.5035371572086528e+23
1.5029991593082294e+23
1.4848447593674562e+23
1.4802604988633846e+23
1.4658400770022857e+23
1.460059962319097e+23
1.454185956027927e+23
1.452956011710693e+23
1.4391068982024488e+23
1.4277944547765071e+23
1.4242969501579544e+23
1.4191447590007486e+23
1.41183615849209e+23
1.4003783937577972e+23
1.3946422532065326e+23
1.3817292501762717e+23
1.3672628282671038e+23
1.3723576414539946e+23
1.3521356262579216e+23
1.3556899951549568e+23
1.3408968237227618e+23
1.325368761940247e+23
1.3156880683607936e+23
1.3078458672945352e+23
1.3043453537084815e+23
1.2910812366812095e+23
1.2880648445739744e+23
1.2927336299024899e+23
1.2754948159880857e+23
1.2545519461914065e+23
1.2516004094372428e+23
1.2227207200571965e+23
1.252987710932832e+23
1.219967704789357e+23
1.2223917806588506e+23
1.2034271852561757e+23
1.2021788592155877e+23
1.1957640620885379e+23
1.1901392308168135e+23
1.1807093405895461e+23
1.15942316209696e+23
1.1622976711126845e+23
1.1608185285543193e+23
1.1565884233843823e+23
1.1581367644547094e+23
1.1384488536564445e+23
1.1212410751729725e+23
1.1294992934400594e+23
1.0813650310252686e+23
1.1157541588992744e+23
1.0898531256837105e+23
1.0807483320176696e+23
1.073194753281468e+23
1.0829780627858058e+23
1.0633803210889552e+23
1.0694282212133622e+23
1.0506735174786959e+23
1.0492369276036223e+23
1.0342463556591978e+23
1.0082191069530145e+23
1.0119929313340794e+23
1.033369025600601e+23
1.0006529012493577e+23
9.96069989714112e+22
9.988465032166948e+22
9.643640255740377e+22
9.875000843536892e+22
9.614421323570463e+22
9.6206699413897e+22
9.516598762728088e+22
9.442478027479615e+22
9.457598842117888e+22
9.100120526998276e+22
9.311460144508208e+22
9.274720904648026e+22
9.042847511665192e+22
8.947239701492693e+22
9.101942289342543e+22
8.839442033393162e+22
8.861626483682612e+22
8.555381920127651e+22
8.7732716362675e+22
8.639803218075101e+22
8.60715647660193e+22
8.390808180766418e+22
8.35495246622907e+22
8.392348552576467e+22
8.252812371274243e+22
8.251163005316337e+22
8.157260757580844e+22
8.155915936992427e+22
7.933421934107601e+22
8.001249719228005e+22
7.886873488341537e+22
7.978481313914996e+22
7.752764672355875e+22
7.765291364350662e+22
7.604985788390967e+22
7.587244568383257e+22
7.529661437994582e+22
7.443916028980126e+22
7.314409423861488e+22
7.263758610492043e+22
7.279861315402199e+22
7.357069736147383e+22
7.080673827617108e+22
7.136415510005333e+22
7.015355835237168e+22
7.082939430259964e+22
6.947615321433293e+22
6.802630618451569e+22
6.726660543347986e+22
6.767026862721187e+22
6.630099968526819e+22
6.616293342962622e+22
6.4997346149201716e+22
6.566220327351619e+22
6.510082419675553e+22
6.3850683662914495e+22
6.326409276693674e+22
6.194793396615809e+22
6.254287140443587e+22
6.058445894031939e+22
6.111235642786283e+22
6.131473975086756e+22
5.972908938348361e+22
6.031970157171614e+22
5.874632724286021e+22
5.795251369497189e+22
5.658352781130167e+22
5.660465989702194e+22
5.6509456123067885e+22
5.608894074100523e+22
5.562590011946114e+22
5.468637172601994e+22
5.512153488994875e+22
5.585886263764511e+22
5.135455172300846e+22
5.399882296869235e+22
5.252900272081833e+22
5.083512504896727e+22
5.19166323409642e+22
5.0593462174437545e+22
5.106366682672014e+22
4.914248558553876e+22
5.052306362909672e+22
5.048437992491305e+22
4.748842168712631e+22
4.633004876868458e+22
4.733363938908149e+22
4.7192774163863295e+22
4.545508894049783e+22
4.581555999256763e+22
4.525202495822285e+22
4.577634498677323e+22
4.3749229600167824e+22
4.564094188903122e+22
4.461793688395941e+22
4.26864165039335e+22
4.404941946105188e+22
4.211751034649094e+22
4.249755346199916e+22
4.108897175448323e+22
4.1072296596320754e+22
4.20487596612169e+22
3.993435541867287e+22
4.024808582682563e+22
3.873884669731314e+22
3.830710936532587e+22
3.85804402506135e+22
3.805088549118374e+22
3.712815934185701e+22
3.802028339097827e+22
3.767950914853812e+22
3.69489043075152e+22
3.6395944938956325e+22
3.373816672948688e+22
3.5593870769004615e+22
3.4654260026540544e+22
3.68855160899834e+22
3.399055033496863e+22
3.3024151495825703e+22
3.2888774856731504e+22
3.2329025625639113e+22
3.3413865739689977e+22
3.2005567970056807e+22
3.0706895116111043e+22
3.1815085268329917e+22
3.0455311743988082e+22
2.8600820052379413e+22
3.113711543871133e+22
2.9621190434077027e+22
2.924750230226331e+22
2.884649067318066e+22
2.9867517665630195e+22
2.558966677500304e+22
2.8650544225496466e+22
2.7427588826381125e+22
2.7630730830001205e+22
2.7720977891188036e+22
2.714727484598847e+22
2.691532057996717e+22
2.728878755161403e+22
2.5961045606942986e+22
2.5012890005465607e+22
2.6221305691513658e+22
2.3826381428894017e+22
2.6028742968873713e+22
2.3346257053074374e+22
2.380059698402118e+22
2.447473577208097e+22
2.384735570390938e+22
2.442419391415657e+22
2.2223259355551776e+22
2.238801805915708e+22
2.3111764023500633e+22
2.0893964416677195e+22
2.1090083742773647e+22
2.1726936886470806e+22
2.089507151933325e+22
2.1288208375769022e+22
2.0378185579169334e+22
2.0604802375944757e+22
1.931322792508745e+22
1.7439138371099534e+22
1.8865299862168715e+22
1.8554205212086146e+22
1.7999853747457298e+22
1.7075013940957793e+22
1.8227358184367871e+22
1.9062691710246597e+22
1.7221388124051426e+22
1.7207693662747011e+22
1.6897544082490934e+22
1.6519789147437142e+22
1.6343109960975956e+22
1.7215920740909659e+22
1.5711581501403464e+22
1.8284563342241336e+22
1.5264211361470989e+22
1.5216553122324015e+22
1.5067553859617113e+22
1.5393720856985794e+22
1.733366446804875e+22
1.327170160361597e+22
1.4085184504129577e+22
1.3825979546101292e+22
1.4195330390416456e+22
1.364446266240952e+22
1.1785480974331338e+22
1.4202243745697958e+22
1.4079868602903792e+22
1.1638754498916072e+22
1.3087523475174468e+22
1.2332303788175687e+22
1.3744150710974574e+22
1.2598133039878533e+22
1.1740794547988475e+22
1.2719861278409428e+22
1.0868375176602074e+22
1.0711584917437263e+22
1.2233304737577062e+22
1.1513772897837565e+22
1.1868873996689962e+22
1.055433183864395e+22
1.262285750056661e+22
1.2536749922537473e+22
7.942815767830156e+21
1.1170439959898185e+22
1.2238166311802157e+22
1.0259885833100466e+22
1.129138410810001e+22
1.0614673544750668e+22
9.26842173084434e+21
9.69450158952256e+21
8.461321981314111e+21
1.1242717581605993e+22
1.1551785563477735e+22
8.640224138394102e+21
7.95733534004345e+21
9.503048802980134e+21
1.1708347421092108e+22
8.188138741746398e+21
8.610215225811328e+21
7.985916587355092e+21
8.521332947726125e+21
7.275018430675753e+21
8.303356922562324e+21
6.986447548967058e+21
8.063037593517382e+21
8.549145056967324e+21
7.302982778296933e+21
4.96999527890438e+21
1.0121499151182858e+22
7.073816649463302e+21
7.615866110597034e+21
6.378407744093001e+21
7.559467653409752e+21
6.807984519788771e+21
8.025322442529549e+21
7.343329979526877e+21
7.268070850620935e+21
6.026955907840518e+21
8.881180297152149e+21
5.983974137662202e+21
6.457889953949841e+21
6.498359146407203e+21
7.111178191464328e+21
6.514509814845806e+21
9.536373771988659e+21
5.953338914119189e+21
7.692397224372975e+21
7.155701517214399e+21
7.137232326198492e+21
1.0113283397989977e+22
6.478305888714281e+21
5.98154088352044e+21
7.114257224794089e+21
7.699939450552664e+21
4.761622034529707e+21
7.699323883470295e+21
5.987893236633369e+21
7.735387482781058e+21
7.759813715783508e+21
7.715316283944588e+21
7.697482313918835e+21
5.948923442822686e+21
7.681504095770151e+21
6.504490840868017e+21
5.978592646719529e+21
8.280403061798425e+21
6.538691386170111e+21
4.740893448686107e+21
7.708240068176146e+21
6.50633838818932e+21
6.490868362665727e+21
5.863635462476247e+21
7.76018577320104e+21
7.145528514714259e+21
5.951270385851424e+21
6.57325103691764e+21
8.987066762804198e+21
5.377440771745216e+21
8.350593116644877e+21
7.164995523390051e+21
6.503791835421629e+21
6.519168203720134e+21
4.1649115697055856e+21
7.703038362777777e+21
6.539245782472824e+21
7.154569300750694e+21
6.468037652976574e+21
9.50885642422268e+21
5.31151921922476e+21
6.497915783599027e+21
7.707349331816252e+21
3.550561633102545e+21
7.733371367133077e+21
9.455809664955198e+21
5.947563293887691e+21
7.117326679178549e+21
7.114725372381062e+21
6.49149509336453e+21
7.656812666885272e+21
5.900431922570805e+21
6.500910739748513e+21
5.899193506340557e+21
7.739104552812812e+21
8.24360275588707e+21
4.744984486811724e+21
7.762391898477073e+21
7.731420498978989e+21
6.538041595413939e+21
5.941016225786697e+21
7.078879698473949e+21
7.681050532105408e+21
5.904979753351938e+21
5.881479407271487e+21
8.847111587967149e+21
3.5381686267408495e+21
6.514377713746409e+21
7.122980931193404e+21
6.49293409652469e+21
8.27962144372125e+21
7.127544810721134e+21
7.68753180350645e+21
7.757906103791247e+21
4.719597310608289e+21
7.128279531053971e+21
7.155580398999213e+21
7.703660484323837e+21
7.151676865539283e+21
7.140393224491133e+21
7.134166484396924e+21
8.304299863184549e+21
6.517599935101065e+21
5.937520972879997e+21
6.513331351273769e+21
6.507396361642188e+21
7.117622663585578e+21
6.011607011939544e+21
7.741588767944133e+21
5.392601962319631e+21
6.535465631947155e+21
7.141956007096935e+21
6.54733841730143e+21
4.75476092116881e+21
6.540695061118902e+21
7.706328332190647e+21
4.1384143040227595e+21
8.291113143705457e+21
7.727297533509603e+21
7.112474748495063e+21
7.11509566783121e+21
7.125342783324937e+21
4.735086781819653e+21
5.932814631279924e+21
7.085279393533913e+21
7.070447626263906e+21
7.668585957844666e+21
6.536140808914985e+21
7.101625773255553e+21
7.712017672645202e+21
7.074288584043199e+21
5.910049135274683e+21
5.962519550063217e+21
6.545726192956262e+21
8.888550059985219e+21
6.567320105720916e+21
7.138192521181813e+21
5.955722865334928e+21
7.774389540386068e+21
6.590416414263508e+21
7.184479464270032e+21
5.381513049728562e+21
