-0.013619920367804857
-0.013453528571587343
-0.01329877581447363
-0.013128755915050323
-0.012998038387069335
-0.012861226900265766
-0.012619781322204149
-0.01248816681595949
-0.01238345457957341
-0.012289969336528045
-0.012177879005097425
-0.012077517348986405
-0.01198212978645013
-0.011852625141350123
-0.011714344657957555
-0.011565155134751247
-0.011463114132101718
-0.011340104845853953
-0.011192902005635774
-0.011132786566248307
-0.011104698837376558
-0.011088370589109567
-0.011008862033486366
-0.01089128595418655
-0.01086217134904403
-0.010794452534845242
-0.010784044331656053
-0.010723038805791965
-0.010720106328909214
-0.010652941594330164
-0.010630946248196639
-0.010690536736868895
-0.010625930302418195
-0.010647119008577788
-0.010671410079185779
-0.010675789014651224
-0.010617022044383563
-0.01062302984870397
-0.010685695206316619
-0.010730869351671292
-0.010755386862617273
-0.010755698741055452
-0.010793649921050438
-0.010759594520697227
-0.010663683239657145
-0.010682034750397388
-0.010663935054953281
-0.010654750552314978
-0.010719863439981754
-0.01075040944493734
-0.01078443551579347
-0.010783342143090872
-0.010870940037644827
-0.010869035583276015
-0.010850868789622417
-0.01080677522203097
-0.010691791457625536
-0.010594339582782525
-0.010596281662583352
-0.010567593918396876
-0.0106161379470275
-0.010628178171240366
-0.01071803066879511
-0.010748177351286779
-0.010775993320231254
-0.010760625681051841
-0.010770795250741335
-0.010785999707877636
-0.01081087222466102
-0.010791946489077348
-0.010802784433158545
-0.010752098520214741
-0.010830318469267625
-0.01084496327317678
-0.010869998900363078
-0.010924947433746779
-0.010962550814908285
-0.010956479394092009
-0.010944704983669978
-0.010996271583896417
-0.011078738406873666
-0.011078099089746291
-0.011111483422036354
-0.011133392456059273
-0.01111236045566889
-0.011102885022186315
-0.01111900909588887
-0.01109948235635574
-0.011086621622626597
-0.01107171718031168
-0.011068122719342892
-0.011127597021941955
-0.011200443182427149
-0.01121488412698874
-0.011184062937704416
-0.011153201959454096
-0.01110166974652272
-0.011076979353450811
-0.011136383620592265
-0.011192245265612235
-0.011220441787288739
-0.011285918678801793
-0.011303308778084241
-0.01137114273240933
-0.011394261009991169
-0.011484951210709719
-0.011515770422724577
-0.01155598835589794
-0.011609242355021147
-0.011587996795200384
-0.011633172917824525
-0.011656239757744165
-0.011624753102660179
-0.01160281516898137
-0.011588643992749545
-0.011624217706804092
-0.011581793140906554
-0.011518045901679076
-0.011549442633986473
-0.011558302792792137
-0.011567814261294329
-0.011523389114210239
-0.01153222952897732
-0.011553256442913643
-0.011477161112886209
-0.011468557311365238
-0.011439223730793367
-0.011407070177105757
-0.011437996806433568
-0.011505826491002853
-0.011513797351374077
-0.011499927637095635
-0.011492808220478205
-0.011460647015617444
-0.011443392645854216
-0.011467676108273176
-0.011457955249800133
-0.011384549779960743
-0.01143337797660094
-0.011478514353243204
-0.011477980906000504
-0.011495022576015729
-0.011537824341884027
-0.01152566377646648
-0.011493498574082668
-0.011415796726942063
-0.011455247107033547
-0.011469204093401249
-0.01148668507543894
-0.011481680864324937
-0.011499861642145193
-0.011558717331634117
-0.011557568237185479
-0.011606561679106493
-0.011617809261840124
-0.0115752792558991
-0.011551088983049759
-0.011534757711566411
-0.01155951629177882
-0.01153412783661714
-0.011550788266154436
-0.01158194223848673
-0.011524671831956277
-0.01155097232415126
-0.011611983108405884
-0.011684953292401937
-0.011693084311599915
-0.01170117064164235
-0.011729027918325021
-0.01170876623632816
-0.011690287263347553
-0.011678089273090546
-0.011648147782454123
-0.011613612407102035
-0.011668941779778555
-0.011751390621066093
-0.011750379376686536
-0.01172974778769108
-0.011706391908228397
-0.011686412932781073
-0.011716707580937789
-0.01173829621133896
-0.01170883488196593
-0.011653859311571488
-0.011648913343938498
-0.011616344563663006
-0.011677775130822108
-0.011747910211292597
-0.011795022352956808
-0.011771413411658544
-0.011721963707644206
-0.011702360757268392
-0.011697319293251405
-0.011689220540798628
-0.011567668215586588
-0.01156614596167436
-0.011591141456021713
-0.01152554597132481
-0.011498957743438391
-0.011502005432087641
-0.011526974204641122
-0.011542272925950014
-0.011506550415204122
-0.011578878688697631
-0.011605237968839131
-0.011596332046274955
-0.011565038404212549
-0.011623683686439807
-0.011588127352297306
-0.011542639695107937
-0.011509693084427943
-0.011485598150354165
-0.01143270914371197
-0.011434000286345298
-0.01144029341924649
-0.011461574727526078
-0.011420962586998939
-0.011435662081035284
-0.011467302948809587
-0.011477973928245214
-0.011501599088884318
-0.011551401749826395
-0.011533663493509476
-0.011466307594225957
-0.011436029179738119
-0.011428309002747902
-0.011387487844778941
-0.011444712215318129
-0.011495845693235213
-0.011480480317886059
-0.01150536062912299
-0.011541965417563915
-0.011513512595914877
-0.011499053125198071
-0.01156141863992581
-0.011557941138744355
-0.011550632506035842
-0.011575513906203783
-0.011537310108542443
-0.011485689190717845
-0.011443281732499599
-0.011434788242555581
-0.011458181417905368
-0.011519530659111647
-0.011542761941941884
-0.011553709524182172
-0.011465150934572402
-0.011474209278821946
-0.01145699485563315
-0.011409396291352236
-0.011419694526837422
-0.011476774470737347
-0.011503384076058864
-0.01152373543725564
-0.011467628653805989
-0.011541652392882568
-0.011501200669086897
-0.01149804051965475
-0.0114663295304546
-0.011469480925454544
-0.011549611289340716
-0.011563514258999092
-0.01153588740584942
-0.011558708133032688
-0.011537609278009488
-0.011500783723134261
-0.01153659039678482
-0.01152296496125368
-0.011489308439195156
-0.011459510372235224
-0.011522612806696158
-0.011518252239777491
-0.01152012669123136
-0.011503075722318429
-0.011456397791894583
-0.011496868643623133
-0.01147529180519856
-0.011476189657472647
-0.01141919528062527
-0.011382751095180329
-0.01141086107549759
-0.011475628686065857
-0.011513705666248614
-0.011611108166667132
-0.011574366273215184
-0.011616382633264248
-0.011579661816358566
-0.01157981138676405
-0.011574315394346531
-0.011530842531759006
-0.011527488022469556
-0.011555239572547948
-0.011617990755117857
-0.011672434053168847
-0.011687152202312763
-0.011711256249019733
-0.0117085226596548
-0.011686214446448363
-0.011679324479057238
-0.011674164837369551
-0.011736272633648836
-0.011665817694022106
-0.011599553920901739
-0.011532777762756899
-0.011563273977774841
-0.011590057109984068
-0.011587701809520904
-0.011597190367487761
-0.011593968249284305
-0.011607641053314393
-0.011597986247103948
-0.011579451366112782
-0.01153722214870728
-0.011480600286561709
-0.011519285778586682
-0.011426319396839692
-0.011408599208180721
-0.011351396272388788
-0.011386223739156357
-0.01142049850179599
-0.011439109751238272
-0.011478726107340593
-0.011542984886238209
-0.011547604489784974
-0.01158189825140513
-0.01162484993155186
-0.01163274311962036
-0.011581440828740597
-0.011586356177352942
-0.011535708448634698
-0.011456505581736564
-0.01142325048836378
-0.011350661516189575
-0.01141440040216996
-0.01141830192735562
-0.011409726122824045
-0.01147000097598021
-0.011470557577334917
-0.011460536374495579
-0.01145658280987006
-0.011465799421645127
-0.011457739870708722
-0.011509335728792043
-0.011501161367274249
-0.011504923022137238
-0.011552712536202027
-0.01157905264542653
-0.011605576741007657
-0.011604523056974778
-0.011622791479413325
-0.011597221688582347
-0.011572429652397449
-0.01152104940265417
-0.011511914475032916
-0.011505242680700925
-0.01154543376312806
-0.01151213737634512
-0.011481157117165052
-0.011498876560765963
-0.011488337843463972
-0.011468795013542359
-0.011462202897438637
-0.011430030086865791
-0.011389168452184933
-0.011441126795342335
-0.011468223912211565
-0.011493345249730808
-0.011510874832478854
-0.011456642400186795
-0.011407727132049891
-0.011466359690977977
-0.011453592648299841
-0.011450221690420922
-0.011398004525556013
-0.011351387890485617
-0.011355553538753437
-0.011371417515552961
-0.011420268995257525
-0.011463224286070236
-0.011446705245627806
-0.011397178399448211
-0.011374649505775708
-0.011337454072557963
-0.011327156252585924
-0.011350571292524154
-0.011356921723255744
-0.011363594319957954
-0.011321791390386911
-0.011409777603470362
-0.011402981699659274
-0.011399643782239694
-0.011409573400249848
-0.01144863752504954
-0.011416039286324611
-0.011419825700040047
-0.011424462697826899
-0.011436859446649367
-0.011446218550778353
-0.0114090593245167
-0.011396639822767332
-0.011343377699645666
-0.011351711890445306
-0.011363339180556627
-0.01131264094549876
-0.011270054988563061
-0.011196491895959927
-0.011168096128564614
-0.011190494809013147
-0.0111816266981455
-0.011111046044299236
-0.011076147882984234
-0.011109875572415499
-0.011156316574376364
-0.011126106003156075
-0.01108531691133976
-0.011039038876501414
-0.011047666878081286
-0.011015943824671783
-0.011051124893128872
-0.011068010960633938
-0.011149504680473071
-0.011156135453627659
-0.011184056891271702
-0.011175608577636572
-0.011210001861819854
-0.011244900309695648
-0.01124511811022575
-0.011265369347081734
-0.011322378954635217
-0.011350471898913384
-0.011401827848301484
-0.01139512130847344
-0.011381468277138013
-0.011383239881923565
-0.011345722554967954
-0.01128849322692706
-0.011194627373837508
-0.011167959711299493
-0.011197292045331918
-0.011221341416239738
-0.01123044012257686
-0.011228047812787386
-0.011285750152399908
-0.01130242682993412
-0.011270200131604305
-0.011272769091794125
-0.011306244005950598
-0.011316078557417944
-0.011256999278870913
-0.011282388507746733
-0.011319005446365247
-0.011379189860935394
-0.011444024899258063
-0.011471112459324874
-0.011415774160279677
-0.011350250688309853
-0.011287117018722571
-0.011300764791667462
-0.011306507025773708
-0.011322349223953027
-0.011377636701441728
-0.011441298015415668
-0.011440187119520627
-0.011435393387308488
-0.011479609875151744
-0.01150377974487268
-0.011531507266828648
-0.011555354268505022
-0.011448354904468242
-0.011376645559301743
-0.011375720225847685
-0.011403932895224829
-0.011434864209821592
-0.011461167252407624
-0.011446781857655599
-0.011448847932311206
-0.01148682299714822
-0.011527651419433264
-0.011473518094191185
-0.0114681096174396
-0.011473847796710637
-0.011452467653613824
-0.011491787791825258
-0.01149114454881503
-0.011502162768290592
-0.011530472395511774
-0.011555826821579383
-0.011542917386843607
-0.011600475314144905
-0.011601197461669262
-0.011646848902679406
-0.011687556725855057
-0.011720456526829647
-0.01173187935581574
-0.01173753787118655
-0.011671068891882897
-0.011611711305494491
-0.011622601188719273
-0.011655848373014194
-0.011620653191438087
-0.011603006734870948
-0.01159426044099606
-0.011573084415151523
-0.011497841101999466
-0.011413334224086542
-0.01139886832007995
-0.01136834300481356
-0.0113449335241547
-0.0112856278482538
-0.011290138974212683
-0.011294679759213557
-0.011351207457482814
-0.011390226191053024
-0.011409717010190853
-0.011415897954541903
-0.011425346279373536
-0.011420213875289147
-0.011433070869399951
-0.011446376632039363
-0.011450935785587018
-0.011486783709663611
-0.011444202939478251
-0.011457669706298754
-0.011446822663912407
-0.011454218282149388
-0.01139253514030805
-0.0113534819907867
-0.0113669349740331
-0.01132715603766533
-0.011310724799449627
-0.011400806287733408
-0.011358969157131818
-0.01133758401354918
-0.011318968451366975
-0.01134985639498784
-0.011377832049933763
-0.011441126795342335
-0.011440996997631514
-0.011465900305372019
-0.011502201539965777
-0.011449998344939488
-0.01142013305081771
-0.011389180688330761
-0.011380022033475913
-0.011361794259685736
-0.011395673683056464
-0.011469843983650207
-0.011465699426256692
-0.011431181015303502
-0.01143727910060149
-0.011446254886686802
-0.01148760742866076
-0.011475521340393103
-0.011429090368059966
-0.011392029876319262
-0.011436677953371634
-0.01145648811585628
-0.01148169504908415
-0.011566363045802483
-0.011611482601326245
-0.011574466182635381
-0.011557322024152829
-0.01154978394221801
-0.011557383434130595
-0.01158129759132862
-0.011644838162912773
-0.011685994511040357
-0.011707147368444847
-0.011695598868223337
-0.011721325780336673
-0.011699288166486299
-0.011710623666070974
-0.011675254527765971
-0.01165687947605665
-0.011683844731977353
-0.011710102211397427
-0.011738239601254464
-0.011774186446116521
-0.011711903991034398
-0.011727454341374911
-0.011700618954805227
-0.011689622499621832
-0.011694528950521579
-0.011689495782439526
-0.011628543958067894
-0.011551945556241732
-0.011510586752914465
-0.011492653076465313
-0.011539657700520295
-0.011557930077497777
-0.011546960000235302
-0.01157227443674436
-0.011651989086889303
-0.011650121555878567
-0.011670597614004062
-0.011679191400225346
-0.011642784969164774
-0.011675612069666386
-0.011686494043813302
-0.011666683666408061
