2.755160089639517
1.4396510362625121
1.2030220792843744
1.0526841622132521
0.9072194938476269
0.7530326265555162
0.6521617761025063
0.5867733579415542
0.5239961101458623
0.4618921284492199
0.41990270270751073
0.351001517360027
0.29936079050485903
0.26867994436850917
0.21992963495162818
0.20803030316646282
0.17099235848738598
0.1597310203199203
0.1573711935717326
0.1500294524889726
0.1287482709838794
0.12414989786652418
0.11207954356303582
0.10194975808262825
0.0991919251015553
0.09340886204288557
0.08667189799822293
0.07467559802417571
0.07140417302457186
0.06766371130943298
0.06191588846536783
0.060156891351709
0.06682465380200973
0.07123672228593092
0.06682239001473556
0.06529269533661695
0.07282113203635583
0.07855871675106195
0.07300410287884565
0.06276261631685953
0.06492211151008423
0.058218973932357934
0.06345383583639677
0.06272745163967976
0.06253801446694594
0.056013084704486224
0.06394049242998545
0.05753655554010318
0.06310629354646573
0.05420666838494631
0.047807421535253525
0.04737353375038275
0.05254599149697102
0.0560555966427693
0.0598581558236709
0.05788073324813293
0.05338078304552115
0.054974108303968726
0.05852370176177758
0.06005539471426835
0.06497100471304013
0.05863566602078768
0.053413422792576826
0.047112677360956486
0.047546595406646915
0.048346281997286356
0.05401465434294481
0.0521456807708511
0.059754021695026985
0.04948101201309608
0.05063360849252114
0.04829729930139505
0.045964498603000094
0.04613369770634633
0.051524506853177
0.04359378079668834
0.042656334231679256
0.04457268968511086
0.03656197231836044
0.03867198148599038
0.03847397160358154
0.0435769648792652
0.04941383697665655
0.054797575852045644
0.046675811593349166
0.04684199461570153
0.059005442949441766
0.054394499169519314
0.05903878590235343
0.05414765842545491
0.05313489233645109
0.0472905520349741
0.04426323476319129
0.04112420832881561
0.04103309523600798
0.03994465672339385
0.037678198272792195
0.03927133761059779
0.031056995030779105
0.03314622113337884
0.04066882418611875
0.03494494373981769
0.03417632443687091
0.035059967178564806
0.03794190119951964
0.035372444758048426
0.038863751105964184
0.05830461996106001
0.05037913551697364
0.04914644460838575
0.05094627597584174
0.03704339715723808
0.03170436970316447
0.038919520664673586
0.03860218232640853
0.03632382362221296
0.029338000055689078
0.038008506309527616
0.03396302775408213
0.034254734261104695
0.03700383033316869
0.0353515815992768
0.03675809578540234
0.03299166984283007
0.027925488195167138
0.02644610942269747
0.030145283172336907
0.03373943979923542
0.03541116710179127
0.03357095585133021
0.03418619420665961
0.03597218382817048
0.03242975194007158
0.039089394833606024
0.033604787633969235
0.034253944384937104
0.03509955550902165
0.03755353054461571
0.036098904234285537
0.0354842374387842
0.03319064006209373
0.03572604451328516
0.03345608454770767
0.05371701565499489
0.0415453460210791
0.03863429670723585
0.03412369151528065
0.027589290015972576
0.028516741139957537
0.030764854240875977
0.035935032453674534
0.029667472653090953
0.04325964180036233
0.028935805020424036
0.03138750098072565
0.03769037051556202
0.03327765555049365
0.02893939697398589
0.025899206259502816
0.031101378612220287
0.02891964615824131
0.03006145004183054
0.0304745027795434
0.02882810879785281
0.02742483398089042
0.03337103806149501
0.03530565712314385
0.025667499464291792
0.026204551111620206
0.02501739449799061
0.02233576147029033
0.023154452987588368
0.02461201736273674
0.02630409042422588
0.028706432649722467
0.025185618850474174
0.022938162160034362
0.0318417203397705
0.02681717874052433
0.02329517604353336
0.026684138837915202
0.027070946647570683
0.026882175341821635
0.027602299933250134
0.02903299404738041
0.028704248683956952
0.0276942141354084
0.025040274414305504
0.024978637423079746
0.025874495850159572
0.02605347513006284
0.03193331974057051
0.029278135356994774
0.02833758843346284
0.029618152531866844
0.026982472134897344
0.025674074272123665
0.026864052549577678
0.02735571775298852
0.02411425317136141
0.028188939005709613
0.022778618378707996
0.020594165173287576
0.02345018067325537
0.02386327188175458
0.020985494854931647
0.022068695193873
0.023756409293183914
0.023451525245148402
0.02800421276344703
0.023586937297995273
0.03285729482483405
0.026057091957101455
0.02659745653374837
0.02664077918116863
0.02944111331151082
0.02856945087416814
0.030068744160234927
0.02849511578679085
0.027409380889282776
0.02710866599988479
0.028710239251645713
0.024049289868428157
0.02776094963057683
0.02503838653747852
0.031081136473669457
0.024558338007101645
0.03246547670031969
0.03324294972878236
0.03254474957401936
0.029316218827779475
0.038893989358957
0.03603268947738868
0.03420070664813885
0.02846685839960208
0.026974479037408645
0.027280701481952118
0.027886402119810763
0.024156036471518188
0.022738953135334528
0.028354048499694237
0.0233641241892026
0.019708158118793596
0.021488021299816095
0.02020318852021144
0.021171448995860723
0.02162574128462718
0.023102893880926647
0.023376988490613607
0.022803130889168154
0.025019795719820718
0.03219273322476791
0.025775148203739752
0.025083866385886302
0.02348857821466831
0.024893905308384163
0.025994205904694704
0.02355351882198682
0.02646365615610893
0.02378958917867679
0.02381143312041576
0.02063749312208249
0.025238562074418252
0.023510999490435308
0.025690024833266552
0.021758840089807142
0.026537230682487672
0.02694038518059712
0.028230660007550167
0.02651373947469088
0.0266437307286721
0.02799200563190075
0.027744501141401437
0.02690002489835024
0.03337483706955726
0.042331566532643944
0.029317728358392532
0.02932503352371546
0.029032140354124398
0.030855508105686078
0.029898490126316363
0.03266667689268406
0.02799395676702261
0.030191078796409643
0.029643986417123906
0.031801298131736426
0.02799781092370932
0.03150255511013361
0.030878274157070198
0.028898990283218715
0.02803600179747893
0.029522430954071192
0.03408662850180497
0.029891750359764466
0.026223013578699186
0.026579201679963332
0.029696138948202132
0.026773998915002897
0.024970419131792508
0.02663395764449468
0.024036372352678043
0.024234984499903824
0.023149358882353855
0.024487104997611964
0.024012018453616363
0.02896460912262018
0.029033551680353972
0.02635954271715421
0.0320110970391677
0.027217260046074023
0.028906239984700315
0.026148489877008473
0.024397949731120697
0.030710482095869688
0.02773564141243696
0.026749812911909362
0.027577930832138428
0.029109998018695758
0.026355638842170057
0.02692974550792804
0.030236165297146025
0.0297737366018387
0.0330917030859452
0.02796126204327895
0.028636752326901143
0.030691313929855822
0.029149973679047366
0.029042707727505612
0.031896463595330715
0.025924470132360093
0.025195477487376102
0.025554601260675835
0.023809068377774495
0.024789332455167404
0.02341422106211002
0.02435986389620946
0.022576981768585167
0.024213618226349355
0.02502234741472281
0.02640965161128686
0.026181270755254307
0.025058710374511205
0.02750440831654347
0.026351675749398194
0.027163721420443977
0.026558852625580935
0.027091398763541993
0.027815566340891214
0.02780289134153953
0.026633855012746958
0.025843597074540762
0.026750803939425027
0.02676812863120666
0.028236584451336127
0.02709929719567299
0.026961319621365804
0.024981774074526935
0.026749194485063736
0.02411597415518302
0.026549019621541867
0.024995638630711116
0.023421816642467792
0.023706609626802114
0.02625942902209667
0.026540894319231692
0.03085802521270055
0.0274014215486554
0.030652807065500665
0.02766960092748587
0.02862229420302006
0.029901150900584
0.029246744140982626
0.02676194437707846
0.026666423621085972
0.025100889529746314
0.02639712318778038
0.029654107386103044
0.027767523105901023
0.028398455851353133
0.026413476266540014
0.026664824755145953
0.030918785972663988
0.02584959969211083
0.02802381545591813
0.02665158828290609
0.028625070977096375
0.0297203972362555
0.026725199976219582
0.02827400014950679
0.0272407239732834
0.028396218012158688
0.030417399351986556
0.027860921406402037
0.027002944611012936
0.026443200701704393
0.02975087779072615
0.029823363271470255
0.02800297148239154
0.02937496922050531
0.026293532493022773
0.030036798090888904
0.026743066282226488
0.028343729875408685
0.027170746257671942
0.026003220834984228
0.02637842329075703
0.025843977011167085
0.02783853974766456
0.0271687857233561
0.031109991010565025
0.029680915406117073
0.02844370682365619
0.028034811638868774
0.03041661698371172
0.031223026075615334
0.03204594896389888
0.02904290254586018
0.02853295595313494
0.02972726811869786
0.030626246003577343
0.02912621622761855
0.0286139563155862
0.02756772024127153
0.027036519520557845
0.027691131056501315
0.026615920906456616
0.028235661353056246
0.027686375967012
0.02803184324159072
0.031196133634791925
0.03018075224871819
0.027786913313544714
0.029508597346452566
0.027402284941994228
0.028193967474194673
0.028268485258405026
0.027380398804178606
0.028130231238901616
0.02406933459524925
0.025422878534748006
0.026004082709550857
0.024814254704576273
0.023631608213942785
0.024649080748741444
0.02508189769891592
0.027407813545029896
0.027093994717758436
0.027818745503631923
0.02592029021336482
0.028260950428935196
0.027639818420776955
0.025365435518324375
0.024176201740136512
0.024355206452310086
0.026664266305474135
0.025963755897604503
0.027211887446733623
0.028307911151876815
0.027983348429776154
0.02829732927851952
0.02909981535317806
0.029690172150731088
0.02938083064957307
0.0301103361380788
0.027424387791408943
0.027781545155896592
0.026432964119773646
0.029199443843502263
0.02843741267346419
0.030121513714010898
0.03017609572181335
0.03008056002167555
0.03041853765742137
0.027220754912839484
0.02704299118083257
0.0276097738972077
0.026526980603543613
0.026710914433575594
0.03005724510607811
0.029465414082201626
0.029036996613901394
0.028295219245438392
0.028120841157550994
0.028095531363326768
0.028791738702700687
0.03109492130864125
0.027309529712566963
0.027369686918189893
0.025684138100880844
0.026429559705922236
0.026799007662786888
0.028818245733586642
0.026593785159862958
0.027623089159337373
0.024609754521113174
0.027102415793790267
0.02660002877505926
0.029270711469535644
0.025282734002058323
0.027396127166083226
0.028660640177818445
0.02738445425549379
0.024626746085973886
0.026227823086082937
0.02921426440947331
0.026600230757433636
0.030142269426813494
0.02843619895955691
0.028008691780269147
0.02793288342654705
0.028469963973531357
0.02999670601521547
0.028641156995525725
0.030943143281799097
0.028789323955201184
0.027779507422103333
0.028792049965033165
0.028353847133425567
0.028605942814969098
0.025195368379354478
0.02790495430907378
0.029215497695482696
0.028048141229038055
0.030308028052632625
0.027325095737782808
0.028177450840862896
0.027397187727575118
0.027430013667505523
0.02753714026453403
0.02645079715607258
0.0270117600233509
0.026398271737763514
0.027382313144894747
0.03111208468102492
0.02951775875229102
0.029318080570262212
0.026472740348141927
0.02749775473314982
0.028707495646981093
0.027957277802320626
0.029431270406796384
0.03106450280891015
0.03137470267426509
0.02828067195816682
0.030408114209198034
0.036816105518776635
0.029509261522728664
0.029455586594457808
0.0315266856780419
0.029951985108737762
0.030073447683109687
0.031288837727445826
0.028485424959888823
0.03121177124289366
0.03070548908928266
0.031354427266006284
0.0322190625879627
0.030165610634363616
0.030813394615856502
0.028584345114918856
0.027796597334627922
0.027649426359969836
0.026561182278853197
0.02628208172435944
0.026500759517344145
0.026415198898086183
0.025758382821312317
0.028727432197103133
0.025509031976644808
0.02866237177871741
0.028423820478984944
0.029550773048630127
0.030527677888480518
0.027776514180004597
0.027937847003340722
0.0280059167685417
0.029117367416620254
0.028931757965340064
0.02906930299045948
0.029969846328290608
0.0325210757410297
0.030752420797944068
0.03277168369923646
0.030648620426654817
0.032417367570675336
0.030372727762621184
0.028176529777164644
0.030767462560190605
0.029594116829908812
0.02732341564618624
0.031000066190384902
0.03010550797558748
0.029627811220976023
0.03069662252584329
0.03425169989753228
0.032440455831014195
0.03037860651428883
0.03312722367162888
0.03133454633733401
0.033647207399973504
