2.773807949286241
1.4575652250876794
1.2200806920345013
1.0705806053601779
0.9240421959987053
0.7705235802210294
0.6687315725363218
0.6033406578577482
0.5413758594256181
0.4782004415988922
0.43581412938924935
0.36691932746997247
0.3154498242414915
0.28443409754679755
0.23493465162240543
0.22273828456035027
0.1870109332868686
0.1745749070094182
0.17273931021873767
0.16503203740486733
0.14312014912183468
0.13885661827830167
0.12678502958554488
0.11588462298879257
0.1135061414195941
0.10733485537079665
0.10129905182581682
0.08879199784535628
0.08564806723823915
0.08151573650538921
0.07552300078364518
0.07369578460661265
0.08078614587967213
0.08508162865271936
0.0802793577599984
0.07951620479042713
0.08682948362368803
0.09240351468324662
0.0869971810052028
0.07698106556557692
0.07870141047124679
0.07194016699034433
0.0775689735292242
0.07656532783920948
0.07596832955112824
0.0698512471639193
0.0781313125617229
0.07106081244464103
0.07675669743464543
0.0683144886046648
0.06132938887637395
0.06136131166265561
0.06620924091682984
0.0699655425376617
0.07424446516312086
0.07166129582776473
0.06742599480427229
0.06867504965227383
0.07208224062163096
0.07319485648320272
0.07868463242283234
0.07194314123346256
0.0668351155347549
0.060712998331739355
0.061421346950989504
0.06186665826692031
0.06783670903398441
0.0656244138112435
0.07299677302631048
0.06343360299674364
0.06403350987686561
0.06213346991974574
0.059456502159054465
0.059553719225984354
0.06537237151597555
0.05760846014779348
0.056158668433244414
0.0585070915806752
0.050654515280173375
0.05232159781914491
0.05249647893584691
0.05780283433313553
0.06290992928239016
0.06860014641514191
0.06036651627375529
0.060991801894628085
0.07276626424147532
0.06778132224885317
0.0728220362502795
0.06804701479581686
0.06677857966950307
0.06127115929355988
0.05862884160417777
0.055918216246825
0.05566562961500424
0.05398165354361901
0.052200901594299534
0.05309445872329749
0.04505648552798308
0.047254844497029595
0.05449886029729476
0.04900443221514041
0.048424262467485206
0.048894036847811476
0.05163659911889296
0.04938062991087253
0.05315122701800787
0.0728151108783025
0.06468281745910645
0.06391955619821181
0.06511120589879843
0.051205928709644535
0.04597661386315639
0.05301735871113264
0.053285020159987304
0.05110414495261816
0.044095704790491325
0.05231497516998878
0.04886157039839488
0.04858617169352678
0.051597365822929606
0.050029359958492794
0.0510313730686903
0.04736870083098228
0.042208581818984105
0.04152009684879046
0.04451709879705539
0.04831998749421193
0.049481027687971406
0.04821410187735008
0.04882093696640088
0.05021080300211907
0.046584700047969815
0.052982755492512995
0.047800690995959134
0.04868219460432346
0.04937903967041236
0.05241373201402334
0.050378090401108445
0.05018699765205383
0.047538903527534926
0.05019510646279041
0.047694388318520325
0.06804382319633777
0.055912471533967896
0.05274420687212394
0.04805806936839452
0.04179970424335736
0.04295505993068218
0.04550874210320986
0.05063060502020212
0.04411856001959397
0.05750395624110332
0.04365087959628839
0.04619423039257527
0.05237112306058407
0.04794362929578011
0.04406392147334722
0.040222413694629304
0.04573638542340352
0.044050837451448804
0.04499082376177494
0.04482049368895017
0.04315554178678072
0.04233913215307089
0.04779580450401856
0.05026798001848734
0.04074335594016772
0.04121116055892064
0.040042295278264924
0.03765135381657344
0.03810804271354125
0.03968930235848977
0.04119053626289734
0.04336260869525946
0.040024501027969214
0.038183807323758416
0.04691048450767994
0.04156310925116906
0.03832631681400996
0.04160319383327778
0.04189918966820607
0.04211455500469758
0.0422478437423706
0.04358174772216723
0.043044870260816354
0.04258893648019204
0.03985277569064727
0.03943902016259157
0.04088447480820692
0.04111361486407427
0.04669426312813392
0.043904801572744664
0.043168595261298695
0.04411311628153691
0.042093663863264595
0.04005992552981927
0.041511595249176025
0.04166777125344827
0.03900209232591666
0.04238418687421542
0.03795532400791462
0.035290269639629585
0.0385490436393481
0.038278920719256766
0.03561451452282759
0.037163089588284494
0.03851832907933455
0.03821303302852007
0.04259291752599753
0.03865893649367186
0.047323954449250145
0.04044910984543654
0.040838534900775325
0.041179154670009245
0.04354150172036428
0.042869397166829845
0.04490569580632907
0.042916777529395544
0.04177585553664428
0.04143686394851941
0.043284331634640696
0.0390791194083599
0.042024947960789386
0.03942815306094977
0.045149708940432624
0.03900736329647211
0.047169018135621
0.047245684180122156
0.047329710137385586
0.0437719948303241
0.05331198750780179
0.05040417700432814
0.04881389585251992
0.04295744340007122
0.04150173076643394
0.041295480957398045
0.04198786538953964
0.03873777833695595
0.037308247903218635
0.042516499929703196
0.0372659392368335
0.03389631555630611
0.03567330854443403
0.03454510460679348
0.03586487469191735
0.03611748943535181
0.03715879785326811
0.03750738120422913
0.036845718925962084
0.03905437147388091
0.04614831057305519
0.03972861488851217
0.039367838862996836
0.038167003685465224
0.03945539691127264
0.04041465644079905
0.03751372617597763
0.040824341372801706
0.03842310458421707
0.03759611721795339
0.03523325613484933
0.039476843378864805
0.03800945135836418
0.04010697288008837
0.03644673122236362
0.040904625677145444
0.04178014836059167
0.0422969471090115
0.040814141012155095
0.04089576656428667
0.042426612772620644
0.04235446905860534
0.04151306547797643
0.047474838735965585
0.05623531046395119
0.04372903971144786
0.04407363602748284
0.043424782042319955
0.045252443076326296
0.044414424982208475
0.04709392344722381
0.04304822680468743
0.04475167092795555
0.04399750123803432
0.04643011686320488
0.043001134779590826
0.045855322107672694
0.045037116998663314
0.04375030616155037
0.04253503127166858
0.044486964035492675
0.04827502771065785
0.044952396704600404
0.040948219826588264
0.04124444559789621
0.044747052857509025
0.041516285934127296
0.039846356585621835
0.04106339110204807
0.03871234853107196
0.038730007839890626
0.037805806358273214
0.03843658620921465
0.038374716559281714
0.043360417852034934
0.04361782793242198
0.04104531725438742
0.04678984204163918
0.041789046331093864
0.04322503360991294
0.04090140103720702
0.03914326670078131
0.04525828960423286
0.04215120432468561
0.04127460801257537
0.04191708900034428
0.04345711610065057
0.04091122322357618
0.0412764612871867
0.044717108085751536
0.04417082962508385
0.047289372292848735
0.04275802388214148
0.043147599869049515
0.04527450713973779
0.043973009746808275
0.04375581887479012
0.046097416000870556
0.04063297386925954
0.039777500812823954
0.04006287859609494
0.03858237661994421
0.0389244225449287
0.0378332359286455
0.038574857293413235
0.037710420328837174
0.03842540592528307
0.040365357181200615
0.04132080562412739
0.04062457457184791
0.03934740309531872
0.042053608453044525
0.040639170373861604
0.04184038438476049
0.04060926428781106
0.04146093918153873
0.042222893753877055
0.041998728966483705
0.04106519050323046
0.04051264455685249
0.04144340300789246
0.04132526505451936
0.04280230039014266
0.041668115412959686
0.04128166374105673
0.039170773441974935
0.04139561693255718
0.03900389060951196
0.041341357964735766
0.039213153003500055
0.03769807365651314
0.03853231181318943
0.040890244595133345
0.040947187434022245
0.04511122267979842
0.04167012861714913
0.0453180164958422
0.04229469494177745
0.04297869062194457
0.044551648314182575
0.04348765591589304
0.04130599590448233
0.041082804134258855
0.03951487188728956
0.04092403584374831
0.043604447377415805
0.04177479635064418
0.04267795518613779
0.04096424353237336
0.041441687110524913
0.04517022425738665
0.03982017427109755
0.04216827701490659
0.04100834426398461
0.04295796571442714
0.044110139402059406
0.04128912928012701
0.0427076503347892
0.04193719092469949
0.04269311820658354
0.04527011336042331
0.041889599137581314
0.041114310175180434
0.04065851193781082
0.04380783802614762
0.04369312146535287
0.04217247412754939
0.04324727032620173
0.04038516346078653
0.04451546542919599
0.04102176189995729
0.04239118944566984
0.041322566884068344
0.040590267943648194
0.040299426219784294
0.0394574419523661
0.04140485631158719
0.041256427592956106
0.044929998797866015
0.04341791696273364
0.041989480761381294
0.042227392443097554
0.04418771862983704
0.04510629541025712
0.04620233679620119
0.04248492886813787
0.04214657447659052
0.043668331721654303
0.044247982221154065
0.043190704085505925
0.04289281522998443
0.04176319473637984
0.04107667809495559
0.041690303872411065
0.04111149213635004
0.042635395062657504
0.04191164337098598
0.04230031812420258
0.04504441131766026
0.0447346355766058
0.042352865750973044
0.043462763726711276
0.041862888347644074
0.04248223513937913
0.042540787590237765
0.041558411688758776
0.04174887830248246
0.0383226090325759
0.03974812821700023
0.04034577702673582
0.038811870922262855
0.03781432159818136
0.03925450793825663
0.03961382860747668
0.041628104219069845
0.0414212943556217
0.04208534589180579
0.03996392669012913
0.04227352342926539
0.04187692905274721
0.0391290260049013
0.03863145640263191
0.038902787061838
0.04101282561627718
0.04039974264227427
0.04153626644267486
0.042657888652040406
0.04216601295539966
0.04261740930378437
0.04376401912707549
0.043546517136005256
0.04352675180595655
0.0443303676465383
0.04198067414645965
0.042976489376563294
0.04094032143744138
0.04340746861237746
0.043296948791696474
0.043907853559805796
0.044759690560973606
0.0441224158096772
0.04438672329370792
0.041724450485064436
0.04175462321593211
0.04194497179526549
0.04079173201551804
0.04124331892682956
0.044218644700371304
0.04343955531143225
0.043632167033278026
0.04299583638516756
0.04230122440136396
0.04284477629340612
0.0432826664012212
0.04491688841237472
0.041790478590589306
0.041907955333590506
0.04046828468831686
0.0412398760421918
0.041641691212470716
0.04368503397473922
0.040933547312250504
0.042411742474024114
0.03994911482127813
0.04178560135456232
0.0404180470854044
0.04389468964475852
0.040080238276949294
0.04251414242272194
0.04282115078889406
0.04197653351494899
0.03986213531058568
0.04088380213540334
0.04336630879686429
0.041474657219189866
0.04415507138921664
0.042998097808315205
0.042246480286121366
0.04190198274759146
0.043122610507103115
0.04431785903871059
0.04257821157001532
0.045156064056433166
0.04318636724582085
0.04223472888653095
0.043065459567766924
0.04235662640287326
0.04284584505053667
0.040108390696919884
0.04206767735572962
0.04394613816761053
0.042437909342921694
0.04499638874370318
0.041865595573416126
0.042355580885822953
0.04175068483902858
0.041854463689602335
0.042215140278522786
0.04097643680870533
0.041943254637030455
0.04095550113572524
0.04180940289336901
0.045265182107687
0.043761213353047
0.04359903335571289
0.04097653100123772
0.041676143212960315
0.04305642886230579
0.04232188064891559
0.04338141238460174
0.04489270669336502
0.04585026055574417
0.042835204331920694
0.044951375975058626
0.051088054105639456
0.04464668789162086
0.0436890081430857
0.045819231781821984
0.04446200355887413
0.04428786847453851
0.04556457835894365
0.0430913767275902
0.04562336364044593
0.04537484941001122
0.04609501614020421
0.047034047343409977
0.04449685379289664
0.04554818129310241
0.04303258158839666
0.04275797946521869
0.04156183480070187
0.04128460296644614
0.04087782510771201
0.040683710030638254
0.041091803661905804
0.04020423602599364
0.043225515834414044
0.040598260296078825
0.04361313504095261
0.04348987183318688
0.044288165408831376
0.04500632738837829
0.042590842854518154
0.04269102998077869
0.04237418128893926
0.04353054910898209
0.04352098187574974
0.044575817653766045
0.04516479017642828
0.0470426221879629
0.04606936101156932
0.04736122520497212
0.04581089163055787
0.04689329008643444
0.04506079299518695
0.04287877572843662
0.044872081738251905
0.0443022611622627
0.04197857864201069
0.045206370835120864
0.04457487529860093
0.04441329303842324
0.04495997405969179
0.04861020099085111
0.04733743424025866
0.04539270160289911
0.04786369026853488
0.04595167201298934
0.04839881182863162
