-0.005027967415616926
-0.004460655777535335
-0.0037598418806228896
-0.0047676832915016665
-0.003824671401014489
-0.004629723868469973
-0.003950012177100713
-0.004079132638582659
-0.004996293167217002
-0.004018342950856771
-0.003733545565707038
-0.0038402930846628373
-0.004106906438096768
-0.003901528474976355
-0.003290672990456537
-0.0031428262786490015
-0.004555460070487814
-0.0035037822854768856
-0.004175215968529418
-0.0038697990380639497
-0.0032671799686312193
-0.0036183494806699365
-0.0036966239230925963
-0.0030435790427348437
-0.003452044721764849
-0.003131540986097511
-0.0038431094077295597
-0.003393361410526525
-0.00352378801925643
-0.0031990837172565525
-0.0029761663252556784
-0.00284835625534385
-0.003335561784418495
-0.003197786730315841
-0.0027855581670293483
-0.00354771990387998
-0.0033913299800225477
-0.0032217682047583087
-0.0033073832395771876
-0.0034875795875355317
-0.0030239120598377104
-0.002965494406616041
-0.003321488330749906
-0.0030782818126948498
-0.0027666319414175046
-0.0031561278251328526
-0.0035268851472490216
-0.0028695064096406113
-0.0029305405835663794
-0.0033574105023575964
-0.002737531965633686
-0.0032044356876912597
-0.0027923088033835835
-0.0030409107640022325
-0.003535440983955432
-0.0029737874170169113
-0.0033534201353406156
-0.0031066023765166763
-0.0029622575521128826
-0.0025718679576746885
-0.0030974891902206337
-0.0026792973553997107
-0.002703662130565377
-0.0028521438463991115
-0.003098758176532685
-0.0027597504082859242
-0.003051259299266797
-0.0026927334222354585
-0.0024318790054090656
-0.003160644671762688
-0.0025971169993827888
-0.0030840724108453484
-0.002661684770124857
-0.002575058266558727
-0.002977865928859011
-0.0030897320976399157
-0.0025397834202878222
-0.002977922905041197
-0.0031478381186166287
-0.00265334489837963
-0.0029437687806205073
-0.0031477703194271456
-0.0023846088044910765
-0.002669178443974887
-0.002578344532834614
-0.0030469225021320903
-0.002641812420819139
-0.0022873401842112583
-0.0026966287590003465
-0.002827639149498255
-0.0025755647692008734
-0.002853010034416089
-0.003165163531916954
-0.0035791240146564917
-0.003448471599940796
-0.002883794733711479
-0.003421033924434112
-0.0027461416425486273
-0.0028631069787333303
-0.0029163782333458954
-0.0026095941435480305
-0.002773569740604602
-0.002944629100554132
-0.0024629268009143165
-0.002300437380959933
-0.0025232336296705207
-0.002771705551866897
-0.002954502750349
-0.0026944395849593985
-0.0031851152088897073
-0.0025317571678134146
-0.0025062918496797254
-0.002647491387772159
-0.0024950230686979907
-0.00309419360198447
-0.0031561037019270472
-0.003175911713735297
-0.0027884232450884764
-0.0033491000008268384
-0.0027731348323878154
-0.003025720875982054
-0.003154389312229178
-0.0027410475512440074
-0.0028237748471093976
-0.002805932462273434
-0.0036054303532926653
-0.0029325919882231834
-0.0031734774525192713
-0.0026318637999370336
-0.0031373196317143097
-0.0031209454677349367
-0.0027386917630862558
-0.002662139847262181
-0.00243271335840335
-0.0027525105622619034
-0.0029605742684977415
-0.0028215290378157194
-0.0034756517874688013
-0.0028458083618480745
-0.0032242455524722183
-0.002870282388358372
-0.002974039756927403
-0.00270047933498928
-0.0028011437096315405
-0.002873627188686937
-0.0026941132708228764
-0.0024791308764153704
-0.0027412098722220594
-0.002951633804048254
-0.003262206879136081
-0.0031957107993758477
-0.0028923699758395174
-0.0026867463470597822
-0.0031085130191733047
-0.0031889202291860825
-0.0031054731204581123
-0.0031148846791890237
-0.0035897669485477944
-0.002763691079454079
-0.0031008787600346984
-0.003580402765505281
-0.0033474313750073616
-0.002821318836305928
-0.0027764607162883937
-0.0033023150052056685
-0.0027398132933129753
-0.0032692385359286372
-0.003374685931395596
-0.0032775816594236675
-0.003316134411472845
-0.003625305275702641
-0.0032755005941914454
-0.0034291374236580362
-0.003272833804157612
-0.0029872339512844286
-0.0030874914287409728
-0.0034952656117734357
-0.0033390163363412827
-0.0030395389361199537
-0.0033447276055759436
-0.003202347554654877
-0.003089946869933643
-0.0035235448864673695
-0.0029916844776036937
-0.002899840282944028
-0.0027242769218260923
-0.0032169471024333053
-0.003064591018231183
-0.0026653606122445297
-0.0032385656034516494
-0.0033381761769210364
-0.0030585824095613117
-0.002929346903636962
-0.0031417862519307303
-0.0029272954660361037
-0.00354504586243279
-0.002794710111823033
-0.003121996805953295
-0.002813095778671147
-0.003385833560371478
-0.0026682736612392358
-0.003634432855395039
-0.003189553897421832
-0.003519984188606795
-0.0028104107194741263
-0.0030326876920451166
-0.003529356092530453
-0.003138236001800864
-0.0031733805713527906
-0.0030460649734854006
-0.0035623059603777756
-0.0029810615769187837
-0.002959308552517477
-0.0028070779971658753
-0.0030980819863581886
-0.0026388137301729705
-0.002878983550064121
-0.003401289804701171
-0.0029543586369524194
-0.002888500557121921
-0.002826598727013368
-0.0030226908548894034
-0.0034961658814602753
-0.002797690693232792
-0.002953737629767298
-0.0026402636042097316
-0.0030615374353795545
-0.0032588294598803157
-0.0025068885344757324
-0.003304480214712536
-0.0029504157004428596
-0.002876032631615521
-0.0028579752160742197
-0.00311413593407343
-0.0029291660472751846
-0.0029693109461108864
-0.002464146825529148
-0.002525949313784004
-0.0030444316950445924
-0.003083605441904684
-0.0027191698580433655
-0.0024670269055777592
-0.002729976054648758
-0.002665756599643524
-0.0027991540963695134
-0.003139716027958043
-0.0030265972421930315
-0.0025816946607707136
-0.0026733977212961336
-0.002633191852174395
-0.002614881339408616
-0.0024788029812946675
-0.0024500824819058235
-0.0027602368395778063
-0.0032107967754619986
-0.0030198391666591655
-0.0029192498789388293
-0.002462166545755298
-0.00289435567046894
-0.003164034571111532
-0.002235073013750352
-0.0030322488723404134
-0.0027023940166151974
-0.0029397439597029203
-0.002879338891413483
-0.003187107457687442
-0.0028308045320840484
-0.0033167979911941947
-0.002576978641781726
-0.002840891174455374
-0.002729423108816566
-0.0029163547835221785
-0.0030898411347838515
-0.003109965015903287
-0.0026436040092385283
-0.002406875466171489
-0.00293601953351092
-0.0032724127530737537
-0.0029734462814558125
-0.0030141839872317067
-0.0031050737397458296
-0.002951617821455247
-0.0035405641965769548
-0.0029494836055380578
-0.002779148711836766
-0.0030124359197880625
-0.0034236619190040813
-0.0027729556546266672
-0.0025845274635793317
-0.0033204732137024763
-0.002971541538705942
-0.003409293155253092
-0.002570408386646113
-0.003388212502554112
-0.003038053897104804
-0.0029539877423965005
-0.003342391226786253
-0.003056072200740616
-0.0031966129972092632
-0.0027552684230282777
-0.0029397033602308626
-0.002829205772582257
-0.0030568936871245792
-0.002416703424672306
-0.002799424137321274
-0.002805751436302974
-0.002996574605540952
-0.003088584289672816
-0.003184776628137382
-0.002964145256985586
-0.0027208074096293547
-0.003173459659758694
-0.0032080948893753185
-0.0030672073863843895
-0.002896277222321795
-0.003098475764057126
-0.0029305590363361846
-0.002995721668041007
-0.0031693607176449656
-0.0029262174988324056
-0.0030418334585256106
-0.002918366916161505
-0.002654684282340383
-0.0032491573007763903
-0.0029289492774175517
-0.0029583433807057113
-0.003190293108860344
-0.0031316704936935153
-0.0026145956143434836
-0.003172795333065004
-0.0031255175829202563
-0.00308502662741299
-0.0034226468174778438
-0.002720689622087368
-0.0030007129691486676
-0.0028052673099148947
-0.0036634374824325564
-0.0027412300247325215
-0.003882473378712512
-0.003454571123280924
-0.00297750444530522
-0.0028309528619135577
-0.0030398643160488895
-0.0027863334459315736
-0.0031717398423101585
-0.0024976991411320704
-0.0027904876120157652
-0.002801750807981348
-0.0025913143283003725
-0.002808544140958743
-0.0030718254821326747
-0.003120169500338809
-0.0030360868948480636
-0.0030538012810571976
-0.0030635755071359507
-0.0027749105191678023
-0.0026768620861915065
-0.0031652652043932658
-0.0033890398644845898
-0.0033040003273049944
-0.0027487196477790094
-0.0028140539847007254
-0.003395672005638779
-0.003241647157544444
-0.0029651665506201506
-0.002784973809899713
-0.002775361721596931
-0.0031543346097111344
-0.003168451694867914
-0.002948669594176979
-0.003184137803266699
-0.002787319008034087
-0.0030938297703952135
-0.003018376054983084
-0.0030625944206086877
-0.003171359048541921
-0.0025789229635237486
-0.002587004123392787
-0.0028162749824853952
-0.0031040621108446315
-0.0033796839357463247
-0.002876788794265486
-0.00263312014473734
-0.0028173051805946187
-0.003006184587637178
-0.002975972287227203
-0.0030261480224329338
-0.003242137806006795
-0.0030238722374671843
-0.0032934851580610526
-0.0028972565022569344
-0.0034431407693188403
-0.0025800403268953676
-0.0026953263454253407
-0.0027954856570406297
-0.002632497570746822
-0.0024328987289314124
-0.002723283925535305
-0.002463241584186985
-0.0026949912276987465
-0.003135289403907489
-0.002926983654006936
-0.0026841205114216254
-0.0028391796645877935
-0.0033169920188738135
-0.0027245110307929712
-0.002445368646277002
-0.0023758216941297933
-0.0029060155386206946
-0.002708961744312788
-0.0026608535240350774
-0.002435898423033892
-0.0030362642148381255
-0.0026449958338435595
-0.002797952529073077
-0.0031173492660346294
-0.002394359505934878
-0.002597674510346672
-0.0028899386307994763
-0.002553725375981008
-0.0029149834087490536
-0.0031227235573296525
-0.0030114176206094767
-0.002864550013425493
-0.0027891708294878535
-0.0032506708012288773
-0.003154615524186368
-0.002959898140199418
-0.002946095846821733
-0.0024978062383995622
-0.0031520553903672376
-0.0031708311716540736
-0.0025726982466605813
-0.003077363222482554
-0.0029425450248146273
-0.00298380889140975
-0.002983385598624018
-0.0024506873823921973
-0.0030559825077486045
-0.0031039083044135077
-0.0031112539153181767
-0.002769568508685889
-0.0028969632787558715
-0.0033030003316131483
-0.0032617312377462137
-0.0029475218913315613
-0.0030210555383581024
-0.002950521887207567
-0.0027866369541106584
-0.002730184506347993
-0.00291810501997776
-0.0023844005950133937
-0.0030112294967814535
-0.0030764684143845416
-0.0029327848943078963
-0.0030857360444290004
-0.003037261908315853
-0.0030492127038392607
-0.0028761576913804714
-0.002997730949217292
-0.0032865669697972775
-0.0024150469740968736
-0.002705734154555277
-0.0027846382413626767
-0.0030766765322143147
-0.0036911647623617556
-0.002975849945245475
-0.0026526702664557734
-0.0034111812752815017
-0.0024096941639517827
-0.0032078745349866373
-0.002637923014043631
-0.0025333213860452355
-0.003042528508190852
-0.0032648500881379255
-0.002886349796448281
-0.002777928580641728
-0.0030047528755584875
-0.0026878816621256248
-0.002506031303803474
-0.0031213226009665944
-0.0032481493502330215
-0.0026885954302463314
-0.0032581003638885164
-0.002988764504733947
-0.002291494279596557
-0.002925121771317004
-0.0029953512052851776
-0.0031836710308198236
-0.0032091190623836003
-0.003195834690194604
-0.0031792313568749144
-0.0026193057541517052
-0.0030567742432309796
-0.0036018223978011815
-0.0030121166895315087
-0.002206306951034001
-0.003001376939521839
-0.0031416559705951456
-0.0034973619860351507
-0.0025575039913479742
-0.0029978188601376935
-0.0036623049885200626
-0.003158137939668463
-0.0027387102925697077
-0.003475558018473457
-0.0026444585476758766
-0.00321696516271269
-0.002952160694054532
-0.0026789605197909037
-0.003357966899657314
-0.0029699457106575826
-0.0025468281349874215
-0.0028032036912791344
-0.0029811450815989187
-0.003029875155619528
-0.0028531955381870316
-0.002569708524217299
-0.00279352559933308
-0.0034620867327208814
-0.0026759394816412378
-0.0032864378719502873
-0.0029320987675768824
-0.0032415384820555964
-0.003086281541842394
-0.0027855948677634173
-0.0030000151577487017
-0.003057514959355546
-0.0033508436295394523
-0.003214914790599393
-0.003530688258096572
-0.003198260153655794
-0.0030895053638054525
-0.0028341289126404563
-0.002893598457302576
-0.0029031207200851837
-0.003062663751504126
-0.002737391728288248
-0.002883032737153774
-0.002862401212797312
-0.0025001436667779387
-0.002408070738790217
-0.0030863776084185173
-0.0031745102918597726
-0.0031814674550269036
-0.0028762749347508066
-0.003667582667490627
-0.002767721923285034
-0.002861365229279086
-0.0030727393151021277
-0.002768165905800347
-0.0027881331073134064
-0.0031304306649217093
-0.002982501884370023
-0.0032773305993006995
-0.0033039109090524724
-0.003358496782844681
-0.002849548014914848
-0.0031684236536274665
-0.0028367536845768622
-0.0033869158550470066
-0.0023550864567190946
-0.0031736367582474567
-0.0030383597032674734
-0.0026016531592602883
-0.003031766452238175
-0.002759858826908011
-0.0027909362097247345
-0.0033936295242221184
-0.0032294374488682862
-0.0033667631795238273
-0.003026768821383217
-0.002803395094444212
-0.003157449126201055
-0.0030693383503667074
-0.002658162158924594
-0.002674942234204595
-0.0028150370964068884
-0.0037946108123038265
-0.0034674891660927596
-0.0028209272205108743
-0.0036273179192604687
-0.002895012739637341
-0.0034727752375420737
-0.0028473785392621746
-0.0031361196932349956
-0.0031916593081481536
-0.0026119660274600844
-0.0031684862528108828
-0.003097232756998845
-0.002659344665585673
-0.0028970932357711573
-0.0031334929188983696
-0.0026132296473832368
-0.002687903695631245
-0.003217787064131634
-0.0033713102814894786
-0.003060854512919201
-0.002930631699598746
-0.0030849207692054638
