3.41470004772864e+16
1.4067336601403392e+16
2.295308745913139e+16
4.480156138943283e+16
6.561470477238272e+16
6.228174349061325e+16
1.1127761410195456e+17
4.769441102639923e+16
6.04581952749568e+16
1.06424087512875e+17
1.7019649028574413e+17
2.1422521516766003e+17
2.2425345892705894e+17
3.061732502554018e+18
6.178576364237488e+18
2.4603925557651964e+19
4.7034332028390605e+19
7.030291298053521e+19
9.24373433249421e+19
1.1166985998051154e+20
1.267280175193108e+20
1.3928010012380103e+20
1.483567207560134e+20
1.5544559575158175e+20
1.603350879512958e+20
1.6429309451580106e+20
1.6709179883484558e+20
1.6943563849201405e+20
1.7073053855872608e+20
1.7144614305728037e+20
1.7200938960396327e+20
1.7285107262697347e+20
1.732073578250822e+20
1.7361110399235968e+20
1.7333648557015984e+20
1.7373604094886806e+20
1.7297232154660438e+20
1.7361075517229577e+20
1.7369013276499562e+20
1.7338095916623593e+20
1.7319129533458992e+20
1.730583006071174e+20
1.7324717114112396e+20
1.7323375819877673e+20
1.731268738488069e+20
1.722397554319242e+20
1.7296722860874452e+20
1.7261433457937377e+20
1.7271562296491403e+20
1.723388211547089e+20
1.7198324624111174e+20
1.720725678169732e+20
1.721604110994511e+20
1.7167587776556696e+20
1.7182861642333946e+20
1.7177181290386948e+20
1.71674382979509e+20
1.7169968796474435e+20
1.7121191546960478e+20
1.7121166835436644e+20
1.7132027316515583e+20
1.7080121983908394e+20
1.7098347241260293e+20
1.705494187570616e+20
1.706122195627053e+20
1.7018975833313352e+20
1.7007388520072872e+20
1.702606897523867e+20
1.7009832322104558e+20
1.7009231961268e+20
1.6963456515936826e+20
1.6997310314029305e+20
1.6949374163422806e+20
1.6937274532739364e+20
1.6968368446694962e+20
1.6929213958020556e+20
1.692484870444375e+20
1.693321777463752e+20
1.691940455508219e+20
1.6881684269375055e+20
1.6899815765872896e+20
1.687160688796521e+20
1.6799145993062213e+20
1.684004381239804e+20
1.6890058809639174e+20
1.6801660081374704e+20
1.6809231400906942e+20
1.6796348560603244e+20
1.6777276074566563e+20
1.676246765954914e+20
1.6778704037805346e+20
1.6781312134362012e+20
1.6710466284601265e+20
1.6771167902645197e+20
1.6699076086307855e+20
1.6705923459896574e+20
1.669146999472039e+20
1.666458509373929e+20
1.6671616388135544e+20
1.6631663324165885e+20
1.6656424600901308e+20
1.663186379262342e+20
1.6625283023116645e+20
1.6612381518603066e+20
1.6598346307650087e+20
1.6597159769676972e+20
1.6588388992909994e+20
1.6530413036703528e+20
1.6575054583180768e+20
1.6545433162684878e+20
1.651851786020727e+20
1.6503812524404952e+20
1.6514882270034448e+20
1.6485496227490274e+20
1.6480176075552535e+20
1.6461395015072796e+20
1.646524316833106e+20
1.6431917685575726e+20
1.6471053427576878e+20
1.6408239015476802e+20
1.6400042348706267e+20
1.6404416343400514e+20
1.6377631717879867e+20
1.638416768228781e+20
1.6372745680620565e+20
1.6377558325478713e+20
1.6281299573416342e+20
1.6320037127281495e+20
1.6325501700071542e+20
1.6274770810809562e+20
1.6278927239640462e+20
1.626702549356223e+20
1.6244292183560867e+20
1.6263234817274308e+20
1.6252123510105283e+20
1.6200699488713153e+20
1.6196335389623557e+20
1.6213905393020882e+20
1.6198284219008208e+20
1.6193121929452428e+20
1.6159082808675087e+20
1.6176299044206176e+20
1.6155411924179013e+20
1.610603632043722e+20
1.6167546271942102e+20
1.6081871886101145e+20
1.6089098536225866e+20
1.611237104672949e+20
1.6067736454663294e+20
1.6040122797375304e+20
1.6052249283630255e+20
1.6029549756123657e+20
1.6041116893325767e+20
1.5988316475790197e+20
1.5995554176006776e+20
1.5962625287095583e+20
1.597212275858515e+20
1.598261553548797e+20
1.5947512252381685e+20
1.5944886481175603e+20
1.5901412808461595e+20
1.5892428506536503e+20
1.5889194375546772e+20
1.585586570420772e+20
1.587262759404642e+20
1.5871339186320992e+20
1.5817009403086766e+20
1.5810417968317202e+20
1.581475801558994e+20
1.5759179571975632e+20
1.579269691951001e+20
1.5758338555531546e+20
1.5750647581646415e+20
1.57632353680048e+20
1.572815088654735e+20
1.5684596537167656e+20
1.570976793174024e+20
1.5640612828497314e+20
1.5668766895750355e+20
1.5643307539082458e+20
1.5641482542194885e+20
1.5572231424099064e+20
1.5643495033302784e+20
1.5576899263275834e+20
1.557985213919118e+20
1.556463726221276e+20
1.5519202253169335e+20
1.5503234540579376e+20
1.551288594369683e+20
1.5507648584984664e+20
1.549512094191232e+20
1.545292616614816e+20
1.5475127065131562e+20
1.5426569058236183e+20
1.5433989689699834e+20
1.540991437078119e+20
1.5424327016588195e+20
1.535597516156494e+20
1.5322280187927095e+20
1.534451214811398e+20
1.534388391465766e+20
1.525617967916898e+20
1.527905681903515e+20
1.527012479888796e+20
1.5235382567912446e+20
1.5191922666581577e+20
1.5204186660509476e+20
1.5210673256845332e+20
1.5154001926160803e+20
1.516425483085813e+20
1.5129069482952727e+20
1.513862893941031e+20
1.5157749322922276e+20
1.512093943284294e+20
1.5067297394131888e+20
1.503678362374279e+20
1.5042395984639505e+20
1.5015572202761014e+20
1.49847811080516e+20
1.495616572695123e+20
1.49541654404224e+20
1.4893151657283446e+20
1.4895460631701776e+20
1.4932824112141802e+20
1.4798067678419773e+20
1.4863447086220706e+20
1.4847154069371775e+20
1.4803177851124397e+20
1.4793847848999636e+20
1.4763505080156448e+20
1.4719269143518695e+20
1.4707321836427385e+20
1.4692662872527969e+20
1.4687286975350702e+20
1.4660701347690788e+20
1.4643317793977742e+20
1.4631976895036942e+20
1.4540332380959487e+20
1.4562314078555996e+20
1.4555398439039087e+20
1.447287081424514e+20
1.4486569877005717e+20
1.4511813000968117e+20
1.4403572499612697e+20
1.4396213784397585e+20
1.4343169508926869e+20
1.4423128688302227e+20
1.4334410496934307e+20
1.4327779795855737e+20
1.4281826435799292e+20
1.4303952980308866e+20
1.4236956122183998e+20
1.4248714753079981e+20
1.4175951904796207e+20
1.4130485216074007e+20
1.4086291583146131e+20
1.4124142751968657e+20
1.4077892729931144e+20
1.3978089825831695e+20
1.399186377907802e+20
1.4035122029976355e+20
1.3964685253516722e+20
1.3936183259552966e+20
1.3809444382157308e+20
1.386143019901565e+20
1.383735779380282e+20
1.3835737745882664e+20
1.3726632162522405e+20
1.3760844057808155e+20
1.3728403503242543e+20
1.3714493938980828e+20
1.3690545984740367e+20
1.3577218551607355e+20
1.3575377295691586e+20
1.357111631704878e+20
1.3548106259970707e+20
1.3442876578793416e+20
1.3478638002072296e+20
1.3444972866431248e+20
1.3414515143647376e+20
1.3360458424125909e+20
1.3274819882364017e+20
1.3292771897332518e+20
1.3289059836125984e+20
1.3158277848316563e+20
1.319261845518224e+20
1.3136244006381106e+20
1.3067089494125681e+20
1.3046994187397261e+20
1.2961245749448173e+20
1.3024203249242708e+20
1.2960553758061337e+20
1.2985894628607446e+20
1.2909704740018848e+20
1.2866865265611742e+20
1.2786070306216424e+20
1.2766540670732704e+20
1.2705924622181204e+20
1.263684002512141e+20
1.2760129019858177e+20
1.2637698757446599e+20
1.2562354283348597e+20
1.2513926582325006e+20
1.242095435298143e+20
1.2345110700604418e+20
1.2276931015358179e+20
1.2329599092925451e+20
1.2318283331569241e+20
1.22186732955532e+20
1.2174034277952704e+20
1.216341151128769e+20
1.216769557967468e+20
1.211661932006652e+20
1.2057678638613948e+20
1.2091124916465487e+20
1.2004187191764215e+20
1.1995386095964101e+20
1.18716154189271e+20
1.1834723381585274e+20
1.1773823095534099e+20
1.172449497695073e+20
1.17345374351225e+20
1.1613654240546783e+20
1.1638040473865971e+20
1.1505845984700033e+20
1.142265593163814e+20
1.1429115150134464e+20
1.1425089563187269e+20
1.1356945460886084e+20
1.1317054752969615e+20
1.1289879800821108e+20
1.113504728808025e+20
1.1169184086721823e+20
1.1077991252021058e+20
1.1051071290362928e+20
1.0982233121346709e+20
1.0882147656502818e+20
1.0906451508913295e+20
1.0836387246993152e+20
1.0796548972037433e+20
1.0859591505312481e+20
1.0694615764159169e+20
1.0662258978635697e+20
1.0579062534662468e+20
1.0586366672869156e+20
1.051825019579762e+20
1.037136804547878e+20
1.0483869470501424e+20
1.0352752131645532e+20
1.0316383269423992e+20
1.0252822069026331e+20
1.0248491560016963e+20
1.0159187658804927e+20
9.969535646908914e+19
9.932408396542116e+19
9.8906438734218e+19
9.854768389555434e+19
9.90053694919504e+19
9.825271420031913e+19
9.704389462406778e+19
9.621628631196579e+19
9.612567033604053e+19
9.486910996491115e+19
9.449240065112172e+19
9.361183889695336e+19
9.3123480911872e+19
9.259579518257149e+19
9.32843380886261e+19
9.181901770533844e+19
9.07138636587666e+19
9.116493335625938e+19
9.05495941476757e+19
9.044090838534272e+19
8.860544002390439e+19
8.846357113808408e+19
8.822885866578064e+19
8.81982558212058e+19
8.775947564005458e+19
8.719667315863034e+19
8.689627503704985e+19
8.626716870593584e+19
8.483830689127465e+19
8.481867085055315e+19
8.382612658587487e+19
8.276971169073909e+19
8.224980397541294e+19
8.232894627262444e+19
8.14631176306709e+19
7.983572737802319e+19
8.020142996194329e+19
8.017393962862825e+19
7.981223129557395e+19
7.959344820413635e+19
7.85019349736966e+19
7.852850082389112e+19
7.701068460153268e+19
7.638930769972298e+19
7.566063825425164e+19
7.572890699993973e+19
7.46302375980706e+19
7.52529502690691e+19
7.401394951095216e+19
7.355578610803435e+19
7.152077968205729e+19
7.149717928344237e+19
7.1272559297089765e+19
7.061623984702987e+19
6.977221946845744e+19
6.9628918056425095e+19
6.9681190351038054e+19
6.790776873642518e+19
6.8277433341776495e+19
6.786617173764525e+19
6.684007470741429e+19
6.6924855506411454e+19
6.697920821446312e+19
6.609216717571123e+19
6.51673736493054e+19
6.393356828978813e+19
6.445668582315314e+19
6.252251217258558e+19
6.299536862426327e+19
6.121131631275776e+19
6.210431505526476e+19
6.015093376119367e+19
6.189363935025352e+19
6.074550965475947e+19
6.056710063029381e+19
5.960174515786665e+19
5.961630296669631e+19
5.8353852649215885e+19
5.797481037791075e+19
5.717499009189701e+19
5.640902349402459e+19
5.5906754831425995e+19
5.543396744282243e+19
5.48433152939393e+19
5.5023726597798625e+19
5.478293898015434e+19
5.455684963395017e+19
5.306030738104123e+19
5.249213811464235e+19
5.254952629942039e+19
5.139305268506106e+19
5.110541934372323e+19
5.101404820946813e+19
5.133233009383283e+19
4.875403985428677e+19
4.803487575555703e+19
4.878294257900716e+19
4.821497060622598e+19
4.702705652558987e+19
4.7158523756533514e+19
4.7485265283362324e+19
4.50149871491188e+19
4.480306796517602e+19
4.534239752261468e+19
4.45253452093341e+19
4.523342629957534e+19
4.372563030463794e+19
4.36399315165108e+19
4.401177988939383e+19
4.340126523475362e+19
4.225915182636859e+19
4.184465982271521e+19
4.031457078284806e+19
4.025209835322396e+19
4.028136724967614e+19
3.942945842493024e+19
3.913638748319698e+19
3.843318970205182e+19
3.837460603889674e+19
3.854655983059573e+19
3.732743037432889e+19
3.713853365820169e+19
3.6059150068240876e+19
3.5747972059783758e+19
3.593875004030609e+19
3.5307581712573137e+19
3.439373959685787e+19
3.4496552317831086e+19
3.3874059789676315e+19
3.3984878192250323e+19
3.3390819756344345e+19
3.274219623484385e+19
3.2696989917347054e+19
3.137387538583388e+19
3.1961045312672367e+19
3.1790595171843834e+19
3.090538042190568e+19
3.072996419937134e+19
3.028338954593108e+19
2.9706028087446077e+19
2.8992558050198946e+19
2.9081227718744343e+19
2.831589870017708e+19
2.800712336514482e+19
2.8174866577065247e+19
2.7955418899568132e+19
2.7755106985001878e+19
2.6636878198987555e+19
2.6323749347665117e+19
2.622549245312159e+19
2.5247318530540438e+19
2.5104179365192663e+19
2.4693294773290664e+19
2.4448125137953227e+19
2.4419318586140525e+19
2.3273949798703563e+19
2.3302826203864367e+19
2.2849587238649463e+19
2.253122852590977e+19
2.2809309928700772e+19
2.176026064477959e+19
2.2256481014172877e+19
2.1706404005450613e+19
2.195898202987692e+19
2.0645781554193236e+19
2.10033107294497e+19
1.9504164059912077e+19
2.0321793462178415e+19
1.9125718101866316e+19
1.9766210803598885e+19
1.9808942103241687e+19
1.899329345399292e+19
1.8420667712347832e+19
1.8413604191952962e+19
1.8258988667831845e+19
1.727771274807083e+19
1.7498113805228442e+19
1.714623768310684e+19
1.658251690331498e+19
1.6307000489352888e+19
1.6037387817176793e+19
1.5829775385920274e+19
1.6263502864465265e+19
1.4419381449595552e+19
1.4872332548922409e+19
1.5055147488279265e+19
1.4359698876108112e+19
1.4006591575841309e+19
1.377464688354263e+19
1.375885026870585e+19
1.3483400478276452e+19
1.338303176549335e+19
1.2826907356918972e+19
1.251782207127683e+19
1.2617151066966852e+19
1.2354948166859096e+19
1.2274804558152073e+19
1.196295948973428e+19
1.1462082697187295e+19
1.178449568725572e+19
1.1662761178622329e+19
1.0771852418741174e+19
1.033697834713691e+19
9.98367862374531e+18
1.0849674425826017e+19
1.0871727450803405e+19
9.310128838635684e+18
9.32915310421554e+18
9.354232749696745e+18
8.754519302150816e+18
9.653175916745982e+18
8.826579610608075e+18
8.545427495178994e+18
8.277240958303601e+18
8.451419843709633e+18
7.955798974441456e+18
7.810489111147446e+18
7.702708027840791e+18
7.33961676685679e+18
7.427877421371621e+18
7.095506987714085e+18
7.100318622395924e+18
6.319446722774827e+18
6.96976066179865e+18
6.539736776502673e+18
6.444202637821739e+18
5.592594795794006e+18
6.690738583860412e+18
5.789176118946824e+18
5.751483073640268e+18
6.236349306144555e+18
4.921330294063104e+18
4.3502326832293547e+24
1.6586622103443934e+26
1.5446301108545236e+26
1.0858721179981221e+26
6.976997007079079e+25
4.250039777001652e+25
2.414204089223378e+25
1.328244722269099e+25
7.000837428699714e+24
4.5335607876618985e+24
2.3393869530195556e+24
1.7459516310062643e+24
1.481104948985527e+24
1.1040666338116859e+24
1.2537411724743496e+24
1.1337365730025325e+24
1.3328901589386737e+24
1.1323793522978998e+24
1.1520925769500609e+24
1.26949562922497e+24
9.583436985624275e+23
1.0742273185489394e+24
1.1848423578624037e+24
7.516710130442115e+23
1.298188279503339e+24
1.2997913704121235e+24
1.0873766065928249e+24
9.607868638889197e+23
1.5199465476832837e+24
9.675846348137508e+23
8.587872663242917e+23
1.2865287795421752e+24
1.2864408350078705e+24
9.71329790616594e+23
1.5128442684732915e+24
8.607763451352771e+23
1.2886142131486632e+24
9.706533836943758e+23
1.1797554240749048e+24
1.0837078035514268e+24
1.1899320498231995e+24
1.2912110777806351e+24
9.503991682887327e+23
1.5079322304995778e+24
8.556465206834082e+23
9.599913588171588e+23
9.639777460637612e+23
1.3963526076846484e+24
8.563399206369985e+23
1.0569634934014234e+24
1.1902390794204645e+24
1.1823985787445404e+24
1.2920027757625985e+24
1.4123606230052643e+24
1.1750344638410188e+24
1.4114866918977487e+24
7.470182040946367e+23
1.1912366206158463e+24
1.1988759222043614e+24
1.0719398642999542e+24
1.1846900670928918e+24
1.313303863703226e+24
1.5086855139729884e+24
9.689343919806777e+23
1.7319792041199637e+24
8.539503331223451e+23
9.608329034842228e+23
1.2978809366947935e+24
1.4121920809261283e+24
7.48297773998377e+23
1.3007298421133178e+24
1.1963292095171024e+24
1.3071454472142882e+24
1.2945522932776317e+24
1.0864225741104932e+24
9.475218331938732e+23
8.567844733487536e+23
1.7282519189171013e+24
6.408435836204766e+23
1.6375216345084712e+24
8.485773916962168e+23
1.4162360594307093e+24
8.738403506944502e+23
1.0755177969450335e+24
1.3145526621291938e+24
1.2905795995071714e+24
1.5150329686340726e+24
7.466663663550916e+23
1.5273206453079607e+24
6.434435581287288e+23
1.4019816693141665e+24
1.190233612824573e+24
1.2999212105615711e+24
7.60486072765144e+23
9.76964930487128e+23
1.4199630232243327e+24
1.2046178303186363e+24
1.291911034130858e+24
9.662099226383388e+23
1.51495055846076e+24
6.351213637308446e+23
1.1879792997208208e+24
1.081029525660141e+24
1.4123377070015104e+24
1.1873234576770604e+24
1.0790797241488808e+24
8.603571215826201e+23
1.5182331658010558e+24
1.4097680085047032e+24
9.574337243378534e+23
1.2951877074860636e+24
8.443044534235425e+23
1.4242637446956894e+24
1.2872722147691006e+24
1.4101896138986132e+24
9.606743311783932e+23
8.437837496271633e+23
1.4028139760428637e+24
8.394880008334826e+23
1.288109990345489e+24
1.4122396746855154e+24
1.3033678765420208e+24
1.0746285805500138e+24
8.556653133602283e+23
8.514890090358647e+23
1.0685815024732763e+24
1.522698846738045e+24
1.077335313098539e+24
1.4157350283426648e+24
7.60408858197689e+23
1.2979656554554964e+24
1.413570793001697e+24
9.72368887229425e+23
1.532718268922953e+24
9.744093552083834e+23
1.0888391127134291e+24
1.1948762424427214e+24
1.40739670039725e+24
1.302004659171339e+24
9.759694824100417e+23
9.781848491582727e+23
1.5306339202617628e+24
7.436699112611944e+23
1.5100285345992976e+24
7.493589579526306e+23
1.1681166171688665e+24
1.410971456878692e+24
1.3943203456864236e+24
8.474130409001806e+23
1.0811723405745619e+24
1.2963697430030428e+24
8.392580670916012e+23
1.516084311449084e+24
1.2865027720283834e+24
8.578263795040646e+23
1.0702019781914163e+24
8.566249119398557e+23
1.7130654094970075e+24
8.540097303237743e+23
1.07970760193518e+24
1.617145807803956e+24
9.69509620717008e+23
1.0739399481492103e+24
1.2923747188375175e+24
8.641662645289689e+23
1.6199267412377292e+24
9.671213650715757e+23
1.4132949287360658e+24
1.2930197941819438e+24
1.3931663944759832e+24
1.0775915463141319e+24
9.669225849097478e+23
1.0778419701676805e+24
1.1658295097674213e+24
1.1831402558083925e+24
1.5068493069662356e+24
9.483935993366055e+23
1.3811703132115934e+24
9.663206169302393e+23
6.347513938306967e+23
1.4153842661190057e+24
1.2830285081301546e+24
1.6428994999874734e+24
7.369964543931462e+23
9.747767205150188e+23
1.091499679988074e+24
1.0807186295818584e+24
1.6169684239624827e+24
9.59747533370383e+23
1.1785785653049598e+24
8.426350793798672e+23
1.6112772852082821e+24
7.31486591364553e+23
1.1892040281659988e+24
1.1846006079417375e+24
1.1882100818986507e+24
1.403981585263599e+24
1.3189546991110426e+24
9.600330166211308e+23
1.08936676070859e+24
1.0731575387711096e+24
1.6330141006349825e+24
1.2943626113722136e+24
1.082314542034312e+24
1.1835057692911561e+24
1.1813934627056916e+24
1.3177242492647505e+24
1.0744349896608566e+24
1.3996940626464815e+24
1.517920450198155e+24
7.433874976358051e+23
1.5175061262804176e+24
1.1804494339847696e+24
1.402357924233885e+24
8.506812736652596e+23
1.6296634649445716e+24
9.69599655132646e+23
7.482993932535493e+23
1.9766657431907118e+24
9.793701022860794e+23
1.07021330974066e+24
1.8620340717925538e+24
8.555614467012847e+23
1.3029128970823348e+24
1.400441997110172e+24
8.620769533232018e+23
1.0892482655840006e+24
1.0691457934438554e+24
1.075543213713218e+24
1.405094417624279e+24
1.404562087433618e+24
1.1934977176887498e+24
1.1844424706554843e+24
9.686828827596189e+23
1.178518724569336e+24
1.3033309086741108e+24
1.3039592043803817e+24
7.371872345435547e+23
1.0749761317071385e+24
9.618939209460276e+23
1.0609333127494216e+24
1.0722496085826321e+24
1.4035289825786163e+24
1.0535217324391023e+24
1.3996616666358807e+24
1.2943750332851483e+24
1.1753464568976544e+24
1.0724673924571438e+24
1.1786551659754905e+24
1.5183344734302486e+24
1.1884912431714999e+24
1.0835415065870738e+24
1.3034394267070445e+24
1.0959301982969163e+24
7.436181278171477e+23
1.970107963390155e+24
8.618293816907766e+23
1.1983383068284314e+24
1.4081650367302024e+24
1.082091812222247e+24
9.700850794887631e+23
1.294710727308879e+24
1.0809077625407032e+24
9.647374028343319e+23
1.398855150474137e+24
1.8530857184001314e+24
1.0772644928684987e+24
9.580010242759336e+23
1.420030575600262e+24
8.614236044440476e+23
1.19313267243961e+24
9.74349525942865e+23
5.266844308803848e+23
1.299732560578602e+24
8.532554707655133e+23
1.4013349412190458e+24
8.589065637933023e+23
9.584832842903625e+23
9.625499940103751e+23
1.4098772514060707e+24
1.2874001948967177e+24
1.7290479355696323e+24
5.3242545333364546e+23
1.3002551511017502e+24
1.3043033278056088e+24
1.0858795029754583e+24
1.629954720332298e+24
8.533012674479116e+23
1.403479978840702e+24
1.2925295957287467e+24
9.568891278899198e+23
1.0807328014247233e+24
9.665739521146564e+23
1.0768261414023243e+24
1.8493916521351486e+24
1.0854871855454563e+24
9.620087735733122e+23
1.401540971542955e+24
1.193922848838218e+24
6.450544895933585e+23
1.415440141575895e+24
9.649678443570713e+23
1.0719191330346008e+24
8.588771452250051e+23
1.0780448168336813e+24
6.397642166642026e+23
1.0776431973945708e+24
6.388903400924637e+23
1.1853737168940264e+24
1.396576417023618e+24
7.434637480810962e+23
1.2993938692685817e+24
1.0562814135973402e+24
1.0821330780723139e+24
1.2914687232969237e+24
1.1766481527752578e+24
8.670260904729021e+23
1.2910678647198596e+24
1.0775904579207657e+24
1.0706150165425663e+24
1.1897695071017171e+24
9.50019228861569e+23
1.5108029566323529e+24
6.390774268689654e+23
8.56924315465208e+23
1.2854945739089083e+24
1.2881078910699283e+24
1.403357318801251e+24
9.589489818245805e+23
1.2841142717811962e+24
1.6238684182249746e+24
1.0693150875537604e+24
1.5121278751103286e+24
8.582856313316847e+23
1.399100354022399e+24
1.0825404629985567e+24
1.1812507209043959e+24
1.305892662610069e+24
8.59887267225946e+23
1.3026416509766465e+24
1.0721814439986283e+24
1.6348202881947316e+24
1.2928599745197548e+24
9.668928772666496e+23
1.2944347892264353e+24
8.696790245683911e+23
1.2995047005332427e+24
9.810916239320526e+23
1.1854923317862184e+24
8.51790203516125e+23
1.2954256904271165e+24
1.5162435934940675e+24
8.376979810556583e+23
1.0530830258570604e+24
1.2980176728756174e+24
1.1908254157223258e+24
1.0814321792735003e+24
1.2886838789090865e+24
1.1936111159348297e+24
1.641573934961476e+24
7.378715489071093e+23
1.2027242656077668e+24
1.0816925275125152e+24
7.526381191947865e+23
1.2973263872213147e+24
1.7528878809346064e+24
1.1943192316113087e+24
1.4009657232441138e+24
1.190206645903323e+24
1.2944102536860341e+24
1.4076830331394773e+24
1.2968883668400816e+24
1.2907889751611788e+24
1.6174319276807322e+24
1.2922793580005265e+24
9.718833307911751e+23
1.088809373122921e+24
7.49092867272247e+23
1.2998885949653041e+24
1.0737713050205576e+24
8.603979304580623e+23
1.7287745712943756e+24
8.56382264043645e+23
1.3019499234066303e+24
1.0673448563775843e+24
9.430494069905422e+23
1.0734941796062933e+24
1.1683019452897136e+24
1.5065140255848206e+24
9.64472856747883e+23
8.605496655256014e+23
1.0862182780242842e+24
1.2791994737342297e+24
1.4072131688608103e+24
1.2816130526277855e+24
8.402648734580539e+23
1.4937135923494145e+24
1.4984650900849988e+24
7.363471716311368e+23
9.839922754288203e+23
9.765383915405637e+23
1.0884965753996958e+24
1.6427568665540437e+24
1.0817267141965491e+24
1.2991318691232972e+24
1.755989620406536e+24
1.197858669175623e+24
8.64574597533302e+23
1.7496076042071177e+24
1.1959914472856114e+24
1.303614599773682e+24
1.0678650365601382e+24
1.1794349629843323e+24
1.0710533022139649e+24
1.2917088702879663e+24
9.569246212511643e+23
1.409298313462866e+24
1.311358569169293e+24
1.3052447704751822e+24
1.4111736333879575e+24
9.722105379221457e+23
1.1929478755324127e+24
7.601558332338806e+23
1.1854658775716385e+24
1.277726441997609e+24
1.4101170673825407e+24
1.1917515054096633e+24
9.697490978679749e+23
1.5144802228522445e+24
1.1907507300667991e+24
1.0647473589898647e+24
9.679540379992175e+23
1.0807904130896377e+24
9.577458153477809e+23
1.1920128112969178e+24
9.728807021867773e+23
1.5113735076767828e+24
1.1798973617725608e+24
1.06569453495287e+24
1.0795976181564894e+24
1.298594955183009e+24
1.0737960677816337e+24
1.2879948049444132e+24
1.0767176800865984e+24
1.742528085978536e+24
1.5045933401266263e+24
7.489834241014336e+23
1.4118211223099403e+24
1.1865480862992774e+24
1.1878944897622255e+24
1.0836637456806971e+24
1.4098093623157003e+24
1.0969709270423998e+24
1.1929944874367123e+24
1.4054144371509818e+24
1.181835365049066e+24
9.752818265866698e+23
1.504907901220212e+24
7.448237616332244e+23
8.630038761061016e+23
1.403152688815351e+24
1.18400330277114e+24
1.429685758047045e+24
1.1699128663397692e+24
1.075074171622958e+24
9.63237731531859e+23
1.2982832179871274e+24
1.286658910279352e+24
9.639652886146106e+23
9.696561434309285e+23
1.0599030569137653e+24
8.545545376668343e+23
9.740681700300695e+23
1.1741249349450423e+24
1.404635324759652e+24
1.4091546347017415e+24
1.2031809670609917e+24
1.291811278484318e+24
6.319268886334785e+23
1.52074605216262e+24
8.619638419001232e+23
8.559217736557587e+23
1.1996922785905533e+24
1.5183307804785542e+24
1.2946846129753335e+24
1.2022711218575101e+24
1.102719527224246e+24
5.2340933469984246e+23
1.8374764458795484e+24
1.6223246264939585e+24
8.573095329000287e+23
9.811299653274802e+23
1.298295288900766e+24
1.7619469701716728e+24
8.623628452756157e+23
1.298495876835632e+24
1.1884430547258557e+24
1.085025210588174e+24
9.715603901171641e+23
9.630103364831612e+23
1.0575389352143112e+24
1.3970928251600088e+24
1.1720293270736774e+24
8.498580699780467e+23
1.0720167417307558e+24
1.3064993679893576e+24
1.521042026196856e+24
1.2926189109758192e+24
8.56024240539643e+23
1.403976844450935e+24
9.711089400018423e+23
1.2920008101524674e+24
8.606111720301373e+23
1.1805189056681965e+24
9.799706671480134e+23
1.0729048310999687e+24
1.1934876641766379e+24
1.299548267230138e+24
1.3963139737663513e+24
9.783344032873235e+23
1.1968035063229651e+24
1.195221100165794e+24
9.652903844218217e+23
1.179856261218674e+24
1.1924135267439562e+24
1.2961345917002555e+24
1.1973330061419979e+24
8.546902315458194e+23
1.5277071055251723e+24
6.469665451695043e+23
1.1865918103406846e+24
1.416236057038172e+24
9.69700959947089e+23
9.652072823126476e+23
1.0771876393630701e+24
9.759161639422095e+23
1.2790623921836094e+24
1.6240441514268156e+24
1.3993626820156625e+24
7.523869620285549e+23
9.547952577746924e+23
1.41650345474761e+24
9.79232313811055e+23
1.086667508076096e+24
1.2938827011108903e+24
1.0821375155956905e+24
1.0732951644832286e+24
1.3061271089587772e+24
1.2876848853731936e+24
8.506134535714429e+23
1.2901507053187395e+24
1.078785470348965e+24
8.506337935513943e+23
1.0773238482708939e+24
1.5094380133274825e+24
8.652728106386254e+23
1.4114067882591037e+24
1.1987179663990995e+24
1.5226054692441086e+24
7.421214454270838e+23
9.744666982758014e+23
8.541714044838473e+23
1.7366548664802946e+24
1.0677754932479658e+24
8.592044424983369e+23
1.842728736293872e+24
1.0832966528418393e+24
9.700607085408546e+23
1.5153152844469074e+24
8.444774715177582e+23
1.1625804263783267e+24
1.5116979987149655e+24
1.0686264183501037e+24
1.2976328378949213e+24
9.619176401386276e+23
1.2950907971996945e+24
9.578640840257516e+23
1.1877164024444167e+24
9.597062291693505e+23
1.3969641032754593e+24
1.0896273787413702e+24
1.9668102389436536e+24
1.4179576178795356e+24
1.0720594406402979e+24
9.639876207688941e+23
7.510510563156007e+23
1.5108025339273066e+24
1.0738788312764108e+24
1.0920350852224869e+24
1.068163656529524e+24
9.837100455362221e+23
9.66500663137964e+23
8.542226348295648e+23
1.6334373465354254e+24
1.0758075572080523e+24
1.1875446949680614e+24
1.1870432380787458e+24
1.1880982198022563e+24
1.4051010332010255e+24
1.5168486825033023e+24
9.772021780044355e+23
1.191463301069947e+24
1.413241660511517e+24
9.672028512329085e+23
1.0839434748088648e+24
1.188784984968433e+24
9.760250519036314e+23
1.3046735556423885e+24
1.186306479438268e+24
1.084169597520299e+24
1.1813694357202046e+24
1.0766999418854099e+24
1.299016763027796e+24
1.168584378407245e+24
9.531362515099404e+23
