3863014090599689.5
50923857694871.7
31365462481426.965
22276140423698.965
3826608350094.222
6181579815442.963
4549478051688.296
2178842962147.5557
2196151110618.074
3737017008128.0
1899817684536.889
692502249434.0741
815889404586.6666
579798932195.5555
732633209078.5186
774274397525.3334
760576213295.4073
602143896917.3334
528449488365.03705
453762845866.6667
402261396764.44446
213156744808.2963
407252148451.55554
262090134110.81482
237839079926.51852
253804665135.4074
169170765444.74075
193761196501.33334
163162379804.44446
214385468965.92593
170324752706.37036
212323575675.25925
281626167713.1852
239132712239.4074
131483518369.18518
211628793381.92593
222104343676.44446
153785030978.37036
407951771572.14813
439946167049.4815
160875830992.5926
196737684887.7037
229825144485.92593
151781111106.37036
223318360519.1111
313990363524.7407
286542751952.5926
170082265102.22223
164011143879.1111
122097141380.74074
209254643625.48148
238928633218.37036
242677989707.85184
287468553045.3333
255148096256.0
180169100470.51852
233085593097.48148
632174439300.7407
989669478703.4073
211519622147.55554
199011943495.1111
194751256557.03705
374311375985.7778
548755998340.7407
196500395994.07407
202008593403.25925
276727998042.0741
97480749270.51852
326295038928.5926
271202816265.48148
336967567094.5185
480286043325.62964
262778045828.74075
347015575021.03705
150287938557.62964
275012273284.7407
509959425441.1852
923774093312.0
743686582727.1111
449645318219.85187
270563470222.22223
199116757604.74075
221347721903.4074
370805898581.3333
390048452551.1111
139878021944.8889
69458921092.74074
453862894592.5926
391935551639.7037
199473395949.03705
280765444067.55554
174346423281.77777
208444520846.22223
112604895108.74074
126002818149.92592
275500500693.03705
171347031589.92593
226870264139.85184
105498028003.55556
129785652770.37038
178951902295.7037
153794596525.03705
235679242315.85184
303278157236.14813
395398256848.5926
330433574570.6667
208595232900.74075
223784065782.51852
98882146180.74074
191429406708.14816
209950743159.1111
179399272094.81482
236799330324.14816
141702812283.25925
125772677688.88889
170324958909.62964
111041390601.48148
137277548491.85185
110274315813.92592
177598415890.96295
180215597795.55554
191470067335.1111
172751961763.55554
175193087042.37036
148933047978.66666
127785039925.33333
112670071917.03703
185082139371.85184
120735824502.51852
91282922211.55556
128940935898.07408
159891363294.81482
171348767841.18518
181302751867.25925
154738634679.7037
162097450979.55554
229742298064.5926
105114374418.96297
82748331676.44444
126060521576.2963
115085591634.37038
174947837051.25925
146577558736.5926
162907193353.48148
144273202062.22223
149142935291.25925
86030829877.33333
131022685837.03703
129768161166.22223
110899905505.18518
93824108091.25926
148321654586.66666
142959698247.1111
90145806594.37038
105133381124.74074
104680617680.59259
78797794970.07408
88183259197.62962
81809283612.44444
105880339899.25926
53393389552.888885
89873546896.74074
85645331278.22223
66837531662.22222
81715132659.85185
83410457994.87038
58682304247.703705
96030894245.92592
91231462139.25926
102384334162.96297
8.179333300594885e+17
1.0769596923983031e+18
1.1181459625012781e+18
1.1297121249048852e+18
1.0771277267899176e+18
9.006429036665071e+17
7.270908012904326e+17
5.354804930110399e+17
4.0250919378974586e+17
3.241997112955144e+19
4.382851775142468e+20
4.8636895356077736e+20
3.951447288618285e+20
3.0169134288638385e+20
2.2686679835395693e+20
1.605792031925234e+20
1.142442526778569e+20
7.698988559310954e+19
5.2508757416148115e+19
3.42411750157006e+19
2.754915895856065e+19
1.588752689693474e+19
1.5955152237433143e+19
1.3145357175141239e+19
1.7577384026927346e+19
2.0187701154222666e+19
2.4864462440263746e+19
2.5400931918532313e+19
3.0447546131832955e+19
3.351744469862919e+19
3.6539779084692935e+19
3.320865207046787e+19
4.0124137472496796e+19
4.762382231544665e+19
3.9730530309165556e+19
4.28074599270402e+19
4.223849230575741e+19
4.295075707846499e+19
4.736677376327744e+19
4.1879018951516e+19
4.445585736994805e+19
4.67655774200519e+19
4.209325463847756e+19
4.483244287160173e+19
4.789640525656491e+19
4.804373728988241e+19
3.88658770527776e+19
3.685982712832923e+19
3.953775928820144e+19
3.934614157348956e+19
3.169698549554372e+19
3.5660441484012155e+19
3.722670158039577e+19
3.332362877511481e+19
3.1033769529324708e+19
3.260638683904952e+19
3.212259724333626e+19
3.013941178535545e+19
2.647756572281061e+19
2.4534755899623866e+19
3.1839592520170148e+19
2.694915806953307e+19
2.626103690254269e+19
2.32802562983435e+19
2.3616221992176435e+19
3.0104650684520657e+19
2.4019264085146943e+19
2.278713169620048e+19
1.7006004733786e+19
1.4332496581116103e+19
1.9363278274925953e+19
1.092815256838361e+19
2.098922476954493e+19
1.4120323720497537e+19
1.8277955753080433e+19
1.7738088529365459e+19
1.7987175884341815e+19
2.4252476009137037e+19
2.1761044421590045e+19
1.7874900506693046e+19
1.9387879450551575e+19
1.5578309704575148e+19
1.968578076447733e+19
1.3290726926345714e+19
2.1471177162773475e+19
2.0253636168664637e+19
1.7093230986627461e+19
1.8542316383355572e+19
2.328324480148979e+19
1.2893288759083411e+19
1.812160875266215e+19
1.9816156923563004e+19
2.2777345065369604e+19
1.9840889205769576e+19
1.550395843256538e+19
2.0466039539859833e+19
1.5727420483009153e+19
1.4264460338869471e+19
1.6856629334463246e+19
2.143037988563148e+19
1.760558893335831e+19
1.5575287442349625e+19
2.0763518269726314e+19
1.2933680978177868e+19
1.9544666052007707e+19
1.6827926008212683e+19
1.6634254996258578e+19
2.1224709297533993e+19
2.330822979829947e+19
2.3119662586972885e+19
1.558454415947923e+19
1.6358245457694343e+19
1.9375200992152355e+19
2.1720318648336175e+19
1.84143115145278e+19
1.261370516634712e+19
2.0858258030185853e+19
1.6235948917276094e+19
1.494529792343027e+19
1.509427625143578e+19
1.8312993269102316e+19
1.3838522209194756e+19
1.8027151805936538e+19
1.695962749621702e+19
2.0211947839154962e+19
1.733357773319616e+19
2.2681965526581658e+19
1.6170621606983057e+19
2.3003169172209738e+19
1.6555085811915512e+19
1.6386335984374028e+19
1.7749994916808055e+19
1.83711279866433e+19
1.84284297681326e+19
1.5205160848682045e+19
1.7720190651091698e+19
1.9492785056275943e+19
2.2793069832720876e+19
1.621312376852989e+19
2.0053915816805786e+19
1.675752783173765e+19
2.4898328121226334e+19
1.6861088093359464e+19
2.0360765475572204e+19
1.5031550294028093e+19
1.809752218920098e+19
1.6696313967515398e+19
1.2295315328774797e+19
1.610215926325801e+19
1.2756302875666696e+19
1.7612645481907749e+19
1.3027741071045202e+21
1.3987421294175574e+21
4.02713380530908e+20
1.1711103771846566e+20
1.3067172249173765e+20
1.4216508904033278e+20
1.6094180111447504e+20
1.7178376079787603e+20
1.6915909948769773e+20
1.6048306629383717e+20
1.6968466588288405e+20
1.623789960564985e+20
1.558748891020726e+20
1.4261517217047555e+20
1.4189852897957557e+20
1.124717002551826e+20
1.5791008712049597e+20
9.283947809684511e+19
1.2591503904932109e+20
1.307619054738755e+20
1.2585318905653818e+20
1.3290186571356244e+20
1.251627517683039e+20
1.2566943945721532e+20
1.1270922797610564e+20
1.0413814980490874e+20
9.578832434279788e+19
1.025973304020012e+20
9.311167537407926e+19
1.6897611314287716e+20
8.469362310297728e+19
1.1170928386582382e+20
1.0044710806396902e+20
8.272310208971278e+19
1.0107840313077839e+20
1.0006408371023579e+20
1.0263869251760965e+20
1.0282115811641618e+20
1.0208021596287826e+20
1.014598266159429e+20
9.379614303700183e+19
9.278827725595209e+19
1.2009710918279836e+20
1.0897422610592966e+20
1.1053199277022795e+20
1.0198215953068388e+20
1.0962187865303844e+20
1.18617797295163e+20
1.212190323138836e+20
1.3970145519886226e+20
1.0212494922695046e+20
1.1208829310342196e+20
9.42501781478967e+19
9.851949653549644e+19
9.079945053977105e+19
1.2783221223180675e+20
1.1068155061721627e+20
1.001060559173587e+20
9.047935130266975e+19
9.087052694693947e+19
1.0932016837377234e+20
1.0024947003442322e+20
1.0238327287664599e+20
1.119741020049234e+20
1.0118011045061016e+20
1.0233250527896664e+20
1.1170338867134089e+20
5.543268591875244e+19
1.482985907572098e+20
1.1218032980617059e+20
1.1088573876330994e+20
1.10454824997377e+20
1.032261968512381e+20
9.182206284860455e+19
1.3993397740328052e+20
1.204802909804883e+20
9.19567000581067e+19
1.126990210162324e+20
1.0303361884546797e+20
9.988433417493743e+19
1.1872647344185957e+20
1.301188442786207e+20
1.015482334388527e+20
1.1073881184912395e+20
1.4458968696120504e+20
8.821626398405906e+19
6.414661568973864e+19
7.3140138470574604e+19
1.2785243171106639e+20
9.024253311288918e+19
1.2040015270899396e+20
7.020282702294722e+19
1.4844213975788136e+20
1.1004807258205723e+20
7.999065641821333e+19
1.1987326169244508e+20
8.984946678711085e+19
8.902711919528891e+19
1.1668891367245975e+20
1.5946412535104514e+20
9.277797246499563e+19
7.260046114677068e+19
1.1023879626146711e+20
1.48679683391181e+20
1.2241326305573413e+20
8.298505943190551e+19
1.3085275708125097e+20
1.0047601539543951e+20
8.452434533169286e+19
1.9497132152639898e+20
1.0101103397648926e+20
1.2132347677119642e+20
9.3231952982084e+19
1.5813431873236287e+20
1.2027540106091753e+20
1.0808399981253409e+20
8.24619562558208e+19
1.0289553772630203e+20
9.116099346249967e+19
1.4006909576619745e+20
5.300586975353248e+19
1.0079149883691442e+20
9.23447903454906e+19
1.0325184468048804e+20
1.1685820151751043e+20
8.227326845708354e+19
1.079874986395372e+20
8.239786588847353e+19
1.0849019417479945e+20
1.0080966680054792e+20
1.6437016807170425e+20
9.146321966214547e+19
1.2700861543188505e+20
1.0131474648424573e+20
1.0151596867736214e+20
1.6517805555852145e+20
7.2595162870023995e+19
1.2995107159113508e+20
1.017679842303262e+20
1.1071560872289437e+20
1.0923761195297246e+20
1.1025551895269822e+20
1.0093296914976966e+20
1.0046090982111563e+20
1.675524692438975e+20
1.1778934986734674e+20
1.3149436968011683e+20
9.77514349582014e+19
1.006342165389661e+20
1.1879534308337807e+20
1.1238976793703496e+20
1.0409235323164718e+20
1.1962813377555664e+20
9.031069829323548e+19
1.1023074106621075e+20
1.6065440632643777e+20
1.0083986076423619e+20
1.013253932691314e+20
1.496566098160138e+20
1.0039684747349869e+20
1.0128189523510837e+20
9.263353721722946e+19
8.406015668904532e+19
1.1848737074688472e+20
1.1799247102903163e+20
1.128357123323395e+20
1.1110488739400563e+20
1.121852131496264e+20
7.0612488725672755e+19
9.952362242446059e+19
1.2487454370816596e+20
1.008917704185349e+20
1.1202074185270015e+20
1.1171206064171711e+20
1.1294621103154641e+20
8.416036545597373e+19
5.470281782235489e+19
1.3636198422504926e+20
9.684903060127488e+19
1.2080701202127754e+20
1.0951708096234422e+20
7.368129701979309e+19
1.1235593312384326e+20
8.97801704739968e+19
9.966188506485173e+19
1.2010104503737994e+20
1.3103541557817388e+20
7.331932714804583e+19
1.0135556384783625e+20
1.4028193676338184e+20
6.396947024083371e+19
1.0225987856549337e+20
8.836650122233638e+19
1.2162441903904537e+20
8.282962697064496e+19
1.0271815227335202e+20
9.31949516415786e+19
1.0223956352034808e+20
1.217352318422546e+20
1.204534767526532e+20
9.061559915926764e+19
1.1215588942393986e+20
1.1021553047325542e+20
1.2823176924960173e+20
9.17242036260374e+19
1.0277469498204645e+20
1.387548557404472e+20
1.0247989017028759e+20
1.3077270405754012e+20
1.121195931961691e+20
1.2000749399660965e+20
1.1187918240813842e+20
1.1161035775047383e+20
7.378487500594957e+19
8.310764490972661e+19
1.0357054729857648e+20
9.005816613269699e+19
9.916885181379979e+19
9.204106795231016e+19
1.011343428616968e+20
1.4743749980650856e+20
1.022355467905779e+20
7.390654459058473e+19
8.173799400033475e+19
1.1000128098131454e+20
1.216091070059617e+20
8.275956824802368e+19
1.1092415718596126e+20
1.2114705857287828e+20
9.04188995374445e+19
1.2035571094785175e+20
1.669103185257158e+20
8.325518596224069e+19
1.2080430267191674e+20
1.1411479980311867e+20
1.0717773665337557e+20
9.303397904664558e+19
1.0123959100601586e+20
1.5779878611376266e+20
6.460001204037143e+19
9.748869787901264e+19
1.2690679393082493e+20
1.0170174195837791e+20
1.015581998703767e+20
9.114702349279984e+19
1.398689841307284e+20
8.828474415921573e+19
9.32834084820868e+19
1.207231486043883e+20
9.210955040284507e+19
9.991986148775716e+19
1.5710320671506517e+20
1.1914223608009105e+20
1.0893783163475883e+20
1.0281967750184142e+20
1.1057423965673487e+20
1.21852262108841e+20
7.1873630369799545e+19
1.3178564468541116e+20
1.2911203947029812e+20
1.373312510701081e+20
9.13274145269587e+19
1.2082002681824756e+20
7.2776349166690296e+19
1.0916605352194256e+20
9.334390940464441e+19
1.1364148232265222e+20
1.0291174871194803e+20
1.014176546438463e+20
1.11501769035313e+20
1.0096018534073067e+20
9.141472230655122e+19
1.0865585108631265e+20
7.235262391615377e+19
1.0826523362744597e+20
8.130057715760833e+19
1.2259603765294039e+20
1.2027544034809689e+20
1.0948494339805993e+20
