0.9788284561516326
0.34374727974703284
0.2506798055252911
0.19857537438288148
0.15979768804699918
0.12052827621407715
0.11171267505873132
0.09166576386325889
0.08331199521543803
0.07142526370323735
0.06414258691286784
0.05721752902055964
0.049157811296574865
0.04496835489400927
0.04038170014772518
0.035854668788795854
0.03333220489461113
0.030310953208417805
0.027238789671043186
0.026243958944155845
0.023551937421484863
0.02155389768059975
0.02104219008743027
0.0208568715720357
0.01936282526563715
0.020268682117953345
0.01905510836614319
0.018746156984779203
0.018610125832995515
0.017131680244418943
0.016589191938853925
0.015525418784423374
0.015830599177444792
0.01544984150218007
0.016188373743200007
0.016150596043393934
0.015167409602414679
0.015163595905458486
0.01680801758358692
0.015453865980430517
0.016266032056538045
0.015413282716209873
0.015381365454537265
0.01486740337546777
0.01453820824807073
0.01585793879435018
0.015581755918439156
0.015859926844958537
0.01558968367078054
0.016144226491451263
0.014928301135193051
0.016827913615162726
0.0146501270973664
0.014824275842603343
0.0154895484642942
0.015889727532357713
0.015330600812111371
0.0158021533700787
0.014369817354060985
0.015737794057960497
0.013590030292807906
0.015900583101873412
0.014691372244492356
0.015693596467651703
0.015406438585278797
0.01526744626922372
0.014677452852512584
0.01488285862300315
0.015233348628483068
0.01423632409768524
0.014581494547288727
0.01427055309975037
0.0136875704160811
0.015430119145017716
0.014023312212278446
0.015161526306635803
0.01629242037227492
0.014288605976113934
0.014540352138840121
0.014350212851746215
0.014482465898043211
0.01398109464365759
0.014178575437378
0.01549131238580118
0.01496333542889283
0.016622932071303144
0.014346210335461814
0.014218946271518498
0.013349246477455268
0.013978592407556228
0.013800142406497472
0.013931560771608795
0.01567618601874989
0.013671296038147476
0.014522288291266672
0.015702415124317744
0.014075224138336418
0.014199507642353391
0.013976073301868674
0.01410690655954826
0.014015890825769784
0.014105180502627735
0.013782027524746495
0.014665672654446996
0.013880939225171819
0.014778908860674242
0.01364581534570014
0.013796322246622524
0.01383137566462895
0.014382122490371083
0.014512603535650322
0.01360077251576715
0.013900483357087698
0.013900697976350785
0.01440519128040767
0.014008652606266148
0.015455997068388962
0.014598830925001775
0.014773938050608577
0.013672135012615242
0.014474566181960665
0.014258561671975954
0.01352010439897393
0.014689122984346784
0.01497630463499162
0.013860833454003305
0.01416277734355794
0.013952286565607345
0.014297623927762479
0.013709668995651566
0.013799524029003985
0.014113852032172827
0.013674037503423515
0.014476741978001815
0.01314745185965741
0.0146000380926754
0.013469030664382894
0.013845177469660103
0.013284530521680911
0.014388304571678608
0.013540980530281861
0.014190541745887863
0.013497071556838942
0.01456370234006533
0.013007762309531738
0.01416289407391975
0.014034796360144276
0.015691365727027992
0.014695298202611782
0.014390612554586964
0.013320630332340062
0.013224959502249589
0.01362976689627509
0.013431345287388489
0.01364213223396628
0.014735674562599556
0.012735610113789637
0.012502940106033176
0.015069952313960702
0.013989866171952015
0.01488427046203503
0.012691824164609481
0.013831324798319443
0.013330812794788751
0.014592842579485826
0.013501195015132795
0.014690041769709852
0.013229575009303697
0.015324574912449828
0.01338209614134681
0.013386948510176605
0.013078473208265173
0.013096266559520621
0.015313069085464065
0.013259645513500328
0.013124416721409854
0.014433733799299341
0.014585712830317609
0.012691876421004165
0.013156808487335105
0.01487040545584427
0.013266585751172202
0.013771616420306174
0.013293245178359895
0.013768969559007221
0.012845402128166622
0.014201465694026815
0.012843613056351006
0.013896795074788876
0.013457982330640526
0.01433931259714343
0.014735892052865691
0.013843511477296734
0.013677515368908644
0.013683819870843932
0.014970845798099482
0.015550430040852523
0.013542928278768136
0.015273546482677813
0.012948079893572464
0.013839031599554014
0.013204101115511156
0.01385913847911137
0.013418267880003025
0.013922175529332441
0.014901850720936501
0.014051559435226667
0.012936975149276816
0.014620325939706814
0.015011508900810171
0.01400056920002824
0.012946818052664583
0.013596300870456077
0.015168590745946139
0.014767102091170756
0.016210545756980593
0.015375754406192788
0.013793541455388436
0.014883145519796713
0.014011412355358953
0.013835482223442308
0.015533555694568305
0.014045121882938676
0.013634027516538347
0.012957302407350069
0.014790785287357408
0.014135680160266749
0.014587674352029959
0.014079794568228133
0.013624629028785376
0.013364749169552033
0.013764200380278958
0.013515718453736216
0.013813145358667329
0.013525178252408902
0.01354833382561251
0.013255502163995932
0.013852166216590522
0.013813185650441382
0.01467678545065868
0.013396150975223677
0.015140228587444182
0.014081723139517837
0.013659165255771375
0.013508170415405875
0.014005986871312798
0.013653793337720412
0.014103794949888079
0.013333502918895748
0.013859421336724435
0.01323349125177404
0.012812928784132739
0.01424912938411221
0.01356136120027966
0.015364055647112337
0.013570979551446658
0.01281037265204905
0.013479935504312132
0.01387011248871316
0.014784209745257725
0.0137882355508613
0.013845974109193058
0.014220412092766276
0.013410698806430086
0.013668441856394948
0.014447385752228675
0.012535664203496258
0.013349364513968244
0.013344459066650383
0.013239858150022266
0.013762739674406655
