-0.013636364803913935
-0.013530672295593921
-0.013422112097894704
-0.013296845290855862
-0.013211091053614645
-0.013149488767907943
-0.01307236706998981
-0.012989785625702806
-0.012922415951335873
-0.012852699311887041
-0.012753151437658587
-0.01267123944643471
-0.012610553832793678
-0.012556201999110204
-0.012501999620854118
-0.012451632865877063
-0.012406353615684275
-0.012355545990996891
-0.01231139597747429
-0.012263186809457378
-0.012218583545383112
-0.012148890172901713
-0.012081452378612242
-0.01201365170425471
-0.011995505996876293
-0.011954864238699276
-0.01192197188689017
-0.011906960473200421
-0.011872358015381996
-0.011849250764022639
-0.011846455050931301
-0.011860435674495903
-0.011871416066531781
-0.011872197315096856
-0.011859018705141397
-0.011850639446466058
-0.011864581350007175
-0.011861167287017093
-0.011847945824725392
-0.011846059038775203
-0.011856120817915157
-0.011834735956824856
-0.011820644112648788
-0.011819728178742491
-0.011833444955172362
-0.011824817587564021
-0.011817783924440543
-0.011833450982324136
-0.011850995443945314
-0.011866657681947137
-0.01188128848594648
-0.011872075921223487
-0.011871694692950926
-0.011876557038430078
-0.011875030899673332
-0.011871628231012527
-0.011877748777193052
-0.011870744251818569
-0.011887757898664768
-0.011894424137785848
-0.01191057883846907
-0.01194747261427067
-0.01194600893161547
-0.01196866511930654
-0.011979853205474806
-0.012000621034315338
-0.012019306782311128
-0.012032306408164677
-0.012059147481197192
-0.012080075053705109
-0.01209923142084369
-0.012126407567641617
-0.01211487992356221
-0.012119789982651487
-0.012123364796517072
-0.012115012401323996
-0.012122101467792634
-0.01214063185048692
-0.012166823906663023
-0.012181353435656172
-0.012186325318467469
-0.012227827770474516
-0.01226767511739407
-0.012290122077144958
-0.012314638810485234
-0.012349689117184391
-0.012356207540465725
-0.012363323486513561
-0.012361889999405837
-0.012350782282926418
-0.012354216646449066
-0.012369040287111277
-0.012366249272024926
-0.012388043967937981
-0.012401749844444386
-0.012403032059470813
-0.012402013877843633
-0.01240773054736632
-0.01240221934829965
-0.012395551644357634
-0.012406575114086823
-0.012412330204689945
-0.012418502720969695
-0.012420272535104075
-0.012408072506020098
-0.012450329184440183
-0.012457220877210299
-0.01247995020016844
-0.012479463134558848
-0.012485568768080369
-0.012496376083588894
-0.012501211114871649
-0.012526504803494907
-0.012559958821001612
-0.012593441744001559
-0.01260057348114105
-0.012610654247763716
-0.012629220510522525
-0.01263209366136127
-0.012634118319845494
-0.012621835828471331
-0.012628904389746395
-0.01263812591586216
-0.012631678753704936
-0.012629289918199733
-0.012619657773110601
-0.012627696738014987
-0.012640637062765935
-0.012648742910428548
-0.012652622931349425
-0.012644549610990066
-0.012651225197830318
-0.012648936565735458
-0.012664952055539615
-0.01266465323206819
-0.012669990653241122
-0.012677596438170215
-0.012691810186722396
-0.012690427129007417
-0.012691407689801705
-0.012691338298221428
-0.012675722529766736
-0.012678094104760222
-0.01270639394858369
-0.01273491447676479
-0.01275179090415254
-0.012752381767387744
-0.012771795117468746
-0.012759570018560798
-0.012756049593933571
-0.012778712135314205
-0.012783549588035655
-0.012761066306704356
-0.01274508729485082
-0.012763390310660556
-0.012764221885138087
-0.012761552576665525
-0.012763502989194275
-0.012760348555942377
-0.012779131770869832
-0.012778728646168738
-0.012763866382064643
-0.01276348024652696
-0.012756319346343293
-0.012785719682313042
-0.012788879737993817
-0.012769812936492172
-0.012777888204580472
-0.012794965530895156
-0.012789336465483095
-0.01277947830795138
-0.012761775544488136
-0.01277019358297557
-0.012790010365898963
-0.012797262048187815
-0.012787084120475216
-0.012787803699388917
-0.01277251391913052
-0.012756805591009281
-0.012758696785219658
-0.012772882525107743
-0.012766625017019702
-0.012752740303583351
-0.012752466191204242
-0.012766920464734237
-0.01278366900658534
-0.012776865301952685
-0.012771454446569637
-0.012783391019444406
-0.012792674856789319
-0.012776730614311902
-0.012774193319089619
-0.01277157183230659
-0.01278722202980224
-0.012773060449111608
-0.012772761563552015
-0.012794776911628836
-0.012823821831908491
-0.012807945500093478
-0.012803023269422996
-0.01279845916332654
-0.012795256170225732
-0.012764787073764536
-0.012764744630750315
-0.012777541239780409
-0.012798888137403094
-0.012799369833535619
-0.012806434522348422
-0.012837367562324177
-0.012833555762506561
-0.01284639719919658
-0.012848264684923637
-0.012835087983604566
-0.01284605658578652
-0.01288496012121071
-0.012900827001826263
-0.01291766750085869
-0.012913825496295352
-0.012905341842108302
-0.012892324470535472
-0.01289520271950298
-0.012912981734139684
-0.01290293688437453
-0.01289272013315816
-0.012902417746774945
-0.012915329368394098
-0.012900672379283258
-0.012891423092856083
-0.012907418730542247
-0.01292068984957389
-0.012929894703865788
-0.012938772362691385
-0.01295069782178343
-0.012956027350859878
-0.012955098311750242
-0.012937382118845427
-0.012923850776788629
-0.012914442103126167
-0.012941414366165797
-0.012936947113017978
-0.01292332881072789
-0.012912550193752035
-0.012910386529049755
-0.012919964349288264
-0.012935819014630937
-0.012942383670604523
-0.012912672535044911
-0.012916220402644004
-0.012920024873757804
-0.01292658401998105
-0.01292866212948237
-0.012912272116928188
-0.012906605065052892
-0.012894573856007169
-0.012896703061774189
-0.01289946145987437
-0.012905960707108916
-0.012894788221168666
-0.012895060914718074
-0.012911655751551374
-0.012916293271161892
-0.012905474690099557
-0.012900046866249156
-0.012893314052511144
-0.01288263540668988
-0.012869355043419349
-0.012869000920083052
-0.012880822643637657
-0.012890637436030824
-0.012883468491979588
-0.012862590863656851
