0.9935283627039121
0.35868631691476444
0.26556713537853444
0.21339877533875865
0.17440696289233956
0.13531268040569108
0.12624146883479423
0.10626691553028829
0.0979519593782355
0.08589710429810954
0.07856674454531368
0.07161453963303363
0.06330189372953257
0.059071976019437485
0.05439853159980963
0.0500241678762882
0.047277024491506135
0.044009988965972524
0.0410060419689542
0.04015030346761952
0.037264044072915926
0.03540132663860906
0.034745827879049576
0.03450076233359905
0.032862967052381994
0.03390900527377164
0.032525700453042206
0.032177562150675916
0.03193644828516645
0.030369220055743225
0.02972669268262653
0.02871609853600715
0.02895339582586822
0.02862644844363662
0.029510170403353433
0.029318056642624008
0.028273660655961267
0.028173236969145542
0.029878699679767
0.028481805070740298
0.02932737773862081
0.02843287834641811
0.028308510729815974
0.027837254202502125
0.027491686971179773
0.028859070273487036
0.028546197608078794
0.028795510798083318
0.028596222930929886
0.029053938853695276
0.027915200043360438
0.02979028478363977
0.027719215900467616
0.027772735687257306
0.028564080482429283
0.02885828569393467
0.02827388802183976
0.028974471442088093
0.027471684584649922
0.028839239238597523
0.026598070058209914
0.02899883521410326
0.02770623253488821
0.028665467059846253
0.028553479503449282
0.02843723358657573
0.027800103943266066
0.027997826920451458
0.028447357027067077
0.027401150634762384
0.02775343502368663
0.02763834032050426
0.02701455533790494
0.028774168644025693
0.027315139467396807
0.028443148930522577
0.029552247347583258
0.027487863734994015
0.027879510342465413
0.027765215758699925
0.027843745219173415
0.02729128433397201
0.027612377966274106
0.028884585531152508
0.02840007639972976
0.030216747416718
0.02789753084918944
0.027768927965281576
0.02692306212883983
0.027605096657291904
0.027488770173434283
0.027544270466616446
0.02922718981503693
0.027225755957633626
0.028042832426841795
0.02926333277546628
0.02765283266292241
0.027841413084038154
0.027535794061654604
0.02772778559398527
0.027582940838032366
0.02768773756034523
0.027433442301548053
0.02837475506699483
0.027449245202889733
0.028455971847331427
0.027255598235700028
0.0274920928606729
0.027568453793589277
0.02805956825750512
0.028296782552368113
0.02729477717729435
0.02770528555337489
0.02755434147016157
0.028227892969835574
0.027900746483700695
0.02924329191374443
0.02842976661782746
0.028601579664470512
0.02744082103808192
0.028313855230765142
0.02818983367336684
0.027394030811581302
0.02856943845823637
0.02880300937060922
0.027671094567811024
0.027970853742401772
0.027744565013706982
0.02806796907831018
0.027683382372322988
0.027638883397764998
0.027954834310358022
0.027488259734718107
0.028314939874833748
0.027071224223537783
0.028389396461554698
0.02734228974476997
0.02777811282840385
0.02721950891334276
0.02833892811602844
0.027539080813639212
0.028135377864416597
0.02748748246489817
0.028558464116922776
0.026957145912061088
0.028137698545937
0.028097285476964495
0.029683857559467907
0.028709862197614216
0.028342085107327383
0.027292864279603056
0.02723757782476713
0.027612400490123732
0.027345092255007017
0.027618174843510247
0.02875530025655875
0.026688806812586494
0.02650872719449704
0.029037921476669403
0.027986998631429203
0.028940697118530718
0.026722603066850245
0.02780320520331669
0.02730463350480595
0.02863488743781618
0.02746324774429754
0.028703958565443985
0.027135363206652535
0.02940340674608762
0.02741631614058681
0.027483714134705448
0.027197723621416287
0.027124913310758586
0.029308614362517003
0.02724779671040812
0.027190104460869745
0.028508866049728736
0.028620448583208117
0.026711399176008538
0.027185381752263503
0.028857789842992514
0.027277028648237365
0.02773604862863359
0.027325888358295126
0.027799804887826338
0.02684126383147812
0.028206796896281756
0.026840827206184192
0.02788442091270419
0.027548335803267373
0.028303371989139483
0.028758916941566254
0.02792043292860466
0.02768128868997281
0.027692757825292416
0.02893695919673867
0.029502427649546276
0.027602495650766577
0.029346865154429122
0.027000212949487946
0.02794217269603209
0.027200537393039185
0.027916464559521157
0.027518543845939415
0.027979714874563348
0.029092176214728597
0.028138105465058974
0.026967892609967816
0.028870124309065028
0.029032128293463893
0.028137241210069875
0.02699563494541418
0.027637333645094415
0.02925600357034623
0.02884436041881319
0.030332839644634752
0.029531070832551146
0.0279038099104964
0.0291053457490318
0.028244743368985064
0.02807624729171993
0.029743677940949752
0.02816461730003932
0.02780943150246907
0.02705840825507084
0.029035744490820546
0.02838183877649027
0.028735813847814835
0.028230854052544375
0.027708298120975357
0.027544322424068082
0.028012988044963688
0.027673882122416005
0.028095946965284967
0.02773187533940798
0.027849574401876947
0.02742287486146296
0.028031355433775412
0.028001072481533305
0.028949133426247074
0.02767493583040634
0.029295431158324288
0.028338300309037605
0.027868068279241452
0.027704266276150184
0.0281343618951117
0.027808623909116665
0.02830494278596346
0.027568962855155317
0.028048811373329596
0.027370134184717627
0.02701967254763952
0.028397272282530105
0.027698754501546286
0.029570381788832974
0.02780298470594219
0.026818958877292635
0.027739390152374307
0.028080114281885785
0.02899481599667558
0.028055901880186328
0.028003890173478097
0.028295846890951333
0.027541411706004982
0.027774482793002216
0.028625535543427377
0.02658998749382725
0.0275137256956688
0.02748235182737483
0.02739679212509482
0.027930284286044355
