-0.001063541108117096
-0.001408364919498039
-0.0014652176915264333
-0.0015265552061374534
-0.0013981840617020664
-0.0016349153227408146
-0.0014564266198540093
-0.0016113661052307574
-0.001717548411224025
-0.00161914131382156
-0.0016710061551890396
-0.0017257712560010906
-0.0015335286333529729
-0.0015474189709264068
-0.0015148319294336868
-0.0017178663952378747
-0.0015384660012753037
-0.001343489794092775
-0.0014558562095992572
-0.0016431575690352804
-0.0014935231683446363
-0.001698538766588487
-0.001622185386529108
-0.0016302391207678427
-0.0015046358064871297
-0.0016854588735043692
-0.0015486201548962728
-0.0015244447664958165
-0.0014539644766228866
-0.0013882891146573052
-0.0012910456693018763
-0.0013302440549417204
-0.001251380656214347
-0.0013044095848709413
-0.001462777933636271
-0.0013168211867683425
-0.0012416698410692214
-0.0011484736489106625
-0.001222736386101462
-0.001181880018179248
-0.0012052249376846452
-0.0011848597238064851
-0.0011065012173840816
-0.0011501226745893496
-0.001120033689373291
-0.0011763139858488032
-0.001146657841989422
-0.0011021328716560711
-0.0011555438492970875
-0.0010430547273244022
-0.0011056102980935493
-0.001090295296750478
-0.001197394124776773
-0.001071902809340478
-0.00119950109050254
-0.0010969299411647232
-0.001065538422556828
-0.0013015739035105586
-0.001214109338492705
-0.0012070210928732158
-0.0010974609335275083
-0.001150779555530928
-0.0010688512815260059
-0.0010032055276495574
-0.0011671877314413759
-0.0011691662181957372
-0.001103344337098759
-0.001082661931928265
-0.0011548608833199467
-0.001084751509923173
-0.0010727090709900793
-0.0012413796138704605
-0.001212105028088179
-0.0012242594538905936
-0.0011684625049872587
-0.0011666102608692405
-0.001137725415472062
-0.0010586258594328388
-0.001172334295414546
-0.0012336495037696185
-0.0011749540456936322
-0.0010823619151895797
-0.0011661274731934465
-0.0011031511458312905
-0.001122102262127132
-0.0012441261824628043
-0.0011951129070355846
-0.001186658262092925
-0.0012119256796332143
-0.0012757219275860638
-0.0013344110835071328
-0.0012436693536317794
-0.0011847545832304328
-0.0011664159684635373
-0.001118794244523735
-0.0011578856174264238
-0.0011755945766325027
-0.00123417488222772
-0.0011575013385300033
-0.00122532732169883
-0.0011604748201159546
-0.00117022674051637
-0.001232912154823071
-0.001288809780933536
-0.0011602334862254732
-0.0012267338156608976
-0.001152562059360207
-0.0012158204521086756
-0.0012576150449461
-0.001191877010409212
-0.001287802902759071
-0.0011927934976132027
-0.0012782974272010118
-0.0010936847094496014
-0.0012292599514966973
-0.0012915204911043748
-0.0011766406408313791
-0.0012017152874662517
-0.0011955479695580974
-0.0011345677267516055
-0.0012174533043277879
-0.0013023675314395276
-0.0012358004224030015
-0.0012486366387797678
-0.0011974148516330258
-0.001190603312843001
-0.0011803795833334558
-0.0011516414359661136
-0.0011216021993618816
-0.0013210905322035805
-0.0011948097470148777
-0.001189757090544242
-0.0011652856198776243
-0.001173245805416294
-0.0012591191468325927
-0.0011193676777185506
-0.0011956626236047825
-0.0012411251732824926
-0.001244551375558149
-0.0012592159058546525
-0.0013067620272996972
-0.001269113476831122
-0.001312316825070535
-0.0012883678068979878
-0.0012144691017546554
-0.0012230135936177227
-0.001310107344320747
-0.001220696748981562
-0.0012549940188790007
-0.0011954229622870678
-0.0011935217617736417
-0.0012290687686117327
-0.0012215672794246369
-0.0011686595745275792
-0.0012126523003906395
-0.0012554038568308647
-0.0011916441464708714
-0.0012422842400902471
-0.001207620505001165
-0.001218000674266176
-0.0012776980139475157
-0.001266912489009864
-0.0012084002238073783
-0.0012175013171843532
-0.001256325152111016
-0.001173173007179374
-0.001244103907872589
-0.0011278999156583728
-0.0012838663410121502
-0.0012448835043275704
-0.0013172873409576537
-0.0013574748559974214
-0.0012584532500667758
-0.001205534914899181
-0.0011908891467659348
-0.0012786036527642616
-0.0012873285753010242
-0.0012622218772623582
-0.001262717219485606
-0.0012698764591716012
-0.0012145019234599728
-0.00124381785613726
-0.0012116918642093514
-0.0012801769887304274
-0.0012639149235521862
-0.001212192671382005
-0.0012284658753150654
-0.0012257597849308934
-0.001204234897124513
-0.0012976785600281706
-0.0011873288429440501
-0.0012488316548272306
-0.0013053496644812306
-0.0012165512317174887
-0.0012358774130070763
-0.0011933518733299568
-0.0011572206379688796
-0.001235745486962829
-0.0012653732458323475
-0.0012491097695283035
-0.0013046818895463168
-0.0012011800484985455
-0.0012925389249653283
-0.001335531301724983
-0.0012799980748191627
-0.0013914373755187063
-0.0012871761943943018
-0.0012244829346519349
-0.0014124308219598553
-0.0011870635553802922
-0.0012902747174253525
-0.0012005522207717695
-0.001205944819432334
-0.0012413562431100268
-0.001192298223250497
-0.0012214669859637053
-0.001237649075142425
-0.001196442900893312
-0.0013168584055924409
-0.0013410064364582058
-0.0013455623383719108
-0.0012971404121977037
-0.0012165585668870095
-0.001282683909929602
-0.0011986881123549312
-0.001329629866243376
-0.0013454862118644593
-0.0012567164689848396
-0.0012436408955814162
-0.0011629794171333877
-0.0012496785210432588
-0.0013100153249843737
-0.00120746587623013
-0.001326774317066686
-0.0012515986654527364
-0.0013638584070675937
-0.0012435217966351136
-0.0012647469719095357
-0.0012464724131608287
-0.0013354009202950407
-0.0013554561148241915
-0.0012426524408601064
-0.0013461906409887334
-0.0012889386089663362
-0.0012602767935542322
-0.0011859913618700113
-0.001242157946043494
-0.0012849273576777682
-0.0013154350089903833
-0.0012628060938364224
-0.001207980745102426
-0.0012944716514924435
-0.0012415377947146092
-0.0012428195693175764
-0.0013096230675832198
-0.0013325437301151962
-0.001102625510862198
-0.0013646663999339022
-0.001314940828729222
-0.0012989505521771403
-0.0013513730298363054
-0.0012524412911596192
-0.0011753879592180006
-0.0012373987913995913
-0.0012234055140843225
-0.0013087947695053725
-0.001185322471640208
-0.0012835385949432946
-0.0012472553345033973
-0.0012734655208656027
-0.0013049537339601465
