1.2940232178196311
0.5576233888976276
0.45652947211638095
0.38305237917229534
0.3356770253740251
0.290334609663114
0.2637333994265646
0.23615587051026524
0.20429394233506173
0.17909004722023383
0.1520697180996649
0.1374305916717276
0.12199822700349613
0.11294213298242539
0.09548848014092073
0.08783370510209351
0.085749924328411
0.07628012940404005
0.07186197844566777
0.06902770866872743
0.06664911237894558
0.05849593817838468
0.06238980873022228
0.058305982407182454
0.05780394729517866
0.058672877040226015
0.05438555329455994
0.0536831768025877
0.053162643566611226
0.051156295239343307
0.05200979050860042
0.05001255389652215
0.050988188362680376
0.049858008648152465
0.046962613848154436
0.047374833247158674
0.04784451552550308
0.048064196489576716
0.04960269031871576
0.04986313029075973
0.04726222839672119
0.047781387946452016
0.04796236221154686
0.046087240322958675
0.04633895363367628
0.045276873648981565
0.047308524989057334
0.050502101809252055
0.048461434670025484
0.05206840538157849
0.04972392956842668
0.051376883190096125
0.047347685127169824
0.04835739872651175
0.0495523904915899
0.05118647695053369
0.04768351765815169
0.04760314533195924
0.04532375409980886
0.04463690798729658
0.04369063190242741
0.045763993373839185
0.045000832695222925
0.046120765061641575
0.04448130351811415
0.04287971779122017
0.043761282200284767
0.044833306441432796
0.044714999760617505
0.04299503601214383
0.04536190735525451
0.045462386895087546
0.04769954715884524
0.04804885764606297
0.049226428047404625
0.048940451568341814
0.048840819705219474
0.04677332788851345
0.050248283881228414
0.04831647801474901
0.049657154551823623
0.04900651509378804
0.04842864651000127
0.04554070149024483
0.04841953948052833
0.045656669473100917
0.046795817115344106
0.04711334995809011
0.04473918157164007
0.04619045951767475
0.04321313356049359
0.044003894002526064
0.04532411966283689
0.046907236141851175
0.046891761719598433
0.048749558269628325
0.04759320935845608
0.047327260952442884
0.04816873720556032
0.04782876161916647
0.04830574431398418
0.04691704664437566
0.04565870248770807
0.046158322111296
0.04610924430307932
0.04733466789475642
0.049011406909266954
0.04875450732797617
0.0482175382116111
0.0484919073729543
0.049382128610886866
0.0483519991117646
0.0483451557403896
0.04931064201082336
0.0477339902688982
0.044253461819607764
0.050489147746702656
0.04837265840033069
0.048454576719086616
0.04678238299093209
0.048129741838783956
0.04801712734333705
0.04720717108284589
0.04642406130442396
0.04609227611508686
0.04537841906567337
0.04765008383546956
0.046687379664217585
0.04903107322170399
0.04770921017043293
0.04699242788483389
0.04620096363360062
0.04568751509068534
0.04543290679866914
0.044616425952699504
0.04614900555461645
0.04594046116108075
0.046060261005186474
0.0454630420950707
0.04633435976284091
0.04741391367570032
0.04598019275581464
0.04633145963452989
0.04601584066695068
0.04771488096739631
0.047358395048649984
0.04786414261034224
0.04837824829155579
0.04648069609538652
0.04958602508995682
0.04781151774514001
0.0492776599508943
0.04848539766971953
0.04743647672585212
0.0475074895308353
0.04731145027908497
0.045997383876238015
0.04474160283134552
0.045946972162346354
0.04604644584469497
0.046945874139782975
0.048952422142610884
0.04736706506519113
0.047833789515425454
0.04841326829337049
0.04699345235421788
0.04644389454042539
0.04596030365501065
0.04731725814053789
0.045286263653542845
0.04832449011155404
0.046517374910763465
0.04785721667867619
0.04698584730213042
0.0476917896681698
0.04775461422104854
0.04885989824833814
0.04908442235027906
0.04857639432739234
0.047157144916127436
0.047927372381673196
0.04731822115718387
0.04746529239055235
0.048352813650853935
0.04738327751838369
0.04766113997757202
0.04928609382186551
0.04655305196502013
0.04995196490781382
0.05052984284266131
0.04725600964738987
0.048512776756251694
0.0480390272277873
0.04861111703939969
0.047436207585269584
0.047447019460378215
0.04753002985962666
0.049660463255713695
0.048377835750579835
0.04723172791709658
0.05038949656591285
0.047556501124927306
0.04727147279772907
0.04673988420108799
0.04886020107078366
0.04799583078420255
0.04834036378597375
0.04722086121328175
0.04609439602500061
0.04903964355908101
0.047219395585125314
0.0465608150276239
0.04848626498423982
0.0480065790208755
0.04695754570857389
0.0462221108347876
0.04750885894172825
0.04874973376572598
0.047768107945739754
0.047848798117775
0.0485880767373601
0.048615148014505394
0.04615020839846693
0.04684729613945819
0.04849608380754944
0.046452959621092305
0.04791342251119204
0.047875718319846786
0.04890070132096298
0.04857916815381032
0.0481318572507007
0.047239302436355504
0.04816883892926853
0.05032171155908145
0.04784052143513691
0.049646275359555146
0.04830012863385491
0.04694120636268053
0.046838840456621254
0.04789307673927397
0.04782168749079574
0.04731627840374131
0.04752242548274808
0.04682991472072899
0.047410463620326485
0.04677135363745037
0.048601517465431246
0.04727458389825188
0.047017857991158964
0.0470147979358444
0.047430883279594126
0.048268903675489125
0.04852739154885057
0.0480118731589755
0.0487797356719966
0.04748920814599842
0.04880238260666374
0.049166276230243965
0.04877031307842117
0.0474076015787432
0.04876393547165207
0.04787267789070029
0.04839557991654146
0.0471345847734483
0.047591560152068266
0.047610027799964885
0.04617658574861707
0.04834312361490447
0.048239231192565055
0.04627240276604425
0.049182020223815924
0.0466652474104194
0.0482783165294677
0.046820456901332366
0.04669953591364902
0.04717115592502523
0.04716266416653525
0.04572149343439378
0.047310357258538716
0.04570714043220505
0.04651002821919974
0.04716384237108286
0.04577789958566427
0.04540233912121039
0.04678649111592677
0.046735195227665824
0.04621731578372419
0.04739748626889195
0.04791081185685471
0.04601752431190107
0.04595089739887044
0.046610226709162816
0.04557517586508766
0.04580234540917445
0.04584503317892086
0.04795404540054733
0.04706416903354693
0.04677825223770924
0.046308284404221925
0.04737573185993824
0.046665276374551465
0.04692761894402793
0.04717244449129794
0.047661358964978716
0.04735450694715837
0.048881905237794857
0.04683899643423502
0.04792376204568427
0.04954024929029401
0.04777753293747082
0.04789996186154895
0.047623043492785656
0.04665538420231315
0.04821492230985314
0.04712381446151994
0.04782282443629811
0.04709096653677989
0.0468585525159142
0.047273202284122816
0.04803401185927214
0.046901850731228475
0.047218848168267866
0.047741589954239314
0.04701329710223945
0.04741777509916574
0.0481206119642593
0.04830308138334658
0.04727337219374021
0.0469632556225406
0.04739731583104003
0.04761075688002166
0.04733777193760034
0.04856783984578215
0.0481497674860293
0.045822389770182784
0.04763283743232023
0.04728512292640517
0.04959861342504155
0.04715591738495277
0.04884092663560295
0.047102295656804925
0.048374640944530256
0.04866887878597481
0.04880557347205468
0.04979308709152974
0.04705683024221798
0.04744227375631453
0.049137893054285085
0.049251482346153355
0.04991768735781079
0.04836181844293606
0.04954649706342025
0.048302496566611806
0.049055687288637274
0.050455066381255166
0.048968766673351635
0.04957988987735007
0.048159630759619175
0.04987402829283383
0.05058470633230172
0.04836553468194325
0.04954186513932655
0.0495654319296591
0.049105864515877326
0.04901521181309363
0.0499742890446214
0.04695958402298857
0.04708816251804819
0.049832088906259744
0.04773501754971221
0.047807839579763825
0.04760964337619953
0.04823549394786823
0.04684096114360727
0.04778401776275132
0.048000805494666565
0.04745175048883539
0.04716927902481984
0.04713804065540898
0.04736733621102758
0.04825602397904731
0.0474440332109225
0.04883628629613668
0.04885250773804728
0.04822166222438682
0.04832236979273148
0.048755542215076275
0.04913887920411071
0.04862322484259494
0.04782512955425773
0.04914003138255794
0.048645084479358044
0.04946845683734864
0.04662445572321303
0.04801011021772865
0.04862524543132167
0.047772808154695666
0.04909201552072773
0.047888720144692344
0.04827552864735481
0.04938020657864399
0.04678800916444743
0.04922199716238538
0.046304552275978496
0.04735118400130887
0.04981223194336053
0.04775718863820657
0.04668268117529806
0.04761435751861427
0.0484887948827236
0.04792351545911515
0.047523397907207256
0.04790782363852486
0.04803834784979699
0.04807780033152085
0.04869003813655581
0.0482390404707985
0.049276930492487735
0.04809501557028852
0.04800432833435479
0.04746065078652464
0.05044096414058004
0.04844703441776801
0.04694358214910608
0.047996116292779334
0.04662922460847767
0.04820856751757674
0.04687533505493775
0.04845902330707759
0.047766833633068016
0.04719957757479278
0.048272176235332157
0.04774351460509933
0.04830551120539894
0.04883641427149996
0.04925236650160514
0.048561301598965656
0.04801878074358683
0.04789126996765845
0.049087725061690436
0.04811950965813594
0.047897384234238415
0.04858620560844429
0.048224239944829606
0.04808664531883551
0.0468564734881511
0.047750158730195835
0.04793435411847895
0.048034822513000106
0.04819718030921649
0.048117543463013134
0.04804339787369827
0.04540584467467852
0.04892097914707847
0.04890468357189093
0.047279034147504714
0.05017869878502097
0.04716920186911011
0.049327166544389914
0.047740372639964335
0.04932676290918607
0.048652366004535
0.0483204960153671
0.04903855039156042
0.04753146796138026
0.04699571222736267
0.0488694080064306
0.04826759716961533
0.04615387679368723
0.04753966078860685
0.047972497701994146
0.04699298162304331
0.04749171262374148
0.049469183332985264
0.04715799311816227
0.04792727783787996
0.049050287943100554
0.04868635908205761
0.05009970744285965
0.047407877721707334
0.0485509983918746
0.048410378888365815
0.0483260826964397
0.04827576009265613
0.04742698796762852
0.04986094308551401
0.0477932720532408
0.04739687478140695
0.04765644689614419
0.04937347899249289
0.04813434999377932
0.04707535456982441
0.04780743902374525
0.047960940637858586
0.04834146382927429
0.04854526233539218
0.04831246844260022
0.047960261147818525
0.049301772442413495
0.0485945769934915
0.047698394978942814
0.04809550076170126
0.049141801487712654
0.04863839158497285
0.04828825346339727
0.048331178273656406
0.04789666045398917
0.04846074195811525
0.047828602050140036
0.04808511412411463
0.04727071663510287
0.04978401618573116
0.04756955882330658
0.04784826166578569
0.0480918175104307
0.047599291340156925
0.04945167616388062
0.04711901705886703
0.04733680469362298
0.0467640276561724
0.04768693252553931
0.047430143278324975
0.04713005305675324
0.0483379623372457
0.04829641440301202
0.04747732185642235
0.04814880094199907
0.04807952438131906
0.047769561319728385
0.04849454449140467
0.04776282048842404
0.047202051398926415
0.04688076089078095
0.04797170026286039
0.047295407373167106
0.048206574356299825
0.04736117651918903
0.04734107888070867
0.04796202523866668
0.04779818930837791
0.0461541861477599
0.047974123085441536
0.04714050131442491
0.04814394478162285
0.04692209449713118
0.04786827626230661
0.04661613236385165
0.04696631463593803
0.047223326760286
0.047394028365670235
0.046461151956464164
0.04864829414000269
0.04750627591420198
0.04770583018689649
0.04789282123092562
0.04784056531789247
0.046923217791481876
0.046854117841576226
0.04949194020155119
0.046121083135949446
0.047516015596920626
0.047158210317138585
0.046797060866083484
0.04722065813402878
0.04523770809173584
0.04912103667738847
0.04805986057326663
0.04766135684039909
0.047092856709787155
0.04788877163664438
0.04713847865059506
0.04747320782335009
0.047974065122252794
0.04748691558488645
0.04842902522068471
0.04842863504018169
0.048803248624608386
0.047732234525028616
0.04910133659432177
0.04617850548238493
0.04712600730563281
0.049031537846894936
0.04718010012002196
0.04973773657111451
0.04789637192734517
0.048242755420506
0.04818270782416221
0.047703276548418216
0.04783962803485338
0.04832362261222443
0.04801385886094067
0.04914817248209147
0.048233364896441346
0.04924602850805968
0.04734365696349414
0.04828203468059655
0.04674820610962342
0.04811546495766379
0.048177309369202705
0.045910548220854254
