-0.013628380070440472
-0.013447771756909787
-0.013284538447624072
-0.013161746197147295
-0.01303716431139037
-0.012914620415540413
-0.01276935453643091
-0.0126521976897493
-0.01253803971922025
-0.012410791614092887
-0.012286940170452
-0.012197868654038758
-0.012069962621899322
-0.012010299623943866
-0.011945703969104216
-0.01188977921847254
-0.011821266292827204
-0.01173064105096273
-0.011632720613852144
-0.011600541358347982
-0.01157613069517538
-0.01155691350577399
-0.011548318195855245
-0.011557972308946774
-0.011502870300319046
-0.011459021281916648
-0.011429686250630766
-0.011438842583447694
-0.011402843456016854
-0.011369376938091591
-0.011347056285012513
-0.011291579430690035
-0.01124881290597841
-0.011259199440246448
-0.011249012290500104
-0.011214169714367016
-0.011210017383564263
-0.01125271562486887
-0.011257531912997365
-0.011268841254059225
-0.011271492106607184
-0.011252488318132237
-0.011276900919619947
-0.01126188001362607
-0.011267652158858254
-0.011235933762509375
-0.011232604843098671
-0.011215348407858983
-0.01121669052517973
-0.011187317105941475
-0.011182938667479903
-0.011196356400614605
-0.011219591402914375
-0.011214810970705003
-0.011258176679257303
-0.0112540909438394
-0.011282411456340924
-0.01127163241035305
-0.01130167298251763
-0.011295065470039844
-0.011304938414832577
-0.011325826152460649
-0.011331666097976267
-0.011359416437335313
-0.011351570335682482
-0.011343220260459929
-0.011368915787898004
-0.011389225942548365
-0.01140462320181541
-0.011405423394171521
-0.011383581225527451
-0.011410429305396975
-0.011440822755685077
-0.011476549232611433
-0.011507826443994418
-0.011506027542054653
-0.01152479302836582
-0.011530464742099867
-0.011551603494444862
-0.01155410991050303
-0.011529223946854471
-0.01152798268594779
-0.011533133126795292
-0.011543607781641185
-0.011544905346818268
-0.011558848561253398
-0.011542100773658604
-0.011510173289570958
-0.011503119015833363
-0.011500365094980225
-0.011487893183948472
-0.011454434006009252
-0.01144657913246192
-0.011442212091060356
-0.011465104878880084
-0.011455719475634396
-0.011429870181018487
-0.011452198884217068
-0.011466380156343802
-0.011509221594315023
-0.011528322700178251
-0.011561848036944867
-0.011517818283755333
-0.011507303989492356
-0.011480576085159556
-0.011488302622456103
-0.011528565577464178
-0.011526412988314406
-0.011564223328605294
-0.011564698576694354
-0.011539553350303322
-0.011530221404973418
-0.011525829992024228
-0.01153332277899608
-0.011531196557916701
-0.011529946426162497
-0.01153414134751074
-0.011531770048895851
-0.01154273902066052
-0.01158420576248318
-0.011585168278543279
-0.011577311443397775
-0.011574825353454799
-0.011668667272897438
-0.011724348447751253
-0.011755883193109185
-0.0117179503897205
-0.011725803971057758
-0.011739421449601651
-0.011687816737685352
-0.011666370060993358
-0.011665070382878184
-0.011668823857326061
-0.011701744503807277
-0.011758913303492591
-0.011802496621385217
-0.01186122857616283
-0.01188044759328477
-0.011858184891752898
-0.011851895769359544
-0.011854298855178058
-0.011807758494978771
-0.01183582677040249
-0.011856844619615003
-0.011847700318321585
-0.011801713495515287
-0.011773293674923479
-0.011780975211877376
-0.01180966358515434
-0.01181455054320395
-0.011867133720079437
-0.011897515365853905
-0.011877385433763266
-0.01192091980483383
-0.011909450369421393
-0.011891146755078807
-0.011858731671236456
-0.011820988374529407
-0.011827988678123801
-0.011865416681393981
-0.01188114266260527
-0.011924374318914488
-0.01195454818662256
-0.011937988217687235
-0.011947949061868713
-0.011939594271825626
-0.0119368979067076
-0.011912994785234332
-0.01190352566773072
-0.011900531209539622
-0.011903359193820507
-0.011857795366086065
-0.011840136966202407
-0.011860605468973518
-0.011882794846314937
-0.011901233909884467
-0.011907155450899154
-0.0118991244409699
-0.011857685033464804
-0.011850555572891608
-0.011859484808519482
-0.011870805715443567
-0.011847694625612349
-0.01186860041343607
-0.011869832308730111
-0.011823112046113238
-0.011792696098564193
-0.011743270035367459
-0.011768286779988557
-0.01180754647939466
-0.011805555393220857
-0.011863807536428794
-0.011925759632140398
-0.011945453908992931
-0.011984331236453727
-0.012001398246502504
-0.01199338246951811
-0.011994233046425506
-0.012013640900840982
-0.011967122537316754
-0.011945901927538216
-0.011925015738233924
-0.01188496183604002
-0.011889045313000678
-0.011879919515922665
-0.01186314289807342
-0.01189406729536131
-0.01191367101855576
-0.011942681373329832
-0.011976563360076398
-0.011922483827220276
-0.011937848286470399
-0.011953483358956874
-0.011962920310907066
-0.011952243087580427
-0.011928471620194614
-0.011925926007097586
-0.01190780324395746
-0.01186022104229778
-0.011846485768910498
-0.011831301503116265
-0.011804375110659748
-0.011782671487890185
-0.011766910611186177
-0.011742935696383938
-0.011690799612551928
-0.011657905444735661
-0.011682567396201193
-0.011650175863178448
-0.011674863810185343
-0.011673056555446237
-0.011695040354970843
-0.011692679696716368
-0.011650744260987268
-0.011676004010951146
-0.011735781317111105
-0.011744224029826
-0.011738492891890929
-0.011732956831110641
-0.011740079737501219
-0.011748651787638665
-0.011799945315578953
-0.011861895828042179
-0.011887689027935267
-0.011868780950317159
-0.011895663099130616
-0.011884000193094834
-0.011899330420419574
-0.011919399112230167
-0.011904840572969987
-0.011900652130134404
-0.011896298546344043
-0.011911783757386728
-0.01188984391046688
-0.01193418211187236
-0.012015545251779258
-0.012011604325380176
-0.012008071172749624
-0.01203499454422854
-0.012028014520183206
-0.012024275551084429
-0.011976468353532254
-0.01198882078169845
-0.01194313095184043
-0.011928167549194768
-0.01194986883783713
-0.011919833737192676
-0.011905344750266523
-0.011900067195529117
-0.011913751106476411
-0.011874147213529796
-0.01188991050585173
-0.011906975437887013
-0.011915906355716288
-0.011947856418555603
-0.011947071738541126
-0.011948780680540949
-0.011930485418997706
-0.011906758963596076
-0.011834586266195402
-0.011812951561296359
-0.01182236640015617
-0.011830044171074406
-0.01184983235434629
-0.011871195980347693
-0.011837402731180191
-0.0118232547538355
-0.011792022280860692
-0.01183571529109031
-0.011851216858485714
-0.011850474053062499
-0.011861170659540222
-0.011874373874161393
-0.011874889582395553
-0.011864567716838793
-0.011840841005323455
-0.011823285860009492
-0.011796807701466605
-0.011769678961718455
-0.011792659579077736
-0.011774970189435408
-0.011757578037213534
-0.011753780796425417
-0.011735986295389012
-0.011722862510941923
-0.01174376494018361
-0.011787474033189938
-0.011833842971827834
-0.011867788690142333
-0.011903339042328298
-0.011894163134275004
-0.01187973580090329
-0.011854258045786992
-0.011835605290252715
-0.011808238597586751
-0.01179130154196173
-0.011823038925649598
-0.011819184134947137
-0.011808895418653265
-0.011789872992085292
-0.01181889781728387
-0.011793242837302386
-0.01179070775397122
-0.0118076735525392
-0.011793372995452956
-0.011826380307320505
-0.01183225330314599
-0.011828166077611968
-0.01185625508078374
-0.01190131040639244
-0.011891479452606291
-0.011852773994905873
-0.011852786655072122
-0.011916994157945737
-0.011928659159457311
-0.011936167627573014
-0.011946031363913789
-0.011959023540839553
-0.011957973119569943
-0.011967065499629826
-0.011962899676291272
-0.011950406862888485
-0.01195694280322641
-0.01197196432040073
-0.011968873773002996
-0.011983071692520752
-0.011966393562033772
-0.011981988174375147
-0.011955242860130966
-0.01193834380246699
-0.011908628873061388
-0.01190945518319495
-0.011912448436487467
-0.01192698634113185
-0.011953667463967577
-0.011976436513941735
-0.012032408209051937
-0.012076521577546373
-0.012074086896609515
-0.012093099910998717
-0.012102148088160902
-0.012118962733075023
-0.012149831844726577
-0.012124508927809075
-0.012118831067346037
-0.012126510043162852
-0.012129633221775293
-0.012102228600997477
-0.012077396165113895
-0.012065191072179005
-0.012098663201322779
-0.012118091119918972
-0.01210682425298728
-0.012091222824528814
-0.01205873973085545
-0.012060668593039735
-0.012058383220573888
-0.012062262784456834
-0.012043334159534425
-0.012001905555371195
-0.011960336478659883
-0.011975734634324909
-0.011970103136263788
-0.011973198025953025
-0.01200269726687111
-0.012012597621651366
-0.012006706482497975
-0.012042598973494023
-0.012081785051850601
-0.012075735145481303
-0.012034704716643318
-0.012018521211575716
-0.012038657499942929
-0.012062198267085478
-0.012070376146584749
-0.012085301394108683
-0.012067819898948073
-0.012025148374959826
-0.01199909471324645
-0.012014218943659217
-0.011967499379534275
-0.011966374987969175
-0.011988527578068897
-0.01195136159658432
-0.011966116679832339
-0.012000216799788178
-0.011985757091315464
-0.011994847032474354
-0.011976872105151415
-0.01197810506564565
-0.011972628434887157
-0.011977260577259586
-0.01199037847109139
-0.012006380647653714
-0.012046979897422715
-0.012089953845134005
-0.01210603293729946
-0.012078968464629724
-0.012073990580393
-0.012066383083583787
-0.012104867462767288
-0.012082757125608624
-0.012079177825944499
-0.012096301873680205
-0.012084689317271113
-0.0120773057336919
-0.012055516929831357
-0.012031631666468456
-0.012020018306793645
-0.012038290617056191
-0.011996801191708073
-0.011988708650460467
-0.011983230133773759
-0.011960135999834165
-0.011982113879639655
-0.012014298810390756
-0.012014389934483916
-0.012000601348700003
-0.012008167622843758
-0.012015584902837873
-0.012047973711742089
-0.012065065698698163
-0.012111392273800448
-0.012183618760900572
-0.012194479897152633
-0.012154764810111374
-0.012138971290551127
-0.012135024589952081
-0.012143214221578092
-0.01212282400811091
-0.012137985846493393
-0.012186617177212611
-0.012197985616512596
-0.012184785993304104
-0.012200528231915087
-0.012247243989259004
-0.012295339116826653
-0.012323053582804278
-0.012274830718524754
-0.01226630512974225
-0.012257054675137624
-0.012255431711673736
-0.012273024604655802
-0.012259629240725189
-0.012221318145748228
-0.012196770933223888
-0.012207045638933777
-0.012196734815370291
-0.012209854793036356
-0.012207623041467741
-0.012198204582091421
-0.012214127171318978
-0.012185994675382972
-0.012222654250217601
-0.012228159414371475
-0.012256138096563517
-0.012279553979169577
-0.012274687510216608
-0.01224951614276506
-0.012266465870197862
-0.012282918707933277
-0.012272484396817163
-0.01224755728035234
-0.0122200702666305
-0.012227707414422185
-0.012252663599792869
-0.012269392394227908
-0.012255906569771468
-0.012280480528715998
-0.012331597093725577
-0.012315932993078604
-0.012308060843497514
-0.012234457541489973
-0.012228041893104091
-0.012238112045451999
-0.012236517237033695
-0.012201779434690252
-0.012221484031761065
-0.012222705269232392
-0.012220342416549101
-0.01222703944076784
-0.012245891673956066
-0.012234089442063122
-0.012218960130121559
-0.012247377459425479
-0.012267258245265112
-0.012277066300157458
-0.012252324749715627
-0.012231617135694251
-0.012228347739437595
-0.012238161492859945
-0.012261403136653826
-0.012257616920396685
-0.012295782868750393
-0.012326663837302475
-0.012315762537764386
-0.012291493493830786
-0.012297350825974718
-0.012259614886716008
-0.012262565246783198
-0.012289520452031865
-0.012322178739123047
-0.0122994419420138
-0.012260173360118642
-0.012240126903634518
-0.012234487879322842
-0.012246407975908369
-0.012265991646563635
-0.012257557548582553
-0.012210310448426753
-0.012208451813785359
-0.012185839522862807
-0.012171426590066403
-0.012168376514455303
-0.012170939234783873
-0.012161517998902128
-0.012158701539738104
-0.012171657459111885
-0.01214931228896603
-0.01216189757687971
-0.012115794059354812
-0.012055805890122428
-0.012057523493422196
-0.01206320138880983
-0.012063632905483245
-0.012035074341110886
-0.011993214738322423
-0.012029629782773554
-0.012072315445402637
-0.012060244858730584
-0.012053799006389454
-0.012057740776799619
-0.012060347764054314
-0.01205671849893406
-0.012048611370846628
-0.012076266598887742
-0.012103297270368785
-0.012114075908903033
-0.012141061521833762
-0.012109935219632462
-0.012131503724958748
-0.012118981557432563
-0.012137510551838204
-0.012137844105018303
-0.012128891237080098
-0.01213726275600493
-0.01213253295281902
-0.012141347111901268
-0.012130162690300494
-0.012118457595352083
-0.012119938037358224
-0.012133834540145471
-0.012129120528697968
-0.012137849401915446
-0.012149202363798395
-0.012125688209198415
-0.012109405145747588
-0.012144589453237131
-0.012181049562059343
-0.0122371609963011
-0.01222916625556536
-0.012202426086878404
-0.012163092027185485
-0.012167409516405315
-0.012170756433624775
-0.012185934267472475
-0.0121726120589301
-0.012168706400552764
-0.01217725952155888
-0.012186004139948636
-0.012184391997288912
-0.012184835161315277
-0.012189850368304177
-0.012209393072407693
-0.012222075526369735
-0.012259401369374246
-0.012283567985286936
-0.012270716176135465
-0.01222150634857826
-0.012198713526595384
