-0.0026201235908158206
-0.0023651266954300815
-0.002468428874057385
-0.0023960584320005833
-0.002270083819456467
-0.0029836184673777025
-0.002572182117325571
-0.0028531553870797073
-0.0024912443789033706
-0.002784938182808017
-0.00276454433946684
-0.0025526799284031013
-0.0027558758272867466
-0.0027343376297875926
-0.002408604354252121
-0.002654355223373722
-0.0027385081990079886
-0.002438155021147079
-0.0027128300995799145
-0.0029432655364369535
-0.0024459347739039573
-0.00222322051980417
-0.002834662456592041
-0.002585542086888752
-0.002409500323573613
-0.002459769927699529
-0.002399942277387661
-0.0022748743031117376
-0.0018643842222131669
-0.002139977548091415
-0.0022263028537301698
-0.0022865062238024538
-0.0022752130284824173
-0.002300907120887047
-0.0022442713971075447
-0.0023380815739633466
-0.0020951356996579797
-0.0020396336153982917
-0.0018997697330670484
-0.0021874519584731246
-0.0019926266264049418
-0.001993837049431213
-0.0021161667277382946
-0.0021412833714652135
-0.0018646765577196244
-0.001862151240762927
-0.0019255887734644038
-0.0019408732590763477
-0.001997119916575854
-0.0020333932268932113
-0.0020259576503125474
-0.0021709358321402583
-0.0020425885075405657
-0.0019673990944783616
-0.0018139927997719324
-0.002078660458801042
-0.0019351378114290051
-0.0020465742080240075
-0.002023862407610777
-0.002219968428434227
-0.002107898287809723
-0.0018429278251720902
-0.0022665981013785586
-0.0019723577411984218
-0.0019991418172714257
-0.0019064096285348637
-0.0021022264370115173
-0.0019744137843929477
-0.002017301325699432
-0.0021466250700888064
-0.0022656904570723725
-0.0019635559274902292
-0.002139778858082986
-0.002203251449802458
-0.001972997624455702
-0.002132782314180237
-0.00216846831512888
-0.002187378034262842
-0.002059223978616134
-0.002103402894655909
-0.0023015130679586797
-0.001981203120054209
-0.0022736941493475076
-0.0019291691501121839
-0.00234194891851047
-0.0020431230510170235
-0.00208427415452892
-0.002221073442128574
-0.0020886863672617078
-0.0020703913376131644
-0.0021310666297082253
-0.0022177221495990164
-0.002245790626276208
-0.0019741493416946337
-0.0020543889289409145
-0.002037832985297332
-0.0021039464112823864
-0.0020508817055916993
-0.0021820558636488894
-0.0019199627534618458
-0.0021942765983225835
-0.001979051364918459
-0.0021244712210213403
-0.0023273356418328423
-0.0020162008758036697
-0.0020820714720627574
-0.0017899218044478305
-0.002088155570977593
-0.0022155181368595845
-0.002386252844707798
-0.002135063513380947
-0.0019176631258600806
-0.0019164561580804374
-0.002064321862704238
-0.0020709259547543437
-0.0020958461147658975
-0.0021862416990636622
-0.002170579152646948
-0.002062828249465504
-0.001996978226156745
-0.002117231641830647
-0.0022048573445747456
-0.00221837434424548
-0.0020720894186295803
-0.0019892188720024876
-0.0019552738215856263
-0.002150633743541128
-0.0022044869249888133
-0.0021193445727865703
-0.0022848392497448063
-0.0017887915660299014
-0.0021181333044800743
-0.0023357368686104745
-0.0021712875648880357
-0.0019882900303236804
-0.0020552179487215716
-0.0020167470639184835
-0.0023682335570697987
-0.0020054717076742152
-0.0022174885346454174
-0.002125608852902075
-0.0022907611573854013
-0.002089816513043241
-0.0020259438911067796
-0.00200257198340216
-0.0023055785247474425
-0.0022272012543789075
-0.001986802808796209
-0.002414349798103374
-0.002242286178789897
-0.002101469150412033
-0.0019083738964238927
-0.0019415380460846162
-0.002018920880336739
-0.0021946936143983826
-0.0020160716342077943
-0.001961048558134526
-0.0020787911762677803
-0.00224150215512417
-0.002230661586620489
-0.002181026529428867
-0.0019761874172725237
-0.0021692003113202908
-0.002232285338098122
-0.0024871831373011995
-0.002312479787731625
-0.0021486308431537455
-0.0022681657703327697
-0.002118328464110958
-0.002064145995435884
-0.002357087758565193
-0.0022079270710540387
-0.0021025543451643675
-0.002211432794694335
-0.0021480088635977565
-0.0021061691980646226
-0.0020623911214587482
-0.0020339929914766075
-0.0020451398696905267
-0.002161008289511607
-0.0023494379107069975
-0.0022597160611819433
-0.0024052088795743914
-0.0019021561187386534
-0.0022676052023072727
-0.002087568379028226
-0.002037795395321183
-0.0020108616950630155
-0.0021804657388979215
-0.0020389471540285557
-0.0018835586702836554
-0.002111156758161109
-0.0021155576070374478
-0.0021578857396500617
-0.002236118495398154
-0.0021718337111102715
-0.002184081148320549
-0.002170938612594206
-0.0022899452788820384
-0.0023496172194804156
-0.002044988208463632
-0.00211840406137197
-0.002018895192770531
-0.0021649902317962657
-0.00227527110047475
-0.0022500859954210526
-0.002100454364389666
-0.002330281861204875
-0.00209638131598609
-0.0018815348910386526
-0.00230310901863806
-0.002196550498799149
-0.0021729076816878468
-0.0020697203711983565
-0.0023310661033112577
-0.0022013067700789425
-0.0021008924281616355
-0.002040104823251987
-0.0022026776188991447
-0.002159753294927377
-0.0022385861532264574
-0.00205657360326989
-0.0021635653925587556
-0.0021975046840325696
-0.002195200208530662
-0.002237642067837592
-0.002107031810010833
-0.0020917460041595336
-0.0021683261976690516
-0.0022096295856439798
-0.0021336673644221094
-0.0022478692434023395
-0.002283573478056802
-0.0020153171098902687
-0.0023107618196799573
-0.002389167591463265
-0.0021744110555645376
-0.001976282037253096
-0.001896944391606381
-0.0020897700327847267
-0.00229057601498841
-0.0021384350912164703
-0.0020314938975838303
-0.0019869783285085957
-0.00225782568433498
-0.0020830304965305455
-0.0022944140741602086
-0.0021715173361105317
-0.002281370340013529
-0.00228515701714732
-0.0021835802989527116
-0.0022129467076896616
-0.002080567676654173
-0.0021353861745143977
-0.0023364122757171353
-0.002068584899731868
-0.0022091465507617647
-0.0019950560747423545
-0.0020059056091026157
-0.002408473471531357
-0.0023760018535022047
-0.0024533708182683635
-0.0020272414256023107
-0.0023968034170882974
-0.0019072002536450084
-0.002235736678884004
-0.0021430546422231576
-0.0023150415415310334
-0.00236861481379923
-0.0022564187069210387
-0.0021164185430949554
-0.0020776837273123587
-0.0022602758500540132
-0.0023229406506234244
-0.002087869062426179
-0.0022767679972151233
-0.0021864516779965372
-0.0020759040547004616
-0.0022756830154067736
-0.002366640522157781
-0.0020938787752378092
-0.0024670187436261703
-0.0020756699668914524
-0.002078584103460407
-0.002230839276004928
-0.0022589591295666027
-0.0024007099082268392
-0.00222847246860742
-0.002085078984967059
-0.0020064817119449354
-0.0021543470138550127
-0.002321989863909807
-0.002172636875198286
-0.0022182170561839964
-0.0022504477490660644
-0.002184286007440378
-0.0020259481975228263
-0.0021532685328956498
-0.002302185649768787
-0.0019074761875582324
-0.002023786603910921
-0.0020073671287663825
-0.00167449719130279
-0.0019988411011074942
-0.002264741451983315
-0.0023829631261892276
-0.0021073266273275715
-0.002159131249750501
-0.002097002212859217
-0.002226474232398373
-0.0022751101448614934
-0.002194801137647946
-0.002343347121329714
-0.002015181280809858
-0.002213011185625241
-0.0022864683931017064
-0.002278286460558887
-0.002145153073823658
-0.00218727301371327
-0.0019523763115504508
-0.00220075053497224
-0.0023047065233941844
-0.0020022138591110905
-0.001994638745646643
-0.002041347572645609
-0.0020401404216584653
-0.0019859957541586886
-0.002046449882189871
-0.002132970040483116
-0.0018885455738713336
-0.0023160640165817066
-0.0023597753454432198
-0.0022819632640856515
-0.002311565331279708
-0.002454767078082616
-0.0021754469538465353
-0.0020518036542757773
-0.002145335541169796
-0.00222917419096062
-0.0021842607844100525
-0.0023799211615401577
-0.0020592790402145567
-0.0020296988360240047
-0.002072055655517507
-0.002457487311154549
-0.002234829150866166
-0.0021312790165282204
-0.0022740601458777878
-0.0021797855773809855
-0.0019863859234051456
-0.002360483325150149
-0.002343230627195636
-0.0020781879127087953
-0.0022849685763175753
-0.0022804422833537148
-0.002054641031850183
-0.002487492366831617
-0.0022847785899663573
-0.0021125850595643493
-0.0021394982441285677
-0.0024320065409485893
-0.0021875012391091297
-0.002293449693100208
-0.0022457910437172434
-0.0018796814965651998
-0.002214835511285182
-0.0020644520458898753
-0.0019130187967683625
-0.0022733746852331817
-0.001904455083770232
-0.002157911362248617
-0.0020002881328873823
-0.0024166846141225875
-0.002371627434806389
-0.0022357914978042405
-0.002319971091300209
-0.0023427519468353364
-0.0023230976992685754
-0.0023380725795552615
-0.0023366946429692627
-0.002298006799741019
-0.0023567713094085675
-0.002021839620544766
-0.00227150290599053
-0.002248622124695977
-0.002005606489596973
-0.0023516967449100424
-0.0023294653051610104
-0.002301212681196951
-0.0021014429243493616
-0.0022472738436079276
-0.0023100715557052565
-0.002566156995858479
-0.0023754186363639795
-0.002381890613888196
-0.0022961005962558135
-0.002415023093837551
-0.002232517018016484
-0.002283016533057225
-0.0021121897157977297
-0.0024765603861960916
-0.0021419300257853103
-0.0022079808062611867
-0.002192621231057236
-0.0020529124229645866
-0.0023376409060684444
-0.002071198366709144
-0.0021667755541949106
-0.002291675014333666
-0.002134327938751157
-0.0022267874476927354
-0.0021274295085529694
-0.0022223369396198686
-0.0022110720539887953
-0.0022022874652843356
-0.0021975657485433287
-0.0020083987031694257
-0.002097927438909588
-0.0020205611326337357
-0.0019520449872805657
-0.002047309304942335
-0.0021716471998454666
-0.002231557369418846
-0.0023228504185196395
-0.00237479784525933
-0.002212686780008968
-0.0020415006906603804
-0.002062047858236124
-0.0019875035795727915
-0.002012245498104468
-0.0022312066905767146
-0.0025661714275016538
-0.002318823979646803
-0.002140643607787118
-0.0022943102731849104
-0.002072358314237144
-0.0021632919701301324
-0.0021398565504569937
-0.002025689996693808
-0.002187273330164967
-0.002214381405807664
-0.002119621249844039
-0.002407036750459041
-0.0024699134475122857
-0.0023622252889577535
-0.0022519401545247008
-0.002111460404674077
-0.002374791427217843
-0.002258544057737849
-0.0021759025072168895
-0.0021887535934474152
-0.002086007767235165
-0.0021676191042919956
-0.00234600971226587
-0.0021493267967306355
-0.002217000431595606
-0.0024231408328257696
-0.002270550952433109
-0.0023366474394723837
-0.002342546387954919
-0.0023120871930847166
-0.002113735553845647
-0.0020285932304205615
-0.0023479396694296994
-0.0021401523686390062
-0.002414154142910063
-0.002233934409676419
-0.0022964645637282787
-0.0021717133458019483
-0.0021035454902148367
-0.002227368825452236
-0.002055448571327534
-0.002486529642405086
-0.0021813427146796156
-0.002084976569792002
-0.002070581653275555
-0.002090832991022501
-0.0022083703523433917
-0.0022467201824430323
-0.002085632715361391
-0.0023577885982057458
-0.0022427363681658597
-0.002206775886544364
-0.0020774126282417094
-0.0020756084968053764
-0.0022406285631516253
-0.0022440439749759787
-0.0020691781659811755
-0.0022723298111320123
-0.002353950561815443
-0.0023484445509213887
-0.0021453274721645417
-0.002137204397462637
-0.0020796689292479744
-0.002109378020312626
-0.002288152121411237
-0.0022475443082132897
-0.0020577184932682817
-0.002224277140988862
-0.002211170755434365
-0.002242479711106804
-0.002100697366480281
-0.0023671422346395825
-0.0021325611034766823
-0.00209502473584845
-0.002088912055470135
-0.002253921201188136
-0.0024646318425578543
-0.0022439307448675672
-0.0021948450448230615
-0.0023758199728847415
-0.0024427662978166063
-0.0024695409040158224
-0.0022969471819237696
-0.0020562609379934926
-0.002292707123313109
-0.0024532044836798744
-0.00222876612782838
-0.002322925500191203
-0.0020715408132701897
-0.0022286902950570953
-0.0024076441239501757
-0.00236428336257761
-0.0022698144567120035
-0.0022114501220170594
-0.002341920309395658
-0.0022906396391445304
-0.0021328059878509054
-0.002229976722613075
-0.0023238603581842822
-0.0023219835329186312
-0.002479356963526158
-0.0019786125297983183
-0.0018926907855938368
-0.0019801578384282146
-0.002324454750858107
-0.0021491720139773405
-0.002296243560210909
-0.0021905851587222997
-0.0022275052960960716
-0.0021447011798321537
-0.002040834839134445
-0.0021632510435349583
-0.00221516190776339
-0.0019548432944510503
-0.0021316375158448083
-0.0021967139357695455
-0.0021481352423464994
-0.0020853830217935744
-0.002236853895752083
-0.002249849004543525
-0.0023425259916530937
-0.002183733705937646
-0.0021074678257887005
-0.002085371672443003
-0.0021576960759722708
-0.002113436667661936
-0.002120658870402464
-0.0020175711022232673
-0.002525437300590838
-0.0022284116360754558
-0.0019821992069752993
-0.002387719710010225
-0.0021278510913704113
-0.0020743037406714183
-0.00206758418041979
-0.0022523290714871304
-0.0023086374880064374
-0.0021950707048500107
-0.0022523735071732056
-0.0019418998145393663
-0.002236849584629512
-0.00226396475688813
-0.0021785605323187103
-0.0022050865356252405
-0.0023934172753663887
-0.0022397054393618553
-0.0022130208965374957
-0.0022435395419831963
-0.0022194108925054413
-0.002272621204481365
-0.0022442567527241873
-0.0019933572272542942
-0.002409921110709162
-0.002237564637809039
-0.0022741013447056977
-0.0022948862185110082
-0.002257734082519047
-0.0022855662400226434
-0.0024334973098031412
-0.002372047767310298
-0.002396638534530726
-0.002081003844305858
-0.002095918997688945
-0.0021784523674918607
-0.002138976015918418
-0.0023465631054485183
-0.0021734450279006835
-0.002159946710828542
-0.0022179691099338482
