1.2777747062966227
0.5418104899115861
0.4407765054143965
0.3674945742357522
0.32036977731622757
0.2744363700039685
0.2483918623300269
0.2206505169859156
0.18926465841941537
0.16389431782299652
0.13701823381707073
0.12268004336510785
0.10717238895012997
0.0981974953378085
0.08113417174608913
0.07328957054414786
0.07119014973868616
0.06211133354227059
0.057516428001690656
0.05448390186065808
0.05262704708147794
0.044715804178849794
0.04800682808854617
0.04416246778855566
0.04389157663390506
0.04475408594007604
0.04055592469812837
0.03996945983672049
0.03989541615301277
0.03764694083074573
0.038436431449372324
0.03643446837959345
0.03746416233479977
0.03629790208360646
0.0334693303622771
0.03382258203346282
0.03453936255245935
0.03477184713410679
0.03644538855005521
0.03640683715930208
0.033998109781532546
0.03453506268560887
0.0345692944858456
0.03268407713039778
0.033206624884041955
0.03217878857976757
0.03415033133351244
0.037345880351495
0.035247624339535835
0.03884769502328709
0.03651503319852054
0.038009590934962034
0.03408550516178366
0.035175188662833534
0.03648022091074381
0.03785372570855543
0.034465968201402575
0.03428493868559599
0.03199821872112807
0.03112187382648699
0.030277795146685094
0.032595239422516895
0.031402568393968974
0.03278899102297146
0.031130591619876212
0.029630088072735816
0.030290139873977752
0.03146966675412841
0.031293075464782306
0.029442987451329828
0.031712635533767755
0.03208840159350075
0.03411894535529427
0.034369057047297244
0.03574560411216225
0.035301641715341246
0.03514755825744942
0.033055485037039034
0.036637456293101424
0.034658965247217566
0.03582641762041021
0.035497329189092854
0.03462181895156391
0.03206792454002425
0.034532685176236554
0.03205469784734305
0.03316944217367564
0.03338210308284033
0.03114737604628317
0.032619703098316674
0.029594173625810072
0.030331737850792705
0.031631749824737196
0.03349087490059901
0.03337226776347961
0.03525600577122532
0.03405939274816774
0.03382418054970913
0.034520301062730144
0.03439957739901729
0.03458314500458073
0.03337614716438111
0.032016412989469244
0.03232368247408886
0.032612467408762315
0.033764293696731326
0.035692919432767665
0.035139938790234734
0.034437796889687886
0.03454095599008724
0.03570751172082964
0.034904114156961444
0.03490286957821809
0.035712997399969026
0.034131867953692566
0.030627669251407495
0.036768764699809255
0.03467030909378081
0.0348490094736917
0.0332011988357408
0.03442734163836576
0.03423495835158974
0.03341397137555759
0.032683304732199756
0.032378709121257995
0.031667262269183996
0.0337814998900285
0.03275708866131026
0.035172307235188785
0.03373655422183219
0.03353726635104977
0.0324177598929964
0.031682954396819694
0.031559874696540646
0.030869222490582614
0.03229129121173173
0.0320624855812639
0.0318115798960207
0.031599385608569716
0.03226497527502943
0.033434006068273445
0.031881673060706814
0.03240581652498804
0.032133052253630015
0.03386460861656815
0.03325110276637133
0.03386364759353455
0.03461047039600089
0.03225668288068846
0.03552918854693417
0.03384291477268562
0.03547177083673887
0.03466647414024919
0.03349663595727179
0.033403345543774776
0.033404231662279925
0.032177603474701756
0.030841823350056075
0.03187748114578426
0.03195036764955148
0.03288370509108063
0.03505186042166315
0.033243316583684644
0.03366351615113672
0.033978136043879205
0.032741378198261374
0.032358365794061685
0.03177914292609785
0.03329540398553945
0.031321586450212636
0.03406404291163199
0.03245165245607495
0.033914525414002125
0.03291380903392564
0.033660986070754004
0.033747210874571464
0.034890351901412944
0.03515130483137909
0.03467356935434509
0.033145581238204616
0.03371844979992602
0.03318769942852669
0.033212388819083574
0.03458205715578515
0.03324584010697436
0.0337504594179336
0.035455602291040125
0.03279892020509578
0.03600321241247002
0.03668334913672879
0.03356689576175995
0.03453781266580336
0.03399771002586931
0.03450777735270094
0.03321575770678464
0.03327378749090713
0.03335256611753721
0.03549529182782862
0.03407424957840703
0.03291498812905047
0.03639860640396364
0.033513081280398184
0.03336761588288937
0.03268584874458611
0.034705010504694656
0.03388260194624308
0.03434584225760773
0.03297690820763819
0.032055333262542264
0.0351815452973824
0.03299380260286853
0.03242641609685961
0.03435987381963059
0.033973938471172006
0.03267423638899345
0.032092332499451
0.03348204042413272
0.03480182567436714
0.03370520912576467
0.03384255894343369
0.0345181887736544
0.03475419930764474
0.03220397150435019
0.03288288082694635
0.03455794777837582
0.03252451786829624
0.03414848517277278
0.034101405093679205
0.03508219921204727
0.034694675053469834
0.03432513351144735
0.03329639260482509
0.03419258557260037
0.03665565019764472
0.03385375558573287
0.03552132651384454
0.034381493637920355
0.03322643155697733
0.033208939217729494
0.03406322680530138
0.03378245975472964
0.033377898079925215
0.03362903591478243
0.03295524783607107
0.0332838569447631
0.03279266003810335
0.034423103081644514
0.03320373600290623
0.03281708848953713
0.032824800137314016
0.03334665072325151
0.0341596583428327
0.03453504016797524
0.03398664290725719
0.034509141521994025
0.03340507804823574
0.03458163174509536
0.03516314904554747
0.03472941314976197
0.0329711134720128
0.034363658115034924
0.033442838705377655
0.03437951772357337
0.032794650382129475
0.03375619222933892
0.033424422223470175
0.032113697368185964
0.03412273734284099
0.03397054908273276
0.032102233011391944
0.035191454540472476
0.03269765343866311
0.03411106527491938
0.03258161019766703
0.03266381042485591
0.03294731584901456
0.03302743172098417
0.03171510396641679
0.03312791530916002
0.03150591356679797
0.03260319767578039
0.032874456999707036
0.03187218551174738
0.03147392251412384
0.03268445571884513
0.032638833322562275
0.03199335085519124
0.03337699154799338
0.03399001763900742
0.03215982574620284
0.03194607610348612
0.032427065930096435
0.031528165307827295
0.03170923877332825
0.03173001763934735
0.0339289184048539
0.03321493483090308
0.03282817587605678
0.03223641980730463
0.03367559604230337
0.03286651954404078
0.03316267351328861
0.0337441665440565
0.033926531445467846
0.033366902789566666
0.03475517691404093
0.032944195638992826
0.03393078782537486
0.03557545845687855
0.033647719793953
0.03373068876680918
0.03354850656469353
0.032457779301330446
0.03436413577874191
0.033102564670844006
0.033745054472819905
0.032989641188760285
0.03289421547087841
0.03327703363611363
0.03429176259960513
0.03288220221584197
0.033120898818015124
0.03394866836315487
0.033210984637844373
0.03358305437141098
0.034254091122420505
0.03448483214888256
0.03339875643432606
0.032974030464538374
0.033607459653285335
0.03340321351133753
0.03312522259075194
0.03443308992427774
0.033921208122046666
0.03143896358378697
0.03352122305659577
0.03328728786145803
0.035494254354853184
0.032968770022853276
0.03468960018944926
0.03275947493966669
0.034364954987540844
0.034682237141532825
0.034761553557473235
0.035366725706262515
0.03283892945910338
0.0333446012926288
0.03488184483430814
0.035116453818045554
0.03599295741296373
0.03409270601987373
0.0352938114781864
0.0343118602380855
0.03484373232058715
0.03622095646860544
0.034937689060461706
0.035059989197179675
0.03379833040817175
0.03568735642184038
0.03635210843058303
0.0338313798623858
0.03523540136811789
0.0351221505086869
0.034735564381117
0.03501669937104453
0.03563294361811131
0.03276549860893283
0.03307291507953778
0.03548131811548956
0.033765371417393907
0.03355126489477698
0.033491264114854855
0.033711985091213134
0.03237811104336288
0.03348948658676818
0.03362016566679813
0.033050615439424294
0.03278391869389452
0.03275663401873317
0.03302873585489578
0.03399768055242021
0.03311152750102338
0.03484434364363551
0.034607806731946765
0.03397034282097593
0.0343041654676199
0.03439713884727098
0.03476681475294754
0.034240226793917826
0.033647951335296966
0.03485805282252841
0.034316491556819526
0.03486364229465835
0.03218683865852654
0.03355784359155223
0.034243843489093706
0.0332899652334163
0.03483435017988086
0.033606608890113424
0.034149119924404656
0.03493614667968359
0.03267970388988033
0.03502548876858782
0.03216056933160871
0.03333215478924103
0.0354743742645951
0.033700233019771986
0.03252105868887156
0.03334581040253397
0.03437636196613312
0.033724099668324924
0.03341870794538408
0.03369510833290405
0.03382089540245943
0.03382853264629375
0.034402518498245625
0.03412460893450771
0.035100034589413555
0.034000463970005515
0.03398590036376845
0.03330847417528275
0.036186559780617245
0.03413629917195067
0.032524429820477964
0.0335366290906677
0.032339232187950984
0.03411155013600364
0.03278165545198135
0.034451501409057526
0.03371629763569217
0.03297156969783828
0.03371729619102552
0.033441460653557444
0.03420473162259441
0.03455999027646613
0.035165709428838454
0.034383619832806286
0.033878322696546094
0.03385741232486907
0.034884866917855105
0.03385715447657276
0.03371269730851054
0.03406777658383362
0.033570707816397774
0.033529940142761915
0.03244976864370983
0.033499726731679405
0.03342453817022033
0.03363306382088922
0.03389845362689812
0.03379080404702108
0.03377077301847749
0.031040239878348076
0.03439018320932519
0.034554828473483214
0.03281478963617701
0.03546021906367969
0.03257559740741271
0.0347156883450225
0.033131521279574375
0.03475762099842541
0.03428319871018175
0.03401887824002188
0.03443098155839834
0.033169997768709436
0.032384787121554834
0.034428427924285646
0.0337743976037018
0.03177230867149774
0.033228492308990096
0.03354692440771032
0.03272340582916513
0.03281918857246637
0.03506518618669361
0.03284485717304051
0.03360055810771882
0.03467990093340632
0.034203301309025845
0.03560347101592924
0.033055779177811925
0.03391029110061936
0.03389515809249133
0.0338717493636068
0.03397827707522083
0.03312367219477892
0.035367651013075374
0.0332798357878346
0.03307179008552339
0.033103636390296745
0.034687931186635976
0.03346997248008847
0.032621966279111805
0.033435777155682446
0.033653229867923073
0.03399397369939834
0.0340205930871889
0.033863144693896174
0.03368105849949643
0.03485478997172322
0.03416306376166176
0.03322887569083832
0.03374891177809332
0.03454057001508772
0.034286870245705356
0.03394585128990002
0.033975008089328185
0.03336567278020084
0.033743785196566026
0.03335305396176409
0.03366192125249654
0.03265673509449698
0.03507984679017682
0.03284240101056639
0.03325553169415798
0.03370889292273205
0.03299082175362855
0.034706978153553794
0.032592900143936274
0.03275426435284316
0.03242992146697361
0.03316872179566417
0.03270032045256812
0.03246632827213034
0.03380797443678603
0.03384483715344686
0.03290091358940117
0.033611753350123764
0.033680726861348376
0.03328202696575318
0.03396037377533503
0.033232385240262376
0.032536854795762335
0.032730722037376835
0.03391063270391896
0.033144310259376655
0.03372060160618275
0.03305330298608169
0.0328731778456131
0.033622127849957904
0.03340878660674207
0.031893690989818424
0.033877482474781576
0.03291972674487624
0.03386558139754925
0.03290361822582781
0.03370156442397274
0.03242620358942076
0.03278854959644377
0.033065628207987176
0.033096929822932
0.032157503644702955
0.03424802729277872
0.033262194294366054
0.03354164369520731
0.03375883812841494
0.03360660240869038
0.03270648379693739
0.03261938288924284
0.03533330763166305
0.03148571036581416
0.03315610006684437
0.03305702957732137
0.03227183055132628
0.03295496299106162
0.03103451302158646
0.03491618990665302
0.03367499839805532
0.03321137237071525
0.0327676235785475
0.03351794063055422
0.03307664082676638
0.03310252361989115
0.033580980004626323
0.03317050541227218
0.034074736447655594
0.03390952956979163
0.034454138157889246
0.033374624073621816
0.034676747492630965
0.03172193341888487
0.03262421987892594
0.03458485506125726
0.03302365059789736
0.035160405986243856
0.03348805084533524
0.033782719814917074
0.03371520953660365
0.03327683614043053
0.03337680238182657
0.03370412105869036
0.03345741907542106
0.03456669900624547
0.03396251056983601
0.034940716350683944
0.032943129024351946
0.033883657489786854
0.032118075020844114
0.033671303585288116
0.033795856329379606
0.0314938656083541
