514482433075882.7
246722778654690.3
107771365360565.8
39483509738748.29
9673328877211.826
1052260824378.8406
3015657122526.609
1000808390208.5725
55260187638145.85
11301028774600.348
23976985994858.203
20192118610899.477
8300048600847.188
9651720738608.232
7801995627356.29
3062514373482.589
59265619405007.766
10990965012920.115
49346654827276.984
49782614609385.74
14414694984502.492
49309950741281.39
29695883468185.973
171198864364173.0
33507736598913.855
189407135785447.4
182658753778079.53
39316576583086.375
406714999865739.1
397265583491635.94
95539864679409.16
38234045075970.55
76804240748006.03
321313950187757.44
74848352001691.83
79775422345520.58
602970719583306.2
179197179702880.47
81381121758257.62
102288539505107.48
90609528424609.39
301355035179994.56
424857896849586.06
141238934729950.6
301584268963173.56
220686563295944.34
156516473252766.84
139274261210112.0
304034904314983.9
160501420281316.2
188154606999839.53
623097612891833.5
214938392548930.78
1171772382977691.8
1110095950759075.2
347061292432458.2
3.1988708804773564e+19
2.045778740206372e+20
1.8628340128038846e+20
6.323301760927911e+19
7.292016845910131e+18
2.6275357134972805e+19
8.344017056453966e+19
1.4868043442003467e+20
2.0675010845619107e+20
2.543382105531768e+20
2.9310507478499423e+20
3.194029159925929e+20
3.336857120100139e+20
3.474712799314832e+20
3.557353036607584e+20
3.581417163533628e+20
3.606293284577271e+20
3.595029400490227e+20
3.610844051659978e+20
3.587669028717433e+20
3.575735596227908e+20
3.534156852049942e+20
3.507098351488501e+20
3.458851174458751e+20
3.4443840592440807e+20
3.3739931693087385e+20
3.310969040424193e+20
3.336634051181096e+20
3.2570040663838405e+20
3.2619724413681356e+20
3.19264033587508e+20
3.1494284096325163e+20
3.099760875195831e+20
3.0910660927685014e+20
3.0597857607595006e+20
3.015426803590104e+20
2.988139449084962e+20
2.935637971551236e+20
2.906701925812263e+20
2.8535568649228203e+20
2.8037933740348352e+20
2.7784300947645163e+20
2.7302841951849467e+20
2.722130005337209e+20
2.678793857864434e+20
2.6537265836966615e+20
2.6139526652280596e+20
2.5765916145095442e+20
2.5394025337835933e+20
2.5023294646010328e+20
2.502500506542044e+20
2.4682674459363207e+20
2.420211531663164e+20
2.372467358575491e+20
2.3315388572880175e+20
2.3061596124714654e+20
2.3015915871992896e+20
2.2329280230198048e+20
2.2095277155626127e+20
2.1579807237542602e+20
2.1276220259753892e+20
2.1136828063712526e+20
2.1091476631894268e+20
2.050315410593914e+20
2.008815591591483e+20
1.997935263052867e+20
1.9373074856602642e+20
1.9247218572926363e+20
1.902309519354922e+20
1.878818953784953e+20
1.8240989052724288e+20
1.8065883265745214e+20
1.7784342586044072e+20
1.7497154789126747e+20
1.738804833173442e+20
1.6893034097664908e+20
1.6554540525855415e+20
1.6344138057251963e+20
1.615277920652936e+20
1.5860144333398327e+20
1.542154206996018e+20
1.552431434603557e+20
1.5090799793793312e+20
1.4737456963694789e+20
1.4594828723274436e+20
1.4482430066735346e+20
1.4104342322705967e+20
1.3836403296604281e+20
1.3788095523417181e+20
1.3342055602418478e+20
1.3103043203862251e+20
1.289313888732696e+20
1.2493321147615909e+20
1.2363345551593642e+20
1.2155299594554725e+20
1.1720895795551804e+20
1.1561921252801883e+20
1.1393116591677132e+20
1.1247674570334701e+20
1.0796330592495645e+20
1.0753270045739196e+20
1.0533564790911577e+20
1.019215768538595e+20
9.99228280159419e+19
9.857434182785581e+19
9.673581050986788e+19
9.384725145141589e+19
9.210662766014362e+19
9.180235295536018e+19
8.79389982477058e+19
8.507110382509495e+19
8.498464900271361e+19
8.299627802480689e+19
8.200997938056443e+19
7.772441182540523e+19
7.83348101354815e+19
7.435112634129881e+19
7.3457121404229706e+19
7.026884612059333e+19
6.929776280508514e+19
6.870493335228485e+19
6.62310075224845e+19
6.313555587875617e+19
6.3468657675006345e+19
6.206873155248757e+19
5.966758019830646e+19
5.922484045667804e+19
5.696670082707714e+19
5.413852465258964e+19
5.297116321397035e+19
5.2024790545874125e+19
5.1980920924283126e+19
4.904510243395674e+19
4.709812918428237e+19
4.6920099512242905e+19
4.455325164605232e+19
4.437121720209558e+19
4.249861192315316e+19
4.203364592047312e+19
3.9172743595067376e+19
3.8040336268493136e+19
3.897734520873811e+19
3.5807619674229277e+19
3.483998375791785e+19
3.3856117838924165e+19
3.243927061489274e+19
3.096242951092374e+19
2.9718776976060764e+19
2.9460183919900803e+19
2.8364378443057963e+19
2.6976233699175465e+19
2.787215828793696e+19
2.542080833201596e+19
2.41500287418822e+19
2.4259554345854996e+19
2.409356907475512e+19
2.0927854080615883e+19
2.0900016087500562e+19
1.9949152647412617e+19
1.9147343720331522e+19
1.845694280893483e+19
1.7456020787522548e+19
1.7107154305097978e+19
1.6362011115931939e+19
1.5273227112376603e+19
1.5304450039680264e+19
1.366292484101315e+19
1.3733601806982992e+19
1.323446434535e+19
1.3372090414985611e+19
1.152240687006928e+19
1.2613642776587082e+19
1.0626688495510325e+19
1.0069562137295432e+19
9.695477845769384e+18
1.0313732775937982e+19
1.1061984236670892e+19
7.901507626657926e+18
8.182682058239109e+18
8.370526180214331e+18
7.720480046531235e+18
7.224384059141855e+18
1.1878819462757184e+24
6.951940860604338e+25
7.297489120348351e+25
6.702376938631631e+25
2.9697619005563047e+25
1.6108268022324137e+25
8.565306297406753e+24
4.426047013110776e+24
2.2526038678261639e+24
1.1406516998847334e+24
7.194022638073464e+23
4.574191458334745e+23
5.378704199821497e+23
4.639731580384366e+23
4.191691923411942e+23
4.556936170261063e+23
5.551649962514944e+23
6.259144166517481e+23
5.458061268276247e+23
4.373618057286611e+23
5.7669843010010575e+23
6.066861518388757e+23
5.875530860730136e+23
5.826695666972517e+23
5.9610805591428524e+23
6.128435672375828e+23
7.594471656359641e+23
6.482019636375812e+23
5.779550208130393e+23
6.410763008184308e+23
5.903514631015792e+23
6.0071179353625726e+23
5.62033378083828e+23
5.9035289446302594e+23
5.799318081196705e+23
6.504817556073851e+23
6.941784386585836e+23
6.286318985878766e+23
6.447674509424845e+23
7.366383211190025e+23
5.320471957928959e+23
6.0348961248102816e+23
6.0059171503843604e+23
5.8135883645091944e+23
5.707237817395634e+23
5.9605235604678956e+23
6.616005226349273e+23
5.1831420666687286e+23
6.0172521858791913e+23
5.86706188993034e+23
5.619187831428053e+23
6.128065933373377e+23
6.310184390533002e+23
6.244114654631289e+23
6.334207152263611e+23
6.0047908066445115e+23
6.062888676462516e+23
5.6479272770125754e+23
5.8005627951994564e+23
5.729642531073686e+23
6.676810893928277e+23
6.801066938596155e+23
5.7413994951109973e+23
5.520326280973112e+23
6.410586951379049e+23
6.60148850084361e+23
7.769482529976568e+23
5.769854482899926e+23
5.695545624258703e+23
5.526953501441817e+23
5.7476462358184874e+23
6.646101432884494e+23
5.782714445060931e+23
5.451026705706289e+23
5.442093613509764e+23
6.0164500282106054e+23
5.7545745760960167e+23
5.986353941771376e+23
5.624473652789659e+23
6.385262312565201e+23
7.608457766451816e+23
5.663628838226814e+23
5.834236460248415e+23
5.8174490798586265e+23
5.8178945184965536e+23
5.190975396806335e+23
6.252599600808545e+23
5.7554886423410824e+23
5.6658262476109124e+23
5.661831737496202e+23
5.5372688332144096e+23
6.086190819174836e+23
6.32795206227403e+23
6.144181415860498e+23
5.9755870151359745e+23
5.827181784210904e+23
5.104015519529775e+23
6.442823268457195e+23
7.130396715892678e+23
5.033505947139068e+23
6.069000869194007e+23
5.763554824244118e+23
5.339707701327995e+23
6.271520992953592e+23
6.267945046082858e+23
6.604503173883217e+23
6.75069077752534e+23
6.109642811658756e+23
6.0057129467341264e+23
5.903263313186499e+23
6.678872610508298e+23
5.2610747996184586e+23
6.232419305058445e+23
6.162342095202051e+23
6.107684510780091e+23
6.76854334407743e+23
6.182942595072862e+23
5.302964514617531e+23
5.797762665813749e+23
8.453668231400876e+23
6.934699772706629e+23
6.629549558120436e+23
6.56643043187998e+23
6.104125420425876e+23
5.8562352155398824e+23
6.052552376191136e+23
5.926956663364885e+23
6.059301259119339e+23
5.295412373575963e+23
6.988420453064543e+23
5.306707197800382e+23
6.125372642424743e+23
5.8599191704782005e+23
5.9393106167364534e+23
5.561786477885289e+23
7.215904045223335e+23
7.06838776220593e+23
6.277728938740118e+23
5.7174342802458886e+23
5.6143621173852475e+23
6.390423437738168e+23
6.134145388199056e+23
5.65032371939238e+23
6.45985528176796e+23
5.769108971376914e+23
7.020687525159274e+23
5.8864471893879583e+23
5.360367485539988e+23
6.08977994788587e+23
5.457900799147263e+23
5.9811918114471876e+23
7.168486676005797e+23
5.850033398565023e+23
5.496972812889734e+23
5.383131750947595e+23
7.644920989828575e+23
6.293922889597441e+23
5.789489059860397e+23
5.741081624522342e+23
5.8510543580735915e+23
6.33610829136718e+23
6.810005876334456e+23
6.376784739237421e+23
7.94534505647468e+23
5.493390080595562e+23
7.091792419899682e+23
5.774761291760021e+23
6.33572319052113e+23
5.712603421656378e+23
5.443228358747353e+23
5.746134987041268e+23
5.5443349014008904e+23
5.6102928488221146e+23
5.786975625710794e+23
6.670197122905068e+23
6.218572652518557e+23
6.182053707213191e+23
5.683462115308236e+23
6.717044622290454e+23
5.8263333726160587e+23
5.3385187640802814e+23
5.2797623113498116e+23
6.456286023721717e+23
6.069866970144955e+23
6.150307961368194e+23
5.4533615049030195e+23
6.978807823816069e+23
5.836308606904095e+23
5.27224555163123e+23
5.659113148066183e+23
5.659575276130555e+23
5.970764458834473e+23
6.112039376745334e+23
5.538586553830598e+23
6.424624452111842e+23
5.620257886699516e+23
6.050164430602629e+23
6.522945989642072e+23
6.119996891358231e+23
5.371805892352874e+23
6.341461135428979e+23
5.975136271388225e+23
7.739908140518172e+23
5.452732838945992e+23
5.672621171686611e+23
6.278778084255398e+23
6.84829646202054e+23
5.724206375640345e+23
6.366916282033071e+23
6.109094388098568e+23
5.851594915346431e+23
6.286143267169827e+23
5.757218461904043e+23
7.038268951516755e+23
6.667343868013843e+23
5.7682481442063995e+23
6.099857009214177e+23
5.922829893624944e+23
5.9818665185517105e+23
6.205259589073302e+23
5.7546510563554276e+23
6.40276446512611e+23
6.301503366765708e+23
5.7517785534710126e+23
7.177313809598914e+23
5.850932643398445e+23
5.5246004802893765e+23
6.040288633183582e+23
6.23516498396657e+23
5.618963033926305e+23
6.157427494461903e+23
5.255632025851752e+23
6.414315861379387e+23
5.475482259444914e+23
5.5752910369974816e+23
7.879310871596809e+23
5.809451746898068e+23
5.8938466792884175e+23
5.804219783366441e+23
6.283833688131009e+23
6.025542910732692e+23
5.6733059955729047e+23
6.000516945424567e+23
6.162288343108758e+23
5.778054107112616e+23
6.170952984216539e+23
4.899643379842733e+23
5.722658194735399e+23
7.482317504466447e+23
6.768818745068904e+23
5.890501203149571e+23
5.8084504752995226e+23
6.02896574043766e+23
6.573471149369427e+23
5.867707152631037e+23
5.400967514504205e+23
6.450868514496225e+23
5.58208523005411e+23
6.128143985323789e+23
6.316621380258838e+23
5.6195086548115954e+23
6.497590543595991e+23
5.7690290200823114e+23
5.7430207335396384e+23
6.166387469884727e+23
6.617628052133608e+23
6.755255563448866e+23
5.828407387286541e+23
5.77139871108033e+23
6.040832166748349e+23
5.725157316575925e+23
6.371980518460663e+23
6.374987698554805e+23
6.125103123526e+23
6.09406051490039e+23
6.084437353755744e+23
5.975252432929223e+23
6.131683117552003e+23
6.136475946179791e+23
5.8999154560141104e+23
5.711605310409918e+23
7.392626367632917e+23
6.404919159499481e+23
6.272003864989464e+23
5.999881261684468e+23
6.11140294632147e+23
6.244753969969696e+23
6.267298924434753e+23
6.65460407755559e+23
6.32675267667518e+23
5.265603397487239e+23
5.977308063775487e+23
5.657584670735954e+23
5.998330550931383e+23
5.0058513286327866e+23
5.7416762563200985e+23
5.5206938491100033e+23
6.034512157043791e+23
6.148110403169499e+23
6.278574076413843e+23
6.015886710136867e+23
6.488180048952707e+23
5.421157290005174e+23
4.632250058722086e+23
5.552415661912807e+23
5.7198717902327295e+23
5.783312478708145e+23
5.733398559270737e+23
5.810748720931973e+23
5.920631937281934e+23
5.746995429121379e+23
5.838571053488378e+23
6.914587289418395e+23
6.317764690168067e+23
5.596282372297868e+23
6.068259728120721e+23
5.059771449268459e+23
5.794924228417993e+23
5.586900118487724e+23
5.4171126554793065e+23
6.271844108604074e+23
6.287077444271663e+23
6.313953023587446e+23
6.459939745799928e+23
5.757149894926064e+23
5.5674753701081525e+23
7.692809571327822e+23
6.131537135654517e+23
6.741005375328453e+23
6.463971332940788e+23
6.132237684283161e+23
5.779403547429485e+23
6.465328309281033e+23
5.61821307754627e+23
6.118897343383469e+23
5.8587218395650945e+23
6.0107603462260675e+23
6.146274363924891e+23
6.05932138041924e+23
5.968236276375134e+23
6.149237592802844e+23
6.22861330909718e+23
5.984732711175082e+23
6.629268658821243e+23
5.7218542708725246e+23
6.257609023859804e+23
6.0016292614306203e+23
5.863634183283863e+23
6.472123888663112e+23
6.122126616208799e+23
6.040823115165793e+23
6.380743815813498e+23
6.098827689980387e+23
6.325466850682091e+23
5.242220689946454e+23
5.9841975190600596e+23
6.318831931016111e+23
5.6106461111768856e+23
5.7635208135818886e+23
5.67464196686341e+23
6.008123234092959e+23
6.0026852054232514e+23
