2.2044530672406496e+16
5636991669753935.0
1165452464078975.0
123212395145517.64
19257568385865.426
419386784068758.8
89509789895148.16
3976816307827990.0
2667983625224446.0
266544102703612.03
1239999713353918.5
1672038854609515.2
3228319632729016.5
1.4755604791239914e+17
4.50249629771656e+16
7491901047878299.0
739097145113608.0
9713035223734478.0
2060780096798085.0
1456848766752847.5
1920023096032518.0
3774916651490502.5
1298493795574966.5
2656379780048054.5
4.2629698274650664e+16
1.017059717158458e+16
3.7079751501466216e+16
1.280478054826558e+17
3.0019589256259504e+16
4241810379977117.0
1.7650712734029344e+17
4.263420779589345e+18
2.995226584599123e+18
8.042137549553537e+17
1.7699480603449424e+17
3.007201589525004e+16
1.4497410127909722e+16
4.946815487898343e+16
1.5379394150894822e+16
2.2216508536199628e+16
3.0993639872455757e+18
1.0003786864757754e+19
3.307664699437603e+18
7.823508430762427e+17
1.627371800602555e+17
3.165138670411484e+16
1.85535201208518e+17
6.583208426426921e+16
2.120635281193865e+16
2.0911440150002696e+16
2.3861780039114436e+16
8.249709514669242e+16
4.0741245082813304e+16
3.3381129456002484e+16
6.978929198603259e+16
4.457910106076309e+18
3.5808816821989315e+18
8.211648394218985e+17
1.7696521763855456e+17
1.145427720947244e+17
5.498829587703988e+17
1.2903377528008253e+17
1.004452827738591e+19
1.6575941378302878e+19
5.20849225428344e+18
1.2102510165358446e+18
2.529639497448136e+17
5.908789378890938e+17
7.707750727901014e+17
1.9127786455769328e+17
1.1538438731301931e+17
8.8065077053796e+16
8.68794656291096e+16
1.0114874407205058e+17
1.1483222353372826e+17
1.6888714906756598e+21
1.5301387109015694e+21
1.3605073030814663e+20
7.590792405135238e+20
2.008664840301163e+21
2.840824369586347e+21
3.2403208723277886e+21
3.6426564124174666e+21
3.9144712813901937e+21
3.946778534093824e+21
3.7883323508734873e+21
3.933719646559786e+21
3.7557344567096026e+21
3.760350334305009e+21
3.6774387967820007e+21
3.6804317485750603e+21
3.7769474299375733e+21
3.6818728088128035e+21
3.6048993306758034e+21
3.5903845083697885e+21
3.4597543347589916e+21
3.335615670161666e+21
3.5228901735624344e+21
3.3372788207019633e+21
3.2642380782099167e+21
3.213476638710518e+21
3.2765836317837896e+21
3.249134674271787e+21
3.141574141748711e+21
3.1293459697860556e+21
2.980896064886879e+21
3.052075000964368e+21
3.0426707147046917e+21
3.0666485118940154e+21
2.873701089807394e+21
2.7955817706797363e+21
2.8335419617098266e+21
2.753353120726658e+21
2.875456027373818e+21
2.7158919455546975e+21
2.6173891654103775e+21
2.6057784066271604e+21
2.5470625879298057e+21
2.48411901944621e+21
2.501636716083708e+21
2.476020035206439e+21
2.2899950734144928e+21
2.418752502362218e+21
2.4868441434349765e+21
2.316310102436887e+21
2.459479773517429e+21
2.2788445011254675e+21
2.1863790908484737e+21
2.1059321667683447e+21
2.0715864537365752e+21
2.1254442903559392e+21
2.0003590308668773e+21
2.03981630547397e+21
2.020028123666484e+21
1.872378939797858e+21
1.8553434687088325e+21
1.8995326736988224e+21
1.802450591586953e+21
1.841325755213431e+21
1.8482107018760353e+21
1.8018815921035092e+21
1.7167360804243524e+21
1.6901074599122074e+21
1.6737053555242655e+21
1.5768787097717844e+21
1.670877828102402e+21
1.5206915629852648e+21
1.5496171044044548e+21
1.4848684641699208e+21
1.6016313595685086e+21
1.4538045093491756e+21
1.5319788033763542e+21
1.4333077099238675e+21
1.3519736389034786e+21
1.4650387484385458e+21
1.343526448297751e+21
1.2884910976614256e+21
1.2416253449359175e+21
1.300221078553092e+21
1.21324018910501e+21
1.1365820322196821e+21
1.1230755798348855e+21
1.148326768182366e+21
1.1413076365070269e+21
1.0855971054072345e+21
1.1099784247958745e+21
1.1344246656242009e+21
1.0017671450373974e+21
9.916010980297026e+20
1.0432390516975661e+21
9.50351292581971e+20
9.338799688060063e+20
8.98197035801158e+20
9.673752777463653e+20
8.902358782930066e+20
8.708583150181157e+20
9.001619547911962e+20
8.044833892828215e+20
7.716057804518189e+20
8.243153911801411e+20
8.244370587388243e+20
7.133388076982132e+20
7.68541006172696e+20
6.708752663315752e+20
6.590003277361324e+20
7.72367854586221e+20
6.188724850912813e+20
6.354100315832057e+20
5.906345461281349e+20
6.091187822868964e+20
5.5238459979302234e+20
5.2961200044831126e+20
5.249782674659377e+20
4.8870130961568976e+20
4.764350973463711e+20
4.7746148603005193e+20
5.45492816725097e+20
4.5469757313404076e+20
4.188284168846442e+20
4.273048007003109e+20
4.0851288620828584e+20
3.894230915487564e+20
3.9939661103611635e+20
3.55653330868751e+20
3.413064273422653e+20
3.593334563594595e+20
3.130673776166745e+20
3.040946422726357e+20
2.9805926277705617e+20
3.190664629323356e+20
3.471144323335475e+20
2.6718675389813775e+20
2.6582875209839903e+20
2.5150826030722807e+20
2.2501684643623777e+20
2.7093956593762868e+20
2.140287872843655e+20
2.3177327529292418e+20
2.178123588520345e+20
2.294465239705967e+20
2.1386070567483513e+20
1.882095296914181e+20
1.8068144720953426e+20
1.801992429012398e+20
2.0503505958702186e+20
1.945928557272764e+20
1.4208395864758152e+20
1.4823605994512233e+20
1.2062634380968403e+20
1.3643401805007969e+20
1.0319319327499274e+20
1.1252291406541192e+20
1.3361886598104421e+20
9.565383304267938e+19
8.70550456603599e+19
1.1884063038435141e+20
9.18281042217852e+19
1.1622071133316936e+20
8.018524257140485e+19
7.59143821871707e+19
1.049354370734306e+20
1.0353658770075892e+20
5.361934401702823e+19
8.7135196614593e+19
9.206796422611014e+19
6.609253193336665e+19
7.209735154310042e+19
7.780301197629787e+19
8.874772829030806e+19
7.134595089651659e+19
7.371680779388866e+19
9.531780488029692e+19
1.1187386658975387e+20
8.9121241454842e+19
7.845296940436973e+19
9.432882576289418e+19
9.773029458941778e+19
8.685128417402379e+19
1.0923767425507998e+20
6.785319232143941e+19
1.1818781869228063e+20
6.711936003814806e+19
9.781262114475177e+19
1.0408661563098979e+20
8.571583242612012e+19
9.315412166296255e+19
1.1198088674432559e+20
8.037154119642466e+19
1.2159413817203206e+20
9.581997428693379e+19
9.55155265830564e+19
1.0418772709530729e+20
1.0187642535179552e+20
1.0449705007635895e+20
1.0992644558574068e+20
7.044570162594427e+19
1.2606142340210744e+20
1.1408868783293406e+20
8.614604908013593e+19
9.130037384187149e+19
8.262084932072441e+19
8.458400437022446e+19
8.950166308958693e+19
9.37790171639247e+19
1.0268937747754346e+20
9.269830794356146e+19
8.656511860399894e+19
1.0503436785673303e+20
1.1169955109022786e+20
8.363491726917835e+19
8.21940073747347e+19
9.55186367690409e+19
1.1618081009029076e+20
9.515526682514186e+19
9.606705363346665e+19
9.98676734442881e+19
6.582375320493553e+19
1.0638401024855602e+20
6.964747978958551e+19
9.880456971491231e+19
8.990430286689645e+19
9.185776468154946e+19
1.0178379815388858e+20
8.332801808906166e+19
7.588659509492151e+19
7.492154277393796e+19
1.0235713942976043e+20
9.749691434804915e+19
9.79963978310313e+19
1.1139928788042877e+20
1.1300250238836685e+20
1.2154657456046966e+20
1.2114570404226612e+20
9.779440689934975e+19
9.027412866576641e+19
1.0910461071011224e+20
1.0466491650549742e+20
8.834809698989579e+19
1.0065739884715996e+20
1.0211478660244498e+20
6.944996772278138e+19
9.983683642184865e+19
9.806229771673969e+19
1.1522118036035676e+20
1.0003374172017782e+20
8.109178655883121e+19
8.184258939497667e+19
1.0090869751416265e+20
8.457658573514152e+19
8.803138955237845e+19
1.0231278496022903e+20
1.0671086697959227e+20
9.334075925292751e+19
8.323655917766099e+19
8.710424941938378e+19
7.81059959617133e+19
9.99444447384311e+19
1.2122654966624099e+20
8.217597182980391e+19
1.1686075503595772e+20
9.224621274691548e+19
8.524925961893736e+19
9.299086913407141e+19
8.639972862024173e+19
1.149273106657763e+20
9.279720408798595e+19
9.887242886215464e+19
1.1395159417725326e+20
1.1505936567731095e+20
1.0234298141060348e+20
1.0321527661657943e+20
7.983899259461448e+19
1.1034643141191023e+20
6.378318492123044e+19
8.692072384792268e+19
6.7179404926420074e+19
8.329113731542806e+19
9.260921325490758e+19
1.1594992267191263e+20
7.208539656169495e+19
7.606650841696652e+19
7.458697611394753e+19
8.097208517837719e+19
6.5284994033004225e+19
8.994295004431514e+19
1.0112234401062973e+20
8.95404852683447e+19
1.2465428256963399e+20
6.527662193382638e+19
1.0258359266264062e+20
1.2635698760604988e+20
8.761962454451944e+19
1.2603676716921836e+20
8.842663919667388e+19
1.1242197901730891e+20
1.2123849286838234e+20
1.0743990231525863e+20
1.0501600631938962e+20
8.955885729792696e+19
1.2228931195037794e+20
1.2126077275832669e+20
7.048707718180386e+19
7.943963986271794e+19
1.1303092116709288e+20
1.2127730305479236e+20
9.766103195393766e+19
1.1069186867914075e+20
9.55616970025829e+19
1.1692237424162877e+20
1.1644271468054836e+20
6.776669616231253e+19
6.672343269409265e+19
1.3256398975228219e+20
7.259926223635593e+19
1.1665708574665479e+20
1.3065140187327114e+20
7.699565705086466e+19
1.000100669505751e+20
1.0697102159055244e+20
1.5170657522097934e+20
7.923464742623614e+19
9.057517594668296e+19
8.694859587957593e+19
8.60494196428572e+19
7.499572591146598e+19
1.0685234550469134e+20
9.916286886460426e+19
8.62567309919787e+19
7.51254017588284e+19
9.277117346556215e+19
7.1703785157350285e+19
8.101764856094333e+19
9.862150515418705e+19
1.1418395756640315e+20
8.709494910226176e+19
1.2870774534137107e+20
1.0274980869925575e+20
1.1702850056995722e+20
9.199821962098649e+19
9.982038318495374e+19
9.475258569255779e+19
1.1911880513855624e+20
1.4783494044293684e+20
8.59739945089271e+19
1.2892997856339039e+20
7.086838676594503e+19
8.660452137603624e+19
9.838688183395143e+19
7.832036954220678e+19
6.5894557909735285e+19
1.5905836667925915e+20
7.720936797104212e+19
7.695460477273201e+19
6.2517139689754165e+19
1.0377512156621059e+20
1.0243895134546585e+20
9.304243921258519e+19
8.379848176105465e+19
1.0821045492019603e+20
1.0456305222517208e+20
1.2611007871791271e+20
1.2741057667319965e+20
6.901772240588722e+19
6.74430386180392e+19
1.103587645230355e+20
9.954191201434673e+19
9.180996067753784e+19
6.746130987184061e+19
1.0706347019879165e+20
7.027677897951379e+19
8.377409354477904e+19
1.0453888559032117e+20
7.650818050760491e+19
6.694487109279361e+19
7.997164952057858e+19
6.989191692018168e+19
1.0315003548323296e+20
7.468951772752896e+19
1.0668499606762491e+20
6.4054398437189485e+19
9.418047228990374e+19
1.119521910250429e+20
8.46131708765208e+19
7.155584317019403e+19
9.030878739458705e+19
9.130610957638964e+19
1.0629581175563557e+20
1.0790911862114161e+20
8.581260842233248e+19
7.967609818262685e+19
7.172961262582333e+19
6.730685041018387e+19
1.2066319524596087e+20
1.126468098909506e+20
1.2192363998711089e+20
8.925359614295864e+19
1.0694715400581759e+20
1.3373442632369927e+20
7.883657646067386e+19
9.826490512498722e+19
8.833237345795616e+19
1.1066087612268438e+20
6.446141488872014e+19
7.14442507306116e+19
6.360677659081608e+19
7.89458539893275e+19
6.887742824658656e+19
7.0328010907061944e+19
7.2049074114099585e+19
1.0666981109608427e+20
1.2838386474113419e+20
1.2868774626471004e+20
7.037950575000101e+19
8.256837138653993e+19
7.815753169966622e+19
7.943924569206106e+19
1.1221483926871145e+20
7.349051194032981e+19
1.1104471747298371e+20
6.73922654894186e+19
9.69458223121696e+19
7.208630954415825e+19
9.259482262511624e+19
8.631712350065367e+19
9.10911703866588e+19
1.0807933162970074e+20
9.305014223762915e+19
8.234934293407513e+19
1.0706564390770973e+20
7.817432807368416e+19
1.267105887385933e+20
8.567288441947424e+19
8.05977042860853e+19
8.836455625279629e+19
6.672245678802787e+19
8.900593440472025e+19
1.1411214433669366e+20
7.514950802281995e+19
1.0460100245711564e+20
1.270145465631621e+20
7.47709838681358e+19
6.644529187132805e+19
6.434806978924797e+19
6.800557357400779e+19
1.247957073465135e+20
9.303640444499766e+19
7.948977929761371e+19
9.123255662949125e+19
7.552651647515515e+19
8.881004144549814e+19
6.505414552796204e+19
6.806607928124035e+19
8.06906098905644e+19
8.006141135282848e+19
1.1907934789381495e+20
1.1100002206961423e+20
8.94281040144028e+19
9.735073143886212e+19
8.589738594250501e+19
7.069819147742212e+19
7.314100171126445e+19
1.1362918029143445e+20
1.0207434845695818e+20
1.1060132236239113e+20
6.689703623000797e+19
6.772044892186896e+19
7.641930103769797e+19
1.3554818842702999e+20
7.0797541575252e+19
1.1044034284792175e+20
7.399798485834994e+19
7.236968129349199e+19
7.938243742934906e+19
7.44916481319322e+19
6.740890050371264e+19
8.88435653547304e+19
6.115151252117644e+19
7.505312646148817e+19
8.242554740866566e+19
1.2860622121073597e+20
6.803356002731877e+19
9.515250229492911e+19
1.0869282086522313e+20
7.093226620954225e+19
9.997100589652368e+19
7.589777300713823e+19
8.103768831953461e+19
9.49181623248063e+19
9.398952970279543e+19
1.0637679261101731e+20
8.640196598576905e+19
1.1867395961018306e+20
7.777155756103274e+19
7.954465533484514e+19
9.487109032279173e+19
1.1768730020235287e+20
6.781125352157096e+19
6.809665693400082e+19
1.1256229979928066e+20
6.236288631407919e+19
8.29788620689457e+19
8.553013563029629e+19
9.994752298743831e+19
1.295796023536083e+20
9.957969968051297e+19
6.492691242893267e+19
1.2794860020366521e+20
6.493463198500612e+19
9.606917437831297e+19
7.2550424793694355e+19
7.644349975442306e+19
6.282286481305937e+19
9.591217177183122e+19
8.32370734934024e+19
8.288174403938363e+19
1.1655843675369285e+20
6.679470025493264e+19
1.2151485990614426e+20
7.69393807642669e+19
9.493535843096435e+19
