-0.0001345946952754345
-0.00012354734152233084
-0.00012028588949201199
-0.00011395051775392718
-0.00010952039021783723
-0.00010042042178191388
-9.274329260314026e-05
-8.566384539545442e-05
-7.911442920046213e-05
-7.098214073966328e-05
-6.427923586810581e-05
-5.961109127383679e-05
-5.479018649426647e-05
-5.1234703837858084e-05
-4.6887432276539935e-05
-4.44660623683236e-05
-4.2797623777565046e-05
-4.0481749657863896e-05
-3.8581868060506304e-05
-3.7013715728580094e-05
-3.5650558017480834e-05
-3.4953131790434084e-05
-3.322086150337082e-05
-3.221128589267699e-05
-3.1245815402004296e-05
-3.09745802951511e-05
-3.0433533622551923e-05
-2.9273605189071253e-05
-2.8999303070192513e-05
-2.8496152719106668e-05
-2.9184467432339892e-05
-2.875382446151119e-05
-2.792263244023511e-05
-2.838793552655261e-05
-2.8752644525061792e-05
-2.8852736096059043e-05
-2.8469234474379425e-05
-2.7915555284170505e-05
-2.7172120630544108e-05
-2.6679171563815685e-05
-2.568048478748936e-05
-2.524939636014796e-05
-2.511101948374954e-05
-2.454173588305891e-05
-2.37325882503333e-05
-2.27355389562525e-05
-2.2215614556514012e-05
-2.182192222859997e-05
-2.17027485912415e-05
-2.0709336268527503e-05
-2.0324132828346382e-05
-2.0605097149830098e-05
-1.9746295080179923e-05
-1.9124030670634684e-05
-1.872536763235425e-05
-1.761215361721742e-05
-1.7608938707361142e-05
-1.6992101014833538e-05
-1.6542173594084137e-05
-1.6954841031782473e-05
-1.5986876035010655e-05
-1.5501006321126344e-05
-1.508472786764077e-05
-1.4641259874154527e-05
-1.3803684473364579e-05
-1.3178381679888565e-05
-1.2413948164836396e-05
-1.168551032326202e-05
-1.1794658320678326e-05
-1.1598370502514836e-05
-1.1719778278627648e-05
-1.1646476727596914e-05
-1.188246231042565e-05
-1.1544666463473381e-05
-1.0370700091208654e-05
-9.514681844918343e-06
-9.412530464312742e-06
-9.847402683450267e-06
-9.612770736566744e-06
-9.040101926634984e-06
-8.453547525277828e-06
-8.893748124067385e-06
-8.694993602358198e-06
-9.163464640620918e-06
-8.975540087983693e-06
-9.035091968074155e-06
-9.249966765659896e-06
-9.495721384994864e-06
-9.635352594509291e-06
-9.257207322941842e-06
-9.664118568672656e-06
-9.380671648474303e-06
-9.54324519765438e-06
-9.16910412342986e-06
-8.95972716534743e-06
-8.30731078167446e-06
-8.26025846506057e-06
-7.632094548171153e-06
-7.884488261949558e-06
-7.818614239323115e-06
-7.821877702204243e-06
-7.617575024946396e-06
-7.597443541621592e-06
-7.5873570704761036e-06
-7.86777389713769e-06
-8.355563533349105e-06
-8.904260357667227e-06
-8.883947059355426e-06
-8.405872008902056e-06
-8.417224111886193e-06
-8.358694293957132e-06
-8.297489903970227e-06
-8.566996271278744e-06
-8.675322393313623e-06
-8.341590616440114e-06
-8.313874416042101e-06
-8.131220783980098e-06
-8.038135960165305e-06
-7.750638962114373e-06
-8.440617952706257e-06
-8.141105312321228e-06
-8.137998912178983e-06
-7.691531615049685e-06
-7.2503832108430705e-06
-7.22676606108927e-06
-7.173048302670045e-06
-6.799120945708217e-06
-6.528402200973897e-06
-6.081788901960513e-06
-6.004405678630484e-06
-5.943130068212317e-06
-5.744330687425995e-06
-5.640537598922562e-06
-5.36257590423562e-06
-5.306278525005417e-06
-4.948106344762402e-06
-4.7871100622824784e-06
-5.156762353390849e-06
-5.247680830787151e-06
-5.1586558374065835e-06
-5.252200935501605e-06
-4.980757848198454e-06
-5.59758380124829e-06
-5.378594533585084e-06
-5.526682952432356e-06
-5.614626633569759e-06
-5.799846740746244e-06
-6.5270050072285816e-06
-6.269017474271375e-06
-6.271994075527451e-06
-6.434945701655054e-06
-6.2164779942227495e-06
-6.072683110967493e-06
-6.1014016584802165e-06
-6.250811111385701e-06
-6.538047231375598e-06
-6.453294386469329e-06
-6.073091628003077e-06
-5.612015810094398e-06
-5.486451797108972e-06
-5.212833639234305e-06
-5.475086324552719e-06
-5.144587913281822e-06
-5.117482095766508e-06
-5.179082836548332e-06
-5.345344757538092e-06
-5.371382947207446e-06
-4.337198025985764e-06
-4.213242335446501e-06
-4.819316920754948e-06
-4.771546663015704e-06
-4.746523847223635e-06
-5.051460804959508e-06
-5.236921634395213e-06
-5.807370339775494e-06
-5.304523438098841e-06
-4.827640014599847e-06
-4.607157608496401e-06
-4.939984074343766e-06
-4.7857966959642136e-06
-5.067838775665642e-06
-4.9797977086340185e-06
-4.9575969569559675e-06
-5.282108500418522e-06
-5.4084802986136104e-06
-4.699992181345945e-06
-4.522689589346276e-06
-4.555575917318212e-06
-4.257097540315814e-06
-4.266046653356171e-06
-3.732064536821921e-06
-3.7775637897888933e-06
-4.079609089575779e-06
-4.139119426746709e-06
-3.953250290158813e-06
-3.7792215922448892e-06
-3.594264853745699e-06
-3.59195462176733e-06
-3.6570508690112127e-06
-3.720648447387458e-06
-3.6632133917289768e-06
-3.6118464987129512e-06
-3.6742497006623753e-06
-4.360361498793981e-06
-4.318265347627368e-06
-4.719618097554373e-06
-4.363325395108684e-06
-4.185214535167548e-06
-4.8599049058304025e-06
-5.4594765200678155e-06
-5.026862716197054e-06
-5.015055530048603e-06
-4.590374982609109e-06
-4.41087039899475e-06
-4.053548498352309e-06
-3.837725304177953e-06
-3.600321185960918e-06
-3.781097638448745e-06
-3.791742752722572e-06
-3.4481171181911263e-06
-3.643954844916992e-06
-3.8695531971965325e-06
-4.058682536476856e-06
-4.092655937991087e-06
-3.939085728723932e-06
-3.882314600699689e-06
-3.6131792057858546e-06
-3.375580123387268e-06
-3.2853701598539305e-06
-3.2681815845045585e-06
-3.656878848582542e-06
-3.6311706935521214e-06
-3.513490121174702e-06
-3.1918679654224365e-06
-3.0893720017607287e-06
-2.7637644612136334e-06
-2.984255864318514e-06
-3.2788355593556143e-06
-3.2950124337870735e-06
-3.036573850924749e-06
-3.3459339682359804e-06
-2.7700902172420265e-06
-2.5179854709187147e-06
-2.826170363662711e-06
-2.6971736203379875e-06
-2.680048412282933e-06
-3.0567746307497146e-06
-3.577726616080886e-06
-3.969681196954648e-06
-3.5241301492743123e-06
-2.863875117607397e-06
-2.6216294162832825e-06
-2.5971053009225915e-06
-2.6778770846319206e-06
-2.6412676316585232e-06
-2.222356096563789e-06
-2.1409431925488978e-06
-1.9862383169311215e-06
-2.1574128648073663e-06
-2.2264246266646436e-06
-1.9192788700960453e-06
-1.840414714794091e-06
-2.0676497744996315e-06
-1.7514873801561548e-06
-1.5142013126023812e-06
-1.3788170498138732e-06
-1.6110166335728045e-06
-1.928680894007602e-06
-1.867093786901163e-06
-2.21236981675387e-06
-2.2587995632560565e-06
-2.3141616408723236e-06
-2.8722492865759147e-06
-2.7071703628350334e-06
-2.4555848190525117e-06
-2.5559150064789437e-06
-2.4388295094887817e-06
-2.2988430443477297e-06
-2.563262146045767e-06
-2.454620880598668e-06
-2.3449259515473387e-06
-2.685095925978833e-06
-2.255939821574989e-06
-2.3193309761364406e-06
-2.327982121222214e-06
-2.0877849377799204e-06
-1.9972775589849333e-06
-1.6765646810549348e-06
-1.7607219713401999e-06
-1.7992629969180248e-06
-1.8335295915396553e-06
-1.5862709145809417e-06
-1.767530198566629e-06
-1.9123485694413272e-06
-1.983350564562268e-06
-1.83068674722073e-06
-2.8083997012100343e-06
-2.563929704662699e-06
-2.2517295292345805e-06
-2.38132290807978e-06
-2.443053888502898e-06
-2.4181244428361356e-06
-1.9796625705426917e-06
-2.0825947401065675e-06
-1.888270673169665e-06
-1.882267824489995e-06
-1.8178765615700216e-06
-1.283598871500894e-06
-1.6274194614687496e-06
-1.4475813748923919e-06
-1.7832932773951773e-06
-1.7041720901453607e-06
-1.8007396717551343e-06
-1.8886751866795328e-06
-1.908584928199931e-06
-1.8933852603507918e-06
-1.8222287105975109e-06
-1.7526284514483101e-06
-1.9735648860520226e-06
-2.187555026886492e-06
-1.9128408264525487e-06
-1.8530916524748766e-06
-1.9203447436666465e-06
-1.7951793587109512e-06
-1.9589609844563082e-06
-2.076510173327943e-06
-2.2211713677769207e-06
-2.286236338897232e-06
-2.002757133385995e-06
-1.937662049245913e-06
-2.0974552381421045e-06
-1.702014413660016e-06
-1.4878714357389702e-06
-1.5437041261415848e-06
-1.3473086290524896e-06
-1.5352156494303087e-06
-1.176119167212164e-06
-1.1958085818920294e-06
-9.319723132578544e-07
-8.015022462341921e-07
-1.3931620410053606e-06
-1.5494894464259582e-06
-1.2818831902012999e-06
-1.3887060504202963e-06
-1.4576908877363447e-06
-1.756503189216556e-06
-1.7470829911522182e-06
-1.7223864338470425e-06
-1.3700637912104587e-06
-1.404632967723256e-06
-1.2832481266181836e-06
-1.2488535818332681e-06
-1.5013470217057217e-06
-1.6083361253130043e-06
-1.7609468369091001e-06
-1.5561735048882278e-06
-1.5335387790680845e-06
-1.6983271244988338e-06
-1.4331259553028548e-06
-1.4712991549878586e-06
-1.2222441770203518e-06
-1.2234155502273308e-06
-1.1506731792766143e-06
-1.4264125096675483e-06
-1.0427977415999451e-06
-1.0283192916806282e-06
-1.2522504343556088e-06
-1.253646410777247e-06
-1.1612362483832e-06
-1.3720496956291474e-06
-1.2306397733342378e-06
-1.3189671230625558e-06
-1.0027994545243228e-06
-1.7294862100942948e-06
-1.7148510638575177e-06
-1.6441579348863272e-06
-1.6309983755910743e-06
-1.8303363171631085e-06
-2.006510756193445e-06
-1.7584172103222674e-06
-1.5977770702263046e-06
-1.6654528735671193e-06
-2.0778222453652863e-06
-2.1170742194534305e-06
-2.0287268223630517e-06
-1.999723769166359e-06
-1.930597106645739e-06
-1.7241951512075432e-06
-1.5210488509882663e-06
-1.4810793852750345e-06
-1.4773009927291872e-06
-1.179331367823649e-06
-1.1233095427507158e-06
-1.092722380655267e-06
-1.2814763006365236e-06
-1.2361482486784764e-06
-1.2927379639922247e-06
-1.6306139951456526e-06
-1.5566644291399056e-06
-1.5509229534962707e-06
-2.0389279055822182e-06
-1.7232126205831613e-06
-1.7191028746310622e-06
-2.0276640130899836e-06
-1.81430620019595e-06
-1.823791294205316e-06
-1.5290550069179376e-06
-1.7339779683075343e-06
-1.630701750890204e-06
-1.773257933844154e-06
-1.6917312083163638e-06
-1.9338353677784865e-06
-2.1415488250708083e-06
-2.0953330809229205e-06
-1.7622524917617109e-06
-1.9798923858616037e-06
-2.0199270501017545e-06
-1.8656511708916067e-06
-1.9421484939112605e-06
-1.5639339485810175e-06
-1.89233567897855e-06
-2.1094116059080428e-06
-2.3142197278502863e-06
-2.651991588628824e-06
-2.2397980291526227e-06
-2.6178960104936356e-06
-2.6259799597028177e-06
-2.782064676956417e-06
-2.7660726293386406e-06
-2.819230597266981e-06
-2.8797238953232478e-06
-2.640018272778924e-06
-2.2508907337536442e-06
-2.280906259189718e-06
-1.9665135176602723e-06
-1.9655319752368644e-06
-2.3073270680330235e-06
-2.3694958319818117e-06
-2.391863682322974e-06
-2.1788310382712203e-06
-1.908891515365842e-06
-1.688364262428457e-06
-1.8635974199171938e-06
-2.291835167293007e-06
-2.306426568583657e-06
-2.4223242584971908e-06
-2.521527060777701e-06
-2.645725498950924e-06
-2.5597262790072887e-06
-2.425643522376329e-06
-2.1714259743860637e-06
-1.9237317334185576e-06
-2.099743845134911e-06
-2.0477729094636743e-06
-1.922253643617576e-06
-1.8990563393554812e-06
-2.0489748137081803e-06
-2.369264015774556e-06
-2.228643150094565e-06
-2.3220054607428698e-06
-1.768658975939056e-06
-1.5087860901985551e-06
-1.5073350875984314e-06
-1.3728304635990823e-06
-1.556570320924668e-06
-1.4239535630622413e-06
-1.0737693934550827e-06
-1.086155923355993e-06
-6.902207229149309e-07
-6.756736048338587e-07
-7.228423765599683e-07
-8.32333325189001e-07
-9.176870575034767e-07
-9.365668653607337e-07
-1.0362882309122003e-06
-1.15979008184625e-06
-1.1681756544791054e-06
-1.695090425248334e-06
-1.5723121665499862e-06
-1.2848445626682055e-06
-1.2262494500156697e-06
-1.124897312365647e-06
-7.543236952537532e-07
-7.188112747896342e-07
-6.126173214117724e-07
-8.004777196919559e-07
-5.416647603886724e-07
-5.494957292739855e-07
-6.267510238663258e-07
-5.975580716739597e-07
-7.894998798991975e-07
-4.935386724670165e-07
-6.123323802197634e-07
-7.225118775540278e-07
-6.952006008130131e-07
-6.003660206925605e-07
-9.448983746551676e-07
-9.561919883848393e-07
-1.1142755799762829e-06
-1.1107241474606922e-06
-1.012575913906543e-06
-1.3296578082680264e-06
-1.317746024981786e-06
-1.1763942893594503e-06
-1.2328784228324925e-06
-1.2604782498853568e-06
-1.25673840417361e-06
-1.2844034035179692e-06
-1.3409430861289506e-06
-1.132968137741185e-06
-1.2785623836792253e-06
-1.2261012006302526e-06
-1.1421590364499514e-06
-9.223888783848312e-07
-1.0553286301728805e-06
-1.2441281516937755e-06
-1.2678482440046187e-06
-8.939815687041958e-07
-5.728812119251906e-07
-6.443483856016358e-07
-9.268567571150645e-07
-7.017282253120637e-07
-7.19724207206477e-07
-8.493266809986941e-07
-7.340010072836706e-07
-1.1119551432924569e-06
-8.937521792736684e-07
-7.862269556496288e-07
-8.822379711021383e-07
-5.983802111586556e-07
-6.620549592858319e-07
-6.502690032798105e-07
-5.608549333129094e-07
-4.229121530513042e-07
-6.389010020659323e-07
-5.697663884627848e-07
-4.5771824899859964e-07
-6.570964667564392e-07
-7.678275122858534e-07
-4.36847219239448e-07
-4.358630401559192e-07
-5.462062382286184e-07
-5.488662640555749e-07
-4.757734752904351e-07
-4.684502711755228e-07
-5.798954847390492e-07
-8.714449480661502e-07
-1.2277781636909752e-06
-9.83451822706299e-07
-7.277455464505832e-07
-1.2323724770514952e-06
-1.0662822065709266e-06
-1.0100458728000097e-06
-1.299606848393663e-06
-1.763632840615733e-06
-1.4952692009291451e-06
-1.2991104348167517e-06
-1.3571850663888304e-06
-1.3074774135300407e-06
-1.098102331280433e-06
-1.0247535687295358e-06
-1.0013111197902337e-06
-1.1172856672531522e-06
-1.1051374774349545e-06
-1.0235322301573783e-06
-1.240785354639229e-06
-1.2583850303389436e-06
-1.4047520415680572e-06
-1.4597348931252222e-06
-1.683877954187315e-06
-1.7102938412650613e-06
-1.4803187643617724e-06
-1.6241532701035165e-06
-1.3504200279175376e-06
-1.1834293812940955e-06
-1.1791275045862466e-06
-1.4987037642500721e-06
-1.5966939687272176e-06
-1.6491604775672805e-06
-1.673699176325709e-06
-1.532060391932296e-06
-1.433531009262459e-06
-1.7682667178702943e-06
-2.0665366124516226e-06
-1.532574604495424e-06
-1.5499293217894425e-06
-1.2937595311786236e-06
-1.3174339930908621e-06
-1.2108865995777215e-06
-1.2846110621467233e-06
-1.100117156756124e-06
-1.1043252680582764e-06
-1.0902490867710394e-06
-1.182716598053118e-06
-8.423496366888755e-07
-1.0566652926732227e-06
-1.1198688875643151e-06
-1.3119059006455176e-06
-1.2507541004407147e-06
-1.3522402031622523e-06
