0.7031550445717025
-0.2436897590613136
-0.5023708351529561
-0.48106737131109606
-0.40283388724693886
-0.35268637996453506
-0.3421566651417659
-0.2863964672272022
-0.23708388243730252
-0.21676911470981744
-0.18312921936695392
-0.14532214005549365
-0.11929754755244805
-0.10896804009814962
-0.083868070347951
-0.06025266396239973
-0.054699612921103834
-0.030061238882346797
-0.019391119002830238
-0.019880633935547218
0.00321226310558044
0.017907205823128325
0.020588641731928176
0.03029602631353415
0.03689886904926075
0.062033665210653385
0.061198931471265566
0.06583614915233249
0.06569409679773694
0.06413595261625372
0.07884192355156232
0.07010013249169927
0.0805735218195388
0.07553109178641955
0.05605142905305211
0.09734097231076493
0.07730247281276836
0.08653039075434207
0.07514353589907002
0.09012812889839272
0.08451746748760343
0.08173985232491619
0.07801943803877713
0.10471705874750534
0.07902271920958391
0.08010049074565849
0.09710658691608562
0.07427670201286674
0.09975395970619642
0.08002494159154594
0.09892564301307384
0.06673468311962027
0.0838750154317285
0.08225501215515228
0.09248027794707853
0.09650492240459874
0.08658740717499033
0.10447650040822247
0.0793561454074314
0.0814584044739604
0.0793044430257466
0.09018345348035486
0.08819004019191758
0.07632455674107545
0.08285081746916358
0.08194108616489057
0.08275854981576021
0.08507943632654273
0.09173818707752686
0.0831451561087026
0.08357604359536289
0.08414581445842767
0.07637201356343352
0.08390517839445517
0.08401760839355679
0.06593084979551629
0.0947013699127218
0.08102491349340059
0.08059069053090823
0.07154683618304822
0.07875169443700893
0.09015581904319474
0.05627582047465974
0.07672723851417407
0.08271007111582618
0.07037655086762523
0.06839006207346056
0.08128104553772852
0.07943887923342677
0.07063858496705787
0.08210213127044531
0.08042084057457172
0.07320726021157148
0.08144449134034892
0.07179668041375967
0.08390817395769633
0.08626958302114732
0.07628830554984653
0.060844913985168274
0.08590094250841783
0.06572367838906268
0.06313438444541623
0.09901585603992526
0.08357349178538873
0.07684439523145556
0.0865615181123408
0.09837487058606571
0.08799039088189602
0.08573968600338468
0.11333114203208915
0.07183099514088379
0.09213517741613592
0.09565652808031211
0.09484647913979223
0.0741248865531256
0.08536355685209855
0.08907912941649557
0.08459890954053173
0.07797024314506695
0.07668319933940299
0.08085077505496044
0.08693402267079084
0.08194677463302819
0.08478610496430729
0.08175936043262481
0.07261150292593252
0.09130771657308707
0.079406237465222
0.07180154514319909
0.0744779056439606
0.07236325683502051
0.0711753426048045
0.07399298309420164
0.07104623891231873
0.07544390403737243
0.08120020669795429
0.08186275752836641
0.07905254071900765
0.08653913070089542
0.08277110543746788
0.08553990168416371
0.08256386740383907
0.09069738849066197
0.08525239620939828
0.0955732923753273
0.07702499293507292
0.08944622751844761
0.07927740602754056
0.08930508031581456
0.07748748177590851
0.0902313110167877
0.08127699793370154
0.0818655080287359
0.1097668771023074
0.0774204231888199
0.11082946962605301
0.076901569412663
0.09376666454884869
0.07301293227176826
0.08198130326479888
0.06656874791504098
0.09331047106176042
0.08925260752081297
0.08333109489713723
0.08122681754578549
0.07400904993454997
0.10202035661965896
0.0670235320352591
0.07534114254387812
0.09155054999909436
0.0799469634214452
0.08218057210772084
0.08082882978398209
0.0777792700781272
0.07093011452279126
0.07942739964391177
0.07545814410998271
0.07406190555685987
0.06986532175394061
0.07700112159654963
0.11932087974049724
0.06642218837156319
0.0778067648697358
0.09293981184108326
0.08666109936490941
0.07050646839376826
0.08889077471999021
0.08024436314545501
0.07045883945605826
0.07706588589353487
0.08942335073549587
0.06630828752755545
0.08694544525888677
0.07135288308502193
0.06815636269345235
0.07844068572247544
0.07213120725377499
0.0735212032790654
0.07728173316841444
0.07311148193861859
0.0769021900728918
0.07388176455648275
0.08055463030468672
0.07373928143642842
0.06921909660808384
0.07789324678194065
0.07018446457357361
0.07923432850332644
0.07754375545236354
0.07701027075885437
0.07963602583712111
0.07495816709482685
0.07692699988804703
0.07510197038869731
0.0727182818397593
0.08797341591606919
0.08159974125715402
0.0828656774515716
0.07828192018832152
0.09135384410977937
0.08837796389483489
0.06997604914403592
0.0924883730825968
0.07645634009117762
0.07864540063220864
0.07528315500015965
0.08573566171197364
0.07273819979656344
0.09347470693397694
0.07851077482247582
0.08422850875649601
0.08903048194300096
0.061659919096228595
0.08473488737363369
0.09122797905136115
0.07244013504196818
0.08847429781722335
0.0799620845892395
0.08606820840101975
0.0806346627471682
0.08472756434751388
0.07365481599878806
0.10258275860284742
0.08782603782243453
0.08212081807164046
0.09816398818511515
0.09334422490344597
0.08458165211889607
0.08587012469965535
0.09060442098147738
0.08542580040744864
0.0836944112016891
0.08254487256591136
0.08562438238698702
0.07775559419622788
0.08548230399341825
0.0849331207627144
0.08511217355441589
0.08089241610410122
0.08232555604056241
0.08136648946943191
0.08458265127757421
0.08230172564777044
0.08933666442305996
0.08919855278128615
0.08905385877363957
0.08574704403701897
0.07842782202821512
0.10107208066172181
0.087019512369387
0.09086390625833211
0.08033886563856728
0.0832568977565433
0.08247288099060265
0.0836176903703465
0.08232377544134999
0.07855120739259291
0.08418801207668507
0.07192816833043113
0.08636889867708446
0.0790939890851195
0.08325875964947045
0.07158794698054688
0.0813050726804739
0.0765943815461539
0.08215880732840071
0.07774732665857301
0.07281592152050087
0.0905931208963291
0.07863928726784741
0.08714595025342603
0.0764735405978102
0.10200083155986459
0.07415237859733259
0.09120112897183459
0.08073836187473857
0.07255547392325333
0.07914520506030664
0.0823095876410102
0.07937179476094361
0.08752107420900407
0.092423698782491
0.08048121994646723
0.07666395502523161
0.0822991382688857
0.08492905003323148
0.09778984592059994
0.0796300752231708
0.09262336326333193
0.08378899958736907
0.10238445464951487
0.08339024961997683
0.0907228207323127
0.07767144088060236
0.08366334810181378
0.08310833694055103
0.08730515572421539
0.07045623272514114
0.08463270161502386
0.0926751906141782
0.071708023471113
0.0954138865479483
0.08053479536543959
0.09179173106184373
0.079538640852731
0.09165009547096606
0.08823912273376033
0.08791178371219967
0.09439417845972527
0.08152320935892371
0.08643281125248625
0.08932458665221929
0.09258432635643447
0.08724401716787655
0.09047626583622052
0.08293657779263762
0.09173744542416758
0.07287482362813674
0.09342662982277174
0.08365576070769189
0.09113430262614901
0.08240482522926938
0.07431352518570537
0.08783186873277793
0.08557630961116117
0.0953764008716322
0.06883126226289628
0.08930289193880386
0.06962057172517794
0.09114849862929147
0.08790659453504934
0.07525752807537524
0.07715033103371612
0.08365740503112858
0.09313831739217186
0.08618501545144962
0.07098290918063588
0.0860613360042827
0.07038880251527119
0.08446847106724117
0.07720623369364497
0.08173705026408873
0.08208591839871728
0.08033203318571815
0.089928342273029
0.07825592501053157
0.07538545709819748
0.09247853872629304
0.07133194375066804
0.0828155899380083
0.07445036800972257
0.08938059682348887
0.08685239808490643
0.0763503222766583
0.08465774041922906
0.07121283058435297
0.09458970701895081
0.08394262760949249
0.08140195324622955
0.08274104248266667
0.08627404281153128
0.098570608134077
0.08020223433313031
0.08228124424439066
0.08366349981381344
0.0741798827979857
0.09683228314567643
0.07648158035455987
0.09115855435196024
0.07763103406446484
0.0839512430328446
0.08845189204439521
0.09338312837778806
0.08748117724720102
0.08408944709226489
0.08111938707387219
0.08618566511342159
0.08207388428048804
0.08794894719478459
0.09073836145801649
0.08143859380641236
0.08942840788871623
0.09037612003919024
0.078827470993453
0.08846704004189143
0.0838826264326389
0.07732603603687424
0.07595741370191368
0.07893846896118843
0.10401444620309541
0.07357014653344567
0.08845263224166747
0.07825013684252134
0.07706437495608742
0.08422392186565468
0.08099588375681868
0.07804559283495809
0.08793766927197934
0.07895703836917305
0.08306404914026363
0.07665498445455271
0.09152044866305704
0.070997135899961
0.08062936415640601
0.09644085019647788
0.07542814693162934
0.08568536886999097
0.07678298982702052
0.08026027859260257
0.07407437522465793
0.09531495331500012
0.0757267326546403
0.06642641039171185
0.08995632340486806
0.0692944191217136
0.08698657496760671
0.08252619003805403
0.09030225290021357
0.07311656860133203
0.09151555379637732
0.06447712137148931
0.1042314995765292
0.08434707375440317
0.07821797164013752
0.09912620921834157
0.08194384364267955
0.07631331181708867
0.08248210597353486
0.07550217058384218
0.08640215769231033
0.0749745747862527
0.08479885534168435
0.0812337113598075
0.08982721532766635
0.0760291440340762
0.0838041864371357
0.0772307557412065
0.08885033031603178
0.08024311607990127
0.07631079210326648
0.08721748933267708
0.08053846842107865
0.08295885000127153
0.07837473736446834
0.09210301284105159
0.07174450175371021
0.0851180425630166
0.0923326991731301
0.07436781030354234
0.08554023542864553
0.08374513614779482
0.09247507105957574
0.0909680143947928
0.07652971944413506
0.08394453785597132
0.08469966153542582
0.08025573587331634
0.0703391433514368
0.08389549307668438
0.08396122624667791
0.08442958745962152
0.07691438593722594
0.08529952458204487
0.08097297391460205
0.09335240308875935
0.06575642100965175
0.09979652536791177
0.0733025650646036
0.09446270428329276
0.07366947211110247
0.08500838815592802
0.07550013745203614
0.07507203392496405
0.0882191415500039
0.08382589095272124
0.07841588986965899
0.09470213717924288
0.07364044091306053
0.09496688045328483
0.07086328139815193
0.07590464740239371
0.0823590232578751
0.09618099904977358
0.058389348167782795
0.10558941803442744
0.07912115855232024
0.08428338698039835
0.08242907133669808
0.08026738330506934
0.08394055759820801
0.08474360109271052
0.0673912188432251
0.08157406091116942
0.0784137896906871
0.07940028237096088
0.08097170594219978
0.08295887778154933
0.09499478946045901
0.07657144657837657
0.0738109501866767
0.08621007316620448
0.08820268110228846
0.0910125993713826
0.08215066742940018
0.08396736888591057
0.07841638443866171
0.0885951039815644
0.08401409206786552
0.08636483901825089
0.08272968080127611
0.08465203977046677
0.0833388442460161
0.08998964400245593
0.08364587694410987
0.08302588851119463
0.08242093047413689
0.08308325821462159
0.08662022466126543
0.07938747584389952
0.07720228424922634
0.0842024980757672
0.0822329662167109
0.07796674996867435
0.08450366901233793
0.08130231755785644
0.08696433320605698
0.08355658610996146
0.07761002988017236
0.0837215090994365
0.08003300567462038
0.08024548858453412
0.09060934743700692
0.08481685233553155
0.06437542459999139
0.08909760797933604
0.07296735827202121
0.08474770991149573
0.07825616671202275
0.08097598721774725
0.08496678358373734
0.09562573184644302
0.07728336091654806
0.07481409877431221
0.07637080848217011
0.07461710389560232
0.09575482877060915
0.07292851168718838
0.08418782681267029
0.08773724383656652
0.08381332668628041
0.07714921441645577
0.08486019963792597
0.08831830132895938
0.0857602554521201
0.08883446366783643
0.08051928085131714
0.10058176686557439
0.07716232727353389
0.08314593075497564
0.0879362158334026
0.07883011710185271
0.09094439374093781
0.09101879967806431
0.08978539534414617
0.08216236468691092
0.08336861668817269
0.08220348880590442
0.09300391799053893
0.08134934312771433
0.08369320864991936
0.0895269116297221
0.08171756067313254
0.08855885035143449
0.08278284820083243
0.08180739130609883
0.08562405064742332
0.07930345272000593
0.07618906266557482
0.08353841487461558
0.08548402713987834
