-0.6540206111394442
-0.794241109261146
-0.7352979852603032
-0.6511233568191528
-0.5489665045188024
-0.47610923510331377
-0.4508595448273879
-0.35240583419799804
-0.3015146626875951
-0.26446648492262914
-0.22284128963947297
-0.18850423498795582
-0.1618538057574859
-0.14398646045189636
-0.12187048391653942
-0.10243318221316888
-0.09246745700410638
-0.07341306960353484
-0.06237859383870203
-0.05960756146814674
-0.0424806985082866
-0.02930977895918589
-0.02686712899997544
-0.024151057647003864
-0.009899996493298273
0.00838814910250501
0.008826229660413586
0.01442100300740164
0.01591894614438598
0.013805376272648573
0.02408517339957213
0.018767286136818048
0.026709721695246675
0.02308506050075476
0.010225845058448613
0.03729241115327638
0.026486448420193764
0.030521872407608987
0.024712791671761526
0.032582970071906366
0.029016933635844348
0.029370489674665105
0.02585678555142994
0.042024016099122284
0.027029957409160067
0.028188149914561877
0.03803493400247624
0.024198442541707593
0.04028425403588559
0.028308239213835736
0.038204913452500475
0.02003541823908633
0.030315959309406865
0.02886442228157718
0.0357677564311486
0.03871982211533647
0.032924247500844876
0.04385394995960479
0.026513604515303785
0.028545987609630594
0.02647890391974495
0.03315918703670972
0.032706775868204065
0.024186611899103108
0.029145541360664468
0.027858861255943057
0.028892354735244926
0.030339657712297945
0.03436846719683112
0.02982064508116589
0.02977908584737004
0.030322988485344326
0.024412622718283764
0.029924681437058516
0.029325575517633786
0.01750531723866096
0.036115183618564445
0.0278814390516625
0.027492352018956667
0.02054185184623258
0.024948586661888
0.030774109841709456
0.011471956242054987
0.023138402355834843
0.027087656039601334
0.01910177156991827
0.017238709991887355
0.02516641735475367
0.02599863883985493
0.02075603429559403
0.026341269225276145
0.0270934904495684
0.022398351086303593
0.026942356761831505
0.020525985600677532
0.02936100900394824
0.029044052116268385
0.023805697824662693
0.013313981818814331
0.029574160357543195
0.016411150907739425
0.015159657146208561
0.038484659722039044
0.029723234079742374
0.024236478502503954
0.032075233364818045
0.03946188808421049
0.03462841631128238
0.032179809282892026
0.04989964474852269
0.023897574195423377
0.036243438977572415
0.03868741133886103
0.037486677572059514
0.023537089638053798
0.030024222707232602
0.03340281292867775
0.030430564147312766
0.025753758023851193
0.02465696588803369
0.027546232915931168
0.03093848564626219
0.0287942963741863
0.029532725321881188
0.028350663190492644
0.021983465902471484
0.033834672188207224
0.02486448599844992
0.020136508875517534
0.021692956141375293
0.02035416422961414
0.019558133793851504
0.021701435283578645
0.02007742676561555
0.02240358881938916
0.02719475479545788
0.02764920768632482
0.02609337690071418
0.030466521009265515
0.028872675713724816
0.03248111724636916
0.02998328601511625
0.035013235565454055
0.030904399736139638
0.03697152560523066
0.026846015614529067
0.03305100460823339
0.02659785049752547
0.033269424532325224
0.026750184354694704
0.03377418573632335
0.028633277638045213
0.030680940833945687
0.047434581390832765
0.028859602034879993
0.04800325133658659
0.02737689679219889
0.03533664740120562
0.023815656456953056
0.029296753581729718
0.018577782444369334
0.03527685349377302
0.03240924402713202
0.0305088100690717
0.02818903292600925
0.024606682957472422
0.04141554948873818
0.01883426192216575
0.024329023430226908
0.033508110479697976
0.026718567822200175
0.028777291056758258
0.02707887925207615
0.02520047367657893
0.020908399088344035
0.026563708368653002
0.023419485570719607
0.022972227187039188
0.020584799888400503
0.024342905091963567
0.03511668920803528
0.015175237682146521
0.02469722048486941
0.03446165299974382
0.03278560482946117
0.022057704000662152
0.032400784918270524
0.027448428158934873
0.02051509882765878
0.02462221099010024
0.032410214477791806
0.018149912214049928
0.03053157456810228
0.021222683937790303
0.018310224468586968
0.024384047666367575
0.020877089513949332
0.022103537941494812
0.02457864521364592
0.022003189775233085
0.023620957483609137
0.0226510570742763
0.027131670823571485
0.021545262163272128
0.019830851061627842
0.024034692304065595
0.01978751057311176
0.025379628402655587
0.023977475387689014
0.02486941728812571
0.025919561453450184
0.023878466189265823
0.02410942083941056
0.023552580319273358
0.02203945583807161
0.031649270561040166
0.027507489962646594
0.030546059231990233
0.02630233226585775
0.03496710275514768
0.033817840998884865
0.022015985156982564
0.03438006529154686
0.024902465442517917
0.026565241193971956
0.022943474873542213
0.029220860808037777
0.02273720309066658
0.03525936960314329
0.02737314570023535
0.029681300123831113
0.03377588495607667
0.01495391320473013
0.030701226533318943
0.03513721698501076
0.022658069137609205
0.03378408236715656
0.02659578564791725
0.03199885358962302
0.028269594290311662
0.031623523188934015
0.02330436524755966
0.04305996975700299
0.034350307076238096
0.030133799583060093
0.040184029497098754
0.03722785236403489
0.03186076771682845
0.03188865212902713
0.03455652682683789
0.03234105122571166
0.03082886934101295
0.0295888834091434
0.03129792389047977
0.025754501942831735
0.03174169674121703
0.030546112997958865
0.031353995144868696
0.028459348825093073
0.029490341495525523
0.028010189309358023
0.030882606780729616
0.029378668089898734
0.03424643844079513
0.034561538865427094
0.03465209717486197
0.032185598213422616
0.02837185913410324
0.04073806250951468
0.033112740681435056
0.03568270313911713
0.028562086132856514
0.03042373913877572
0.029683498091169616
0.02993943235084701
0.028733229006712255
0.02604404220697828
0.030191818813685902
0.022392319300426886
0.0304675937934707
0.02685635882158889
0.027936972341446493
0.02090406441129744
0.026998603358291663
0.025573214858629328
0.02774042666827042
0.02583934941705173
0.022581742163031146
0.03319484094301095
0.02592705869823336
0.03276664716943812
0.026695225190801117
0.04188123479700433
0.024627687882345456
0.03543849192344799
0.02825835177388329
0.022551197171784363
0.027674604123100067
0.028978479055401223
0.02744664386129723
0.03279982561317201
0.03547177433904905
0.027919780434324193
0.02536232195293101
0.03019056316250219
0.030936136673867274
0.04011221521963867
0.02892615171238923
0.037107421264338955
0.031579246828690746
0.041844034678517626
0.031406979379803836
0.03622457020727989
0.02656456016523477
0.029734052900368204
0.030474687102608956
0.0324376978374158
0.022194744479985765
0.03033476032030124
0.03607151706416446
0.023944625477375105
0.03804703469717284
0.028966009011492135
0.036016248843561
0.028277822364403758
0.03619167886208743
0.03380074526111667
0.0331238866962779
0.03736357653800112
0.029742204155683374
0.03250396836083382
0.035152356156434576
0.03692100889658412
0.03381273702610857
0.03566640852592312
0.03028891180247928
0.036043094886610144
0.024892197746353654
0.036850708201885796
0.030725149496888312
0.035089524161930265
0.028909410814790485
0.026071972666809766
0.03232247711633905
0.0320391736100786
0.03760152770421253
0.021318280335085895
0.03351307075757247
0.021108609151157837
0.03414628509020146
0.034263707514709
0.024668900948017835
0.025319817864622635
0.02935531500524331
0.03617566566323288
0.031903775677962515
0.021788496349472553
0.031245556377017727
0.0212784168332851
0.02998955916801396
0.025255084911791178
0.02873945300682233
0.028850467729632956
0.026793479417952206
0.03399050592337377
0.026256089249195962
0.024551017580625528
0.03465968750488873
0.022776752706760398
0.029267401361049942
0.02359297477792447
0.032740036288921075
0.03257156754127489
0.025021990831010043
0.030353495083601537
0.022722080287237007
0.03731500296584832
0.0301522933263466
0.029079656446209322
0.030174283101223408
0.03308747782049557
0.040118952832339204
0.028688604228395538
0.030064813387938417
0.030192503698904496
0.024542740933471717
0.038741806333956234
0.026047060743439942
0.0351415622074945
0.027384805535369264
0.03102358509070025
0.03437702658120543
0.03622128797130874
0.03270910861185537
0.03167371161891004
0.029062243656685145
0.03246920899076101
0.02999598681389426
0.03296479546966461
0.03453967357502104
0.029494028685775657
0.033769929666036314
0.03488735280250414
0.02732983003012263
0.03359981784059738
0.03013236536554849
0.026192565018293232
0.02599151550541417
0.026613290204057612
0.04151179020275147
0.024836526080392874
0.03267382159067963
0.026806288287759973
0.025131137253685244
0.030001780534019837
0.028205419208209674
0.026508356990570275
0.03241283938987181
0.02714886808087333
0.02980001578955755
0.026315281303742756
0.03439230388388611
0.022779526254621138
0.02715194943325164
0.0384434167528525
0.0252583342284197
0.030950589778904733
0.02565801920225987
0.026836967561393976
0.023796600866346405
0.03808246458737323
0.02432000077264652
0.01968768103621327
0.031866680669526644
0.02142855807010514
0.031716349688716804
0.029447230320567123
0.03423407026980735
0.025201500926274233
0.034777660161937375
0.018710616905278026
0.04401867002620397
0.03134707447293644
0.026668373627874713
0.039951534065991064
0.029648631947258343
0.025434979882377844
0.02919133101016856
0.025635686416465502
0.03093303220991332
0.024875236773648515
0.030860155156383722
0.028837539531433812
0.033288255305916
0.025559626516098014
0.02949851779983594
0.025865559949082895
0.03311396936545721
0.02743119463358688
0.02618061486685362
0.03208461239790687
0.02810466178567507
0.02978601962542878
0.026823656209028112
0.03514465991443453
0.022562591624088014
0.031301746513837804
0.035696875287864645
0.024620445373539742
0.031566920526137646
0.029956979287985283
0.035527218722451764
0.03494028223391909
0.02632033744504532
0.03027721571091276
0.030508588433552246
0.02803331821297224
0.021411460982478904
0.02906644820322981
0.030465071111057812
0.030643134161185186
0.025081667044791034
0.03037652447103308
0.028348906664177775
0.03546478296809185
0.018472274863093986
0.029061584184483555
0.023439173645769747
0.036166123698393886
0.02311666144255119
0.031163211922662762
0.02477490221006939
0.0240098985323969
0.03236611971560006
0.03095387734938413
0.026571956312713713
0.0373588560292354
0.024237645770279835
0.03715166362772624
0.021245739465722672
0.023973715109213325
0.02981335341319209
0.03776745695549135
0.014402178477477998
0.043237809252996855
0.028355051912233017
0.029914096707048324
0.029277063389935604
0.028062885881473237
0.02971187970207001
0.029638887501250093
0.02046250512223476
0.028265661785665613
0.02684565662728766
0.027371924800368454
0.02794701644183638
0.029159606044413523
0.03754555514941995
0.02478603068380975
0.02505025025546694
0.03216200950913704
0.03353128422347184
0.03520715980468175
0.029260686872741925
0.031011059349223685
0.027095559356698336
0.03383333564807589
0.030939899281992648
0.032543988702729204
0.03013960407065147
0.030928444411480228
0.030725539116974687
0.03476136986327429
0.030037949852143916
0.029863826649111264
0.02970385571153691
0.03016128887852224
0.032631823426345366
0.02807332079212826
0.02690670746915902
0.02995302245611898
0.02915594165141766
0.02635701147194665
0.0304682912419174
0.029042948585433454
0.03148212930760705
0.0301364392065667
0.025614250429834312
0.03046625351640754
0.02773176901615583
0.027895299925540504
0.03434059878300804
0.029595990165566594
0.017761069577626097
0.033223451724132665
0.024243303580890194
0.03080116133339918
0.026246414227912632
0.029195169254671784
0.03062677540189655
0.037195298518054185
0.02550275269537591
0.024342325353063642
0.02534245862088238
0.023229808191088244
0.03829239154337511
0.02311463090412032
0.029735548063539542
0.03359593495260924
0.030058233599321773
0.02680370867646371
0.03091917308047414
0.03378084324302528
0.03263064527955766
0.033621091504867834
0.029768749801083825
0.04070421506005984
0.027379244680588062
0.030724356687054612
0.032875928424227124
0.028383397839318675
0.034826318690857776
0.036349882019791176
0.03380152056656348
0.029749151775076126
0.030225635132340428
0.0307059770882006
0.03716536399980004
0.029456389378845836
0.031286715821792876
0.03491774989815895
0.029486919929219698
0.03382417011755304
0.029919751919806004
0.02902517926055365
0.031078302391016714
0.0275158453750639
0.025260371844678258
0.02981033803214534
0.030990549259317608
