1.3573102446129688
0.5506748981344012
0.23304743884274592
0.17016993515694945
0.1462421377117817
0.1235232766932593
0.10879562179056498
0.06609502976509528
0.06450989496034498
0.04776835332517154
0.03977634965871962
0.04324170583500885
0.042611047881655394
0.03506965450584315
0.03804930094629526
0.04222498456410204
0.0378106417080674
0.04339231299773718
0.04302605718302612
0.039763941085682465
0.04572861292130815
0.04725193792882447
0.04748899147917445
0.054479295208763615
0.04683011168470749
0.05367648996269474
0.05240313545263444
0.0514444195253488
0.04980415126237159
0.05035907244667984
0.05478593405837623
0.05136159922426137
0.05389172229378556
0.05247441890040556
0.045854336291981435
0.060077413862857684
0.050844493879076955
0.056036434032452793
0.050457917408158
0.057571838649276355
0.05552621546129768
0.05239461213708497
0.052187763924638815
0.06271758440595407
0.05201649421360344
0.051935076853260397
0.059093867390989686
0.05010008044863263
0.0594914077136379
0.05173741210646068
0.06074105309895598
0.046719869383825705
0.053578803029197916
0.05340971343505841
0.05673124760102767
0.05780271117288906
0.053680768258009964
0.060639541807512826
0.052859083466375106
0.05292937141270018
0.05284152569320912
0.057039767844029345
0.05549834877288399
0.052152585856115014
0.05371907886046057
0.05409540384470557
0.053878609255815925
0.054751463395615034
0.05738151384732471
0.053336109416201136
0.053808677952306774
0.053834472213370295
0.05197127292004342
0.05399204141173798
0.05470240371874892
0.048435045929195786
0.058595598997691505
0.053153321082488846
0.05310795215818171
0.0510140248037015
0.053811561398637985
0.05939060333184898
0.04481256030267104
0.053598001076338386
0.05563139144975979
0.051283815127009386
0.05116060273363613
0.05612412402227234
0.053449875983194665
0.04989180729115525
0.055770527198910715
0.053336730180308226
0.05081845223903656
0.0545113035173227
0.05127965533711876
0.05455547102297155
0.05723378984257579
0.05249024149782669
0.04753881658678158
0.056334600350461325
0.04932034973843166
0.04798234520981518
0.060538792205401336
0.05385784571094868
0.052615784276993226
0.05449464046754516
0.058921887360226646
0.053370858123525974
0.053568282553281346
0.0634399147847524
0.047941778797226456
0.055900035393782535
0.056977683617375215
0.05736847646319522
0.05059613824392167
0.055347646941215946
0.055684448681915036
0.05417638409954424
0.052224235508877496
0.05203467374846626
0.05331268415499765
0.05600367460328226
0.053160169333792646
0.055260630005684035
0.053415923287124877
0.050635210489137814
0.057479842737890204
0.05454828014525657
0.051671117447459926
0.05279095410369337
0.05201503656661281
0.05162295270532083
0.05229718799595363
0.05097417408295979
0.05304562136566696
0.054010400181421295
0.05421833737323491
0.05296431958961945
0.056077856989577415
0.053903587825166493
0.05306403650544011
0.05258556245467984
0.05568974937240665
0.05435337560752836
0.05860729362242497
0.050184592398671575
0.0564010236125726
0.05268608293531892
0.0560419250637866
0.05074356931548279
0.056463560884675155
0.05264993654922224
0.05119064032959823
0.06233839881248199
0.04856707200121421
0.0628327561255831
0.04953112583965636
0.05843609092900386
0.0492028878750996
0.052690035896375775
0.04799617880668778
0.05803909172805456
0.05684850776496415
0.05282740206815875
0.05304296320805756
0.049407712624479946
0.06061017845327465
0.04819360741127569
0.05101633329445926
0.05804725881003273
0.053233167009714706
0.053408027356132294
0.053755003058065014
0.052584032714366916
0.05002752184652938
0.052868995810142504
0.052043486207437054
0.051094286154525784
0.04928546129510953
0.052663001303489394
0.08420925783888938
0.051251929095731334
0.053114501841796134
0.05848344021405165
0.053880903436444125
0.048453463900547764
0.056494512391061735
0.052800491000883853
0.04994799730439599
0.0524479414927415
0.05701686722369721
0.048162152360265074
0.05641795025708584
0.05013433761106661
0.04985009079011014
0.054060416342690584
0.051257712365343024
0.0514212577102276
0.052706744285443655
0.05111201278363856
0.05328489515142372
0.05123431938342177
0.053426634068959034
0.05219837946888919
0.049392564218634596
0.05386327444575727
0.050401315943767816
0.05385888482157428
0.05357114006944287
0.052146311963980015
0.05372149040922523
0.05108471566166442
0.05282216960241875
0.051553801654909664
0.050682879808860326
0.05632798256030163
0.054095852208467056
0.052323399434009425
0.05198337849623595
0.05639018934363356
0.05456376624150345
0.04796393240193048
0.0581123665584108
0.05155796614618829
0.052084098475125545
0.0523435625856599
0.05651841529716666
0.05000437294276288
0.058218622555096564
0.05114089810074522
0.05455086579761253
0.055258228454309014
0.046709519123228696
0.05403685243979383
0.05609385065304545
0.049784829737976766
0.05469319952042917
0.05336957727917112
0.054072648494576034
0.05236810467277582
0.053107386437029794
0.05035322105619483
0.059525307138951926
0.053478556814102025
0.05198971535473202
0.05798263815231621
0.05611942926994883
0.05272446149028838
0.05398544231071495
0.056051418744027616
0.05308761287194032
0.05286816322387984
0.05295858637143213
0.05432913659247928
0.05200373322989505
0.05374282945592243
0.05438914881446041
0.053760164918807835
0.05243522402687142
0.0528374407082223
0.05335821936336847
0.05370188429593467
0.052925124846828674
0.05509197678631888
0.05463852756656706
0.05440314104064153
0.05356305769573037
0.05005789268045471
0.06033588538949306
0.05390898468187795
0.05518346130131529
0.05177909414857053
0.052836030413611575
0.05279209018828204
0.05368071382578749
0.0535931020294531
0.05250960420817137
0.05399849140443481
0.04953841200599877
0.055903759208292915
0.05223997549261325
0.05532447361172392
0.05068614023307768
0.054308788446136395
0.05102349537818764
0.05442046915324261
0.051909974994711006
0.050235855668926466
0.05740003886704261
0.052714026977236456
0.05438113587263685
0.049779902763951285
0.060121364443777844
0.04952660285366269
0.055764620475327736
0.05248184084283331
0.050007085086634526
0.051473164751839176
0.05333336020031801
0.05192753175775019
0.05472369163583678
0.056954341270745945
0.052563419533320346
0.051303715054662184
0.05211046414736372
0.0539947949994642
0.05767944922240881
0.05070520766580907
0.05551757025174223
0.05221119995873708
0.060542202626283355
0.05198497389299939
0.05450005050605306
0.051108768306529294
0.05393120367796375
0.05263554321315426
0.05486928072686379
0.048263240279629825
0.05429991447868256
0.056605861919860424
0.047765310667455194
0.057368704658718066
0.05157070606946945
0.055777277095386615
0.051262777130334426
0.055460493442100973
0.054440597724169495
0.05479018307792453
0.057032604286303884
0.05178294309701484
0.05393094030352166
0.054173932152871904
0.0556648047390179
0.05343282407042212
0.0548112027741109
0.052649201062293004
0.05569552625529468
0.04798382311665381
0.05657685283356561
0.05293141181150881
0.05604617208457337
0.05349696387106983
0.04824283505933216
0.05551078076689289
0.05353859382180067
0.05777662983880593
0.04751472803047643
0.0557915429584682
0.048513333309585085
0.05700361816785657
0.053644170912985616
0.05058987581780037
0.05183201488107443
0.05430369862856773
0.05696441335603595
0.05428279547665555
0.04919594515544864
0.054817478820824855
0.04911181827863822
0.05448038407887977
0.051952370532000296
0.05299882057051246
0.05323660199243862
0.05353997989486043
0.055938878053655994
0.05200086374265643
0.05083569175062271
0.057820105058355976
0.048556352220475676
0.05354956144896837
0.050858624340393226
0.05664187875719598
0.05428183240314516
0.051330061675980684
0.054305959790228654
0.04849239372146817
0.05727633499325468
0.05379216498695314
0.05232430305511046
0.052568517840252474
0.053188162888042054
0.05845332047185646
0.051515707803460264
0.052218548136834915
0.053473024274437474
0.049639140896929
0.058092406979547095
0.050436243844720036
0.05601851291094835
0.050247709954587313
0.052929135863311015
0.05407604508889982
0.05716296373866499
0.05477316111970979
0.052417017032320684
0.05205837887926744
0.053717750382538024
0.05207952867763547
0.054985708517667195
0.056200238571573906
0.05194660384709445
0.055660200919597766
0.055490487170978806
0.05149966882219395
0.05486903649468262
0.053752085426822305
0.051134999139377704
0.04996763225644827
0.052326809543256574
0.06250443025492132
0.04873531186738266
0.055780744086951016
0.05144599031907721
0.05193533403619837
0.05422390337961797
0.05279244462099786
0.05153925529179665
0.05552669513540772
0.051810113089875535
0.05326559739545561
0.050341594666959
0.05713025379137924
0.048219923442229626
0.05348006653456161
0.05799967382246485
0.05017243018373847
0.05473740440435135
0.051127753016323996
0.053426076862244654
0.0502805932962264
0.05723536833046147
0.05140937209630815
0.04674098048215875
0.058091923572982734
0.047867827045802884
0.05527219055220485
0.05308126692588513
0.05607055212335231
0.04791745922993869
0.056740072921205024
0.04576841371241384
0.06021451794614013
0.05300186299002514
0.05155188882759271
0.059176981997174714
0.05229763436990862
0.0508808538532601
0.05329342051050984
0.04986904303256709
0.05547155055862207
0.0501015097511789
0.05394062435326095
0.05239827208435879
0.056541006524975485
0.05047143996120072
0.054307567630894484
0.051367244547089706
0.05573873028803903
0.05281415079147197
0.05013249979282801
0.05513464491097973
0.05243531566543075
0.05317433800619955
0.05155245326101207
0.05695990954812329
0.049183334696751374
0.053817370147086104
0.05663691010469427
0.04974805433661319
0.053973990241782024
0.053788880445063116
0.05694868484368691
0.05602864839781362
0.05021031942003622
0.05366835840261326
0.054192232673701185
0.052223586137048326
0.04892937748048168
0.05483061644750146
0.05349744048972543
0.053787680167274976
0.05183384443919819
0.054923753132327245
0.052624785950264104
0.057888231415731406
0.04728494699363812
0.07073548186498765
0.04986394069587382
0.05829720918375712
0.05055340905315601
0.05384596520676636
0.050725728545624474
0.05106274844147265
0.055853744024912326
0.052872708522213194
0.051844534242095855
0.05734422642809267
0.0494037518904616
0.05781633065153773
0.04961865279608621
0.05193194491932025
0.05254699932769514
0.058414861058386475
0.043988346095340185
0.0623528405235937
0.0507673667707982
0.054370546953466076
0.05315329239417154
0.05220583925166955
0.05422981084109499
0.05510599205915171
0.04692994081415236
0.053309540232070365
0.05156905570139105
0.052029412848731645
0.05302593344106124
0.0538005398084911
0.05745012911681372
0.051785988915854925
0.04876134296735892
0.05404899085943515
0.05467209876873172
0.05580616081491686
0.05289082947688607
0.05295704397587822
0.05132193722618887
0.05476266176511462
0.05307497900839035
0.053821733479316416
0.05259067417265704
0.05372425783067369
0.05261395658509663
0.05522883537297065
0.05360834954593044
0.05316270083332291
0.05271764487529603
0.052922426432800984
0.053989058947907044
0.05131492299529222
0.05029601244829022
0.0542499109923553
0.053077571423581014
0.051610286874123494
0.054035853469171204
0.05225983811184191
0.05548278354108334
0.053421017986077526
0.051997007153784996
0.05325623852773928
0.052301963952441625
0.052351421794782464
0.056269814686563155
0.05522187216064105
0.0466156543769802
0.0558759209055167
0.048725550077282465
0.05394784869053043
0.05201111007123613
0.05178212516654569
0.05434110682242765
0.05843145869170817
0.05178160946816206
0.050472889973137244
0.05102945492387964
0.051388320015170255
0.05746367771823246
0.04981513913505926
0.054453684045718265
0.05414276843747268
0.0537567757965567
0.05034721600464903
0.05394250609768698
0.054539081278758554
0.05313096120595359
0.055214556800917934
0.05075170972312872
0.05987905111665336
0.04978467922371167
0.05242322314745532
0.05506196175701916
0.050448250426695894
0.05611950838221953
0.054670686056264316
0.055985940516424866
0.05241474648937583
0.05314453174897398
0.05149880567780481
0.05583987033997591
0.05189416474626901
0.05240777839476673
0.054610261213607514
0.052231744207585085
0.054735770312925945
0.05286427835862224
0.05278305414204414
0.054546804590007436
0.05178872720660785
0.05093000266844264
0.0537293271949658
0.054494830235265766
