57.18921872421547
12.284428075507835
12.00677811657941
5.818640622827742
11.544775638315413
12.016488790512085
11.402172631687588
8.709025535318586
11.047839924141213
11.26883018899847
8.148785123118648
10.371568624620084
10.23874028634142
7.594284262922075
8.646333473700064
11.03732438882192
5.779672145843506
6.89733914092735
11.52151432523021
9.744694864308393
9.87588146549684
7.5082277456919355
9.311678189922262
6.818076405260298
7.1366951200697155
8.390648273406205
9.001817142521894
6.457308299011654
5.438223648954321
5.561083188763371
7.852660649352604
10.564693663959149
7.696085511534302
7.466605955803836
6.2369311054547625
9.284847383145932
8.360845459832085
7.403072443273333
7.533860867774045
7.572710931301117
10.187189979685677
5.918243509751779
7.823917397194439
5.994201189389935
6.637368756863806
7.623153432099907
7.793265621971201
7.3373568576795085
9.373018810042629
5.977544711695777
7.760884021167402
7.195990853839451
7.775958727907251
7.325432779612364
7.635957230020453
8.19732947923519
8.938007250980094
9.01779196218208
6.6150981921840595
6.890656034151713
9.11278275427995
6.010683021059743
9.45349833479634
7.468823805451393
7.124007528578794
7.53087370759911
8.51451963517401
5.868069986226382
8.72469202456651
7.257149375147289
6.6089977362641585
7.553078171555643
5.639647374274554
5.202999872741876
5.787509788517599
6.547300550672743
6.865003531177838
6.35354585007385
6.526020912660493
8.397905796766281
5.675801418445729
8.5423484897172
4.875367447457932
6.30655715642152
7.026595909286429
5.535755473982404
8.067433579100502
6.406293907651195
6.160816545287768
5.41648771862189
6.121873167377931
5.323533028226207
3.69061239146524
5.314105207721393
5.525782702697648
8.173170709775555
5.9163543152864335
6.465966384443972
4.789321734673447
6.3933397854367895
5.421313095699857
4.751204308812265
6.949401772684521
6.979475343668902
6.087562222171713
7.706051761353457
7.517973786150968
6.362536692232998
6.527833706250897
4.64696733046461
5.1663129757399915
7.211549701514067
4.881273498137792
6.299650655852424
5.2010804583077075
6.306516666655187
6.31630974456116
4.242509666140433
5.077974479231569
7.202122587572645
5.632251799382545
5.579643149342802
6.74472338595876
4.945822713413724
5.707721596514737
7.129249527498528
4.05449436135866
6.636567078806736
4.951065400684321
5.692718701230155
6.010391024803674
4.481091080854337
7.733784435385907
5.46607390763583
5.4152686184755074
5.975261152066566
4.592871274661134
7.750885589255227
3.3576170244702586
6.4648741789990005
6.401228899205172
4.832869116906767
8.825859624202606
5.266382846567366
4.2387187471268355
6.740561633474297
4.725776880289669
5.739293025875533
4.210231994865118
7.414971912900607
4.3710575881931515
6.704197556884201
7.664977786441644
6.314777180000588
4.720197185873985
5.934762501606235
5.703441457615958
5.184202189522761
4.06661465515693
5.682014193247865
5.089800868183374
5.860775203064636
3.63478752060069
6.156959617579425
5.518512594755049
7.015085038211611
4.560551306439771
5.572426340094319
5.585018980558272
6.363177342271364
4.961788044207626
7.011272146745965
5.890918916574231
4.896636959027361
4.889070336189535
5.744154819735774
2.4331236848676645
4.542330262561639
5.105096662761988
4.924581428920781
5.442870701628703
4.294777731514639
4.472323578540926
3.9273944839283272
4.845128759189889
6.118379331711266
4.539543850830308
3.442298737940965
5.417385238740179
2.455944785917247
4.1978111923844725
4.363033952260459
5.236794391302047
4.756078533276364
3.713878228018681
6.923190379032382
4.904919778583227
4.284641557683547
3.68453357382505
4.235129647232868
4.159041450531395
5.594049593916646
5.176386940534468
5.760822714754829
3.311754413914901
5.166034761678289
4.782457672335483
2.7813465230994754
4.103059918516212
6.087968771656354
5.406381434450547
4.212831719881958
5.539480252398385
4.954703441924519
4.1230695358029115
4.167082899974452
7.25631819665432
3.7194378102819123
5.056538368816729
4.839033875752379
4.226231129081161
7.791715449757046
5.251518202600656
3.031451527926105
3.90037421916646
4.816326727331789
3.9596999141353146
3.945633626094571
4.768313941028383
4.306392516388938
5.1350447842161415
4.394228435500905
5.259356854138551
7.160160035722786
4.113050344365615
4.850979742628557
4.33134989661199
4.9806186142894955
4.676088231443255
4.694778955920979
3.3591686071896993
5.8542990670711905
5.045169802451575
5.166730891085333
3.876555226467274
6.413519388823597
3.5776897139019437
4.668457182193244
6.189522239621039
3.8298003094063864
4.081539082168429
4.108799863468717
2.557804782357481
4.968366688048398
3.672156042246907
2.7191955258172973
3.688826284750744
4.040887936604796
3.3451787989448616
4.868001727387309
5.870183877646923
4.204831900144065
4.782823163602087
4.670131375392278
4.449768134841213
4.0486510070385755
4.351134137353963
3.5877838120968253
3.6839384869844825
3.754374739955421
3.6767326990763345
2.815144332608691
3.5763874582394406
3.1297202933993606
3.0723525449909546
4.360188602987263
4.017256118771103
3.7184764483460673
5.066325532341445
3.873778059112805
3.178311000957533
4.755040957971856
4.210518463894173
4.240615925648147
6.115384057164192
5.274147490108454
4.428275722044486
4.329873699832846
3.8390626376149832
4.174823383421257
3.220357283880865
2.665756134799233
3.426786731376692
4.18092048899443
3.828075582230533
4.198777808773297
4.974024299394201
2.6815210814001382
4.415450129037102
4.922843596173657
2.7695650908130185
3.7130980332968413
4.103230394560982
4.879084651668866
4.408278783783317
3.3341234366374985
7.049172703038763
4.416691905370465
4.049171343859699
4.025638060713256
2.246197743686261
3.630823239684105
3.239749359587828
4.497746402466738
3.454315210658091
2.5275360326524132
4.216984925446687
3.555665046804481
3.9809703508185015
3.514249491194884
3.241949561431452
3.9638566694877766
3.973798934508253
4.320483716549696
2.859241194885086
3.6917435626188913
3.914027797403159
4.189853457320067
3.8770690582416676
4.101667748971118
4.187320010529624
2.886529202952429
3.808426869964158
3.816826667636633
3.0709977305873677
3.0856914070469363
2.122682006339784
3.1888717152178288
4.059464262039573
3.2228029392383717
3.139598758132369
2.7252936382536537
4.40431005894034
3.6403521193122423
3.3802214203471386
5.214918517266159
3.4134598917983197
2.692591026287388
3.993276290250597
2.3844635779107057
5.194914436726658
4.290047161212122
3.9664804946493217
3.4432605455319085
1.685289295942143
3.0008266721334724
3.1161382540508553
2.9516033494362124
2.705538302246067
3.708348121770002
3.7257176139564425
3.2733804604245558
3.543962011596671
3.5824043952204563
2.328357955233918
2.9299233577179686
3.233506922541117
2.286429963523039
3.9273481668421515
3.3214056100006455
4.266703112809746
3.1917711818521775
3.2155292243869216
2.3199272274419114
3.528755215583024
3.4693391342060984
3.1401465204026966
3.165857028630045
3.5494438231819205
3.5313829631993063
4.476422446469466
2.2497367803007364
2.4829407146683447
5.01869244845929
2.235982659928225
3.1058342602379896
2.96802255180147
1.2772407575200002
3.826748845477899
3.5927423724421748
3.670742717192129
3.7641036687073886
4.125778365190382
4.437552354264039
2.278748246944613
3.2019634274420916
3.887260179552767
3.375827304777448
3.3470282747789666
3.2791506719809993
3.468082165966431
4.3942485239218785
2.7928837014155254
2.4779169765749463
3.115219460869277
2.72643212787807
3.702081567435353
3.72687903902045
2.1641374923012875
3.028955850750208
3.613722374179849
2.4929316559185586
2.744445254681287
3.4166126487155757
4.92990657162887
2.705504852864477
3.022469229168362
2.416162998243063
3.8730852661171444
3.2464859574619265
2.3625942737002066
3.5138244486793324
3.9055806369417243
2.712716051687797
4.941196956706268
3.326211075539942
2.7022250463013298
2.7049622361858687
2.365352557213218
3.5956364881109306
3.5357837399674787
3.7575916171901755
2.8761908318157547
3.434266957833811
2.8968665015504316
2.600958626958783
2.606959023202459
3.080560289599277
3.7196484257777533
3.1188243817951946
3.4116430368136474
3.7062564700565956
3.0829963299135366
2.5355209968984127
2.575609657637499
4.819564388926934
3.298426579132124
2.604482038291516
2.8350769405563674
3.088613452769264
2.7816204088567584
2.7596817446734616
2.795065453758946
3.7050076838996677
3.4299165507157645
3.0715134946836367
2.2369081822258456
1.9310550443759118
2.735707648098469
2.802712739410776
3.0995643414832927
2.7882277395714214
2.71890991119047
2.496854701320882
3.5326636734384076
2.769633079982466
1.6354446875759296
2.714010975427098
2.6708729294715106
3.7654343808966653
2.4136531430951975
1.3818659760333873
1.8646571269189869
4.346790460800683
1.6070206307771582
2.5407399542077824
2.698243902582261
2.9009481191083237
2.868009692816823
3.2602369703904346
2.968963852359189
2.699553879322829
2.1837307912883936
1.3288497039703306
2.4058411474581116
3.2984522841180914
2.7251867574674113
2.9342290605935784
2.9428393651765807
2.339414778337986
3.437399488149418
1.6510278959241178
1.2927159343984116
2.5258701713238327
2.071581751936012
2.309062032615421
2.55651258373702
1.797441691160202
3.336706019420591
2.5683581469649517
2.551233211049327
2.0713359823933355
2.69151264525674
2.5785500166799733
3.2766921776174396
2.5130496214799307
2.329298817311172
2.0571560939359994
3.741064723857023
1.9958970010004662
3.24060812689088
2.2706409574106887
2.253451680833543
2.7113905365889273
1.7325076723678245
2.963787989759887
2.728565916143082
3.30457831946788
2.7171974476702787
2.6194856294465287
2.468989488944687
3.186182639665074
1.4979131913019552
3.46638157584325
3.423992679626853
2.1938911763675235
2.341054579725972
3.2001148277410754
0.9964751196611259
2.627295978401822
2.5790201050263866
3.165010436679478
2.9956316149069204
2.606151218422585
0.9679560846200695
1.200478037715786
3.6403351452684514
2.1839127301893853
2.4037265327448645
2.6944004926416607
2.777606785711315
2.5797522492982723
3.7629143769542375
2.7871750965714455
2.4966002211181655
2.256547600582794
2.5254788924077594
3.8510055165323944
2.534432945393578
2.530520823025317
2.1209867581449173
2.3370683736823223
1.3865432111132476
2.558995574178105
2.530243349778983
2.294296618413042
1.6342680897149775
2.564517631781874
2.135384911602294
2.2713805701997547
2.9670817493288606
3.159367715663932
2.531122410462962
2.662677124142647
2.2955122681127653
1.5931446418442108
2.915325748734176
1.9202876682910655
3.723898127399109
2.6961278754665896
2.0867169618054673
1.9780874617259812
2.2048357131511525
1.1173569779084236
1.7416179814479418
2.263452266101484
2.4449014441558607
2.2506064816757485
2.061867030130492
2.496828251759763
1.767579004444458
2.439653358284246
2.5239983467316187
2.4165201450663583
2.6496598881289914
1.7496281828110416
3.3307067093749843
3.099682153099113
2.3789740810515703
2.361360080195246
2.4391985840543553
1.947000829813381
2.4536285342441664
1.5531712322047464
1.4949819688443784
2.705445097517912
2.6983134754829936
2.533518893989148
2.611498873611843
2.3031138151677117
