0.46617301492354807
-0.04097931722405916
-0.0328548168276962
-0.018414147979227635
-0.011242935362045105
0.0018466893302945373
0.004535527187489116
0.011421420246673126
0.03344419504402396
0.038172799387636284
0.0427433995434489
0.07161860789936514
0.07065106980552605
0.08565176050716009
0.07755190852651886
0.08309908404659766
0.07714006862788199
0.08811808632603153
0.09346977390710097
0.09770355973786746
0.0945996613593963
0.10442959084802379
0.10064986491313156
0.09950378874573522
0.09927520948874119
0.09234894580619696
0.09424593098079546
0.09950267843221529
0.09821952340246823
0.10333806553330177
0.09332348340704369
0.08911874200566672
0.09214624573554223
0.09474165258833613
0.08950699226309856
0.09017460627693277
0.09130221125908577
0.09546329903905877
0.09219620480464819
0.09853991129814695
0.09499701497619613
0.08300633954349905
0.09216718503262084
0.11945045420688051
0.09432760783115204
0.09882515860028947
0.09171092370122026
0.08921826762984543
0.1047458945457131
0.08919249810278415
0.10667116672087174
0.096940589550202
0.09707077471539378
0.09950525409792765
0.09767966592767968
0.09066098258138085
0.09558456270561481
0.09909660625808801
0.0913140053765323
0.09686238707687993
0.09543416189799946
0.08846198610889797
0.08239750875494418
0.0778300303619546
0.08167161966647164
0.07732893652133405
0.08308182650436767
0.07893141109454566
0.07480685392921516
0.0792387418434
0.0804796233561296
0.0798429258296099
0.07893917216883542
0.08678775921356506
0.08483500911418396
0.08570710815554962
0.08062427174717857
0.09223457348911884
0.08596095513695708
0.08433345643839298
0.0842755065857767
0.08845365638180505
0.08259309357935518
0.0837865697243848
0.07980484722946317
0.07928315338780148
0.08394632622874222
0.07976595714601736
0.07828891375340903
0.08062495350992928
0.08108968035711979
0.0771222790171846
0.06920692355413802
0.08311653170848074
0.0855448333433089
0.07709700563767304
0.0780532901449941
0.07921526037478963
0.09089316439505918
0.08100769387435718
0.08325958245998033
0.10349050440427396
0.08211590436448414
0.08853308712393464
0.09177817540386549
0.08812592336236356
0.08764634212144674
0.08728924950148959
0.08358060740067277
0.08334027474615234
0.08151195562408807
0.08376485178221349
0.08828355800808192
0.07861026708239642
0.0826069015955839
0.08507352445322351
0.0729211875780796
0.08638895411083164
0.08737575019208285
0.08287432888124992
0.0891061022561842
0.08734778689745909
0.08910202179701092
0.09185349783525826
0.1006251467526174
0.08374838293619598
0.08792999993654517
0.09380764182752524
0.09362395076522938
0.08609581378673634
0.09732522901583415
0.09471678742780708
0.09223487446239839
0.08666490060516084
0.09178286132575102
0.08668435434467542
0.09036150864200093
0.09060486866256748
0.09108138236288842
0.09078612074357434
0.08387384219513012
0.09015331745173077
0.07700627770749494
0.08487464807724628
0.09340046694985805
0.0821388549446009
0.07874944438584722
0.08632180398174873
0.07870143710468443
0.08351520600024229
0.08705029596682065
0.08251565569095337
0.08572995099149501
0.08036143625131212
0.0831308938873311
0.08416131533539066
0.08139895500633149
0.083281146579434
0.08332009287610746
0.0820928770248802
0.08906309649285574
0.08332018702699899
0.08945610370943681
0.09249953938549599
0.07920432415841601
0.08746561555812943
0.0851131103546299
0.09073164411939871
0.08199356722657401
0.08519029875050108
0.08176345580924625
0.09134144081752031
0.08494200645000091
0.09612145474634301
0.08548710329356628
0.08674929254145052
0.08644684187781353
0.08550367520477337
0.08748144547034127
0.09421183298273275
0.08512140886308864
0.08569396154369968
0.09493147115602206
0.08199862248371713
0.09265749884473805
0.09741687252998162
0.07860169325520894
0.09019820510636634
0.08454899603250221
0.09210912219475573
0.08756560547432551
0.08440222215483514
0.09191746052760535
0.08623575174551194
0.08968515668709118
0.089162979982659
0.08290449929071399
0.0875513478530476
0.08647310097809308
0.08537356922140298
0.08146280927750736
0.08796797951128191
0.08133029540200741
0.08444758159562181
0.0759063362627505
0.07827771264382112
0.08311423390375403
0.08108538944089116
0.0750834877572906
0.091889252484991
0.08411854465957731
0.07873512400905243
0.08940000992166834
0.07587663939734622
0.07961001480931046
0.08121138454343264
0.08049625773520137
0.08430680813079772
0.0839991748243427
0.08367293681167678
0.08431594761757133
0.08750862607236903
0.08553583231494906
0.0861452485828732
0.07727510270584996
0.09561102048953612
0.07693617348111449
0.08441265404346782
0.09006533874139094
0.07890439038732065
0.08396683025699204
0.0853226617235356
0.08088728904840536
0.08327184779366525
0.0907387536090727
0.08186776451065014
0.08443488539614452
0.08972442080953326
0.08788910147626526
0.08423831351847651
0.08302122580965098
0.08752596302462431
0.08575332618231933
0.08334174811577377
0.08719946187174617
0.08794244065450188
0.08551451332885056
0.08614878184199393
0.0839889805092333
0.08886189034995205
0.08633874538503826
0.08899262774413308
0.08862642353722969
0.08573296680055463
0.08778614105764203
0.08659003289679112
0.08531210040009449
0.08247909152108686
0.0827367886972542
0.08188052877592734
0.08167468042303927
0.08249081221337502
0.0839672792349936
0.08455554981304046
0.08174107205689861
0.08201667002330605
0.08276077478598708
0.08365915474934855
0.07479070321274682
0.08330599368775252
0.0884388913645242
0.09278057552724837
0.0769783898170154
0.08867689866747241
0.09188723994989115
0.08663151938429413
0.08070215857127178
0.08053701905017265
0.08695642253539214
0.08926073348639199
0.08290935807670347
0.08159211647326652
0.0836124178661311
0.08693024673326037
0.07817943145891126
0.08423589966737498
0.0863143568368963
0.0778724719472125
0.08328213972302201
0.07813163710070045
0.0880517368336232
0.07829286571448812
0.07678783321633743
0.09045361020864967
0.0792926293099299
0.08340735737688075
0.080584167483306
0.08814614647454642
0.0894677119031071
0.0770503592892335
0.08959211574312156
0.08074426334828902
0.08014243735147503
0.08702195955004591
0.08269631848655618
0.08117624524061401
0.08279931197563807
0.08298138391513091
0.08133268831417155
0.09084745795564511
0.08155565284168682
0.08435950516364896
0.08930320076835462
0.07994667782264654
0.08050810061348528
0.09325433765770867
0.08695611465686502
0.08618764007547632
0.09131071572818865
0.0901548106665126
0.08167552128624475
0.08277669246136868
0.0868370059584357
0.08711665039822364
0.08384926914900112
0.08239719403597216
0.08397902183425732
0.07878746839347654
0.08212173376064479
0.08139316900185524
0.08527993991872511
0.08249501151805863
0.07974054789146742
0.08343783170074368
0.08233064697631515
0.08107070722050057
0.08534409547350011
0.0836581295188994
0.07991100291405112
0.08658012587051743
0.0869648737152322
0.08067921182283988
0.07698978936039987
0.0974285870700185
0.07516325955541853
0.08354475958577286
0.09363703033409249
0.0778848441704236
0.07539729468422966
0.08487268354630288
0.08712646920959322
0.08544112291151228
0.08313519924771613
0.08725421056636454
0.08004041768413467
0.0836673944885544
0.08411643272743394
0.08972187494196428
0.08268760356496876
0.08700914581183894
0.0794205750619324
0.09132766588710439
0.08552021172661813
0.07991474909433283
0.08146767432992466
0.08809956039073698
0.08016565998057978
0.07914067942866286
0.0723290715014371
0.08543545070924433
0.08589518833786058
0.07796986300277356
0.08250958047454986
0.08468709151403835
0.08063988861126395
0.08163382346885135
0.07842751873346666
0.08439664751864397
0.0772046929732777
0.07406227138394919
0.08953380235202181
0.07862530406683875
0.08590700824010687
0.0795564480122919
0.08782376085813993
0.09106174926333226
0.0839293172556119
0.08819172563559663
0.07185637196600557
0.08284096350200856
0.08693142403185797
0.0782058873351138
0.08628016348080471
0.08054986024209752
0.08674853512075527
0.08443356041247264
0.08392266602444205
0.08298252410171793
0.08375810761637507
0.08987056202559661
0.07596416878991594
0.08779572719075264
0.08053653306650141
0.08744667563647128
0.07836669727410668
0.09320306933443182
0.08298578898262722
0.08357016440863028
0.08728328792423828
0.08105196856254808
0.0811185297753232
0.08050178247205435
0.08693566195165309
0.08363404859526036
0.08222891218566264
0.08599294448354974
0.08638615727300138
0.08268796784824912
0.08443097683514517
0.08718442972902453
0.08697893200203394
0.09106874135621369
0.07821377575491613
0.09401306221552659
0.0806055752459006
0.08965866015865825
0.0893403461895501
0.08572264801507863
0.08386523276448059
0.08803407826478808
0.07808441978831512
0.08557393248073565
0.07901576280247612
0.09051487402149434
0.08379877145784215
0.08437514429947791
0.08717231514195029
0.07978688302324512
0.08234973455337473
0.08272235461431242
0.08536624366153354
0.0825267265144831
0.07959547313348128
0.08406299207067021
0.08133398098662162
0.08886201681669216
0.07772706737917197
0.07860394886273962
0.0799000647969735
0.08093981997420391
0.08619716936149276
0.0891071386612916
0.08339410796403311
0.08418290389489788
0.08998398145359272
0.08398018915098733
0.07251875167593169
0.0844664646897656
0.08597809294632708
0.08257181937224231
0.08729232424804463
0.08695245649134263
0.08633171745295373
0.0821936019958976
0.08705634667264978
0.0862008348483449
0.08366495942762599
0.08265257934585978
0.07809420270988575
0.0933930274278212
0.08412283709099612
0.08935166905359485
0.08965999382333113
0.09698723444524102
0.08569380231141949
0.08988168176848632
0.08876785186405939
0.0929963979358152
0.08716122390290436
0.08905646135233558
0.08673865289624351
0.09191712672329277
0.09089913970316187
0.0925277355320689
0.08805380993737624
0.08793832574611327
0.08628754610649478
0.09130021333963109
0.0844251198466503
0.08501785504557073
0.09150606745328659
0.08553457198580966
0.08343540391801164
0.08671899967511984
0.0823814170458951
0.08786848440963345
0.08938643036347527
0.0937113876465726
0.07933465123881037
0.07782838066550306
0.08147040153972995
0.08724896639275054
0.08212472410736014
0.08565804484921197
0.08005116626572532
0.08735393511656768
0.0863686809865519
0.08492643159119419
0.08227036464168355
0.0889383271512671
0.09472402714682408
0.08501788072305946
0.08108413032709788
0.08834658942233102
0.08804771543546873
0.07521335993809865
0.09159323703199147
0.08374419043412229
0.09555563727178826
0.08057908867321646
0.08470805726396159
0.08714655572130607
0.08993983131278163
0.08385346258500925
0.08731843999270589
0.08586668850471958
0.08905177338299557
0.08622782378254507
0.08840737556023762
0.08954741215416923
0.08851465783992377
0.09151424031036022
0.07965243906999091
0.08676910340093458
0.0925379437295935
0.09498529611662843
0.08524652810685951
0.08893892637794264
0.08758087976487168
0.08505531079464186
0.08237287554492911
0.0894947228487581
0.07944026041420726
0.08527991191069118
0.07772131217733169
0.08205655286333356
0.08231405777653727
0.08548556382481295
0.08144658382105915
0.08278646444624219
0.08382832677019998
0.08514492097937573
0.0810956475038368
0.08597005300271587
0.08475021096200157
0.08891583872385896
0.08147747814401578
0.08523520934574592
0.08064169259801603
0.09027203189758345
0.0801912881911845
0.08273365232042777
0.08663034287717146
0.07402519084608708
0.0821952903135799
0.08692305435319073
0.08576780902102399
0.08358970486964935
0.07886461715769166
0.08808912625715423
0.08827143911129007
0.08404616511311944
0.08335428835483841
0.08920569093539737
0.08695729379072033
0.0819279012377732
0.07971847598464825
0.08252885827051404
0.0835025707212014
0.07717529475474014
0.09067773799419789
0.08532104813434088
0.09645671450297157
0.07679606257245326
0.08698885931919974
0.08245562214034204
0.08496165074264773
0.08340012895268722
0.08409128401321
0.08677240481588225
0.08521431276801592
0.08805520160881898
0.08114639138086484
0.08534806097756163
0.08759368210433958
0.08419386213891603
0.09104630227427547
0.08778970265620722
0.0954182536132486
0.0784267849366491
0.09034718157348927
0.08512376060523541
0.08615115334948477
0.0939808145525137
0.08515897247976122
0.08487793436297812
0.08917736095698693
0.09356940544914837
0.08563688415433483
0.09157041559198824
0.08427018461396726
0.08642526087530245
0.0838427245658703
0.09162447917102
0.07860016185247029
0.08510610704453518
0.08758648734133787
0.08839064914873467
0.08590835228096694
0.09011675882009933
0.08597366824829712
0.08486411084438888
0.08865331093488166
0.08407608654009752
0.08348919546577889
0.08071114672467304
0.08549344721966638
0.0914105820762089
0.07283515891310974
0.09665890835249462
0.07721042688338993
0.09170558284251736
0.09248778371212
0.08273413397579973
0.08886348681753123
0.08265176145904637
0.08264037941654141
0.08689396588104921
0.08464673447768944
0.08937107105739414
0.0812230190118918
0.08408455805187352
0.0833503864818993
0.08533145538743926
0.0850871482398361
0.0821995725061219
0.08684792601205304
0.0760458233115526
0.07731599241483192
0.08901700994166999
0.07809846404438409
0.09172122569542784
0.08734423510628776
0.07869028969285771
0.07770235799491787
0.07953965646029712
0.08492569814985379
0.08534798964258068
0.08171883956409799
0.08483913928562871
0.08453399243269068
0.09035362482357484
0.0864388751326493
0.08503639874382853
0.0811839632385482
0.07821813515650156
0.08195721669815098
0.07431399397050532
0.07733287914441182
0.07911125423964292
0.08606122431870646
0.07947555773007946
0.08888259770599409
0.07976284190230311
0.08032023147082863
0.07830016357549585
0.08460818536561698
0.0786065621017956
0.08614211402451381
0.07871329938583911
0.08038845330511088
0.08020970003368953
0.0800089199991467
0.08110934171162136
0.07770443754280001
0.08478627876253225
0.08033266009834523
0.07766359829131547
0.08077894120689076
0.07951915056265674
0.07979562210832508
0.0820009003005301
0.07425176119737817
0.07741311759949639
0.08471234626650141
0.09397369360294527
0.07663361397090529
0.08977396860032175
0.08162088443969902
0.07524303637291245
0.08056309040134343
0.08050263369014152
0.08311180355481039
0.07949871770016706
0.0814229561875646
0.07598684697579115
0.08342948803993074
0.077868558653893
0.07864721764046222
0.07771570578945848
0.08965456348915513
0.08165252051937083
0.08558552094902365
0.0804125002764452
0.07854238533152219
0.07999672163126749
0.07406392630416518
0.08450761848377088
0.0689521025484189
0.08843722893402745
0.08353808119278162
0.08053618698883301
0.08179014585285375
0.0846924564269825
0.08532506751660736
0.08072718204452824
0.07933119383151047
0.08373210628349811
0.08204044716713281
0.07705944963581249
0.07754477995973176
0.08391252733910314
0.0810359867501458
0.08404735905679468
0.07768019125558054
0.08209209118295127
0.07899088003256251
0.0768333247773206
0.07702975471217471
0.08312600999234769
0.08162322090461085
0.08775997198759937
0.08896203940370097
0.07735736552925888
0.0859973298655696
0.0819567907515776
0.08718016146270272
0.08323379145891895
0.08834347565634511
0.07969374219612338
0.08947413149349487
0.08848125505565595
0.08386588051306228
0.08339903883468837
0.08711559010094229
0.08330561070231339
0.07526999560904164
0.09179821714269332
0.07662686513712964
0.07918526586204863
0.08835860652242189
0.08591776706161909
0.0712769595386747
0.0853562712827578
0.0824133978673042
0.07826377808665617
0.08826729903323725
0.07701192919406681
0.08202155586981322
0.08342058632898933
0.08196934882539492
0.086733519542628
0.08567064514542999
0.08177463332898556
0.08364665032042047
0.09162767865718939
0.07863378899458509
0.09649591166958905
0.07962779027935213
0.08809806765773548
0.08281041781478846
0.08390066788706463
0.08879683119340394
0.0832511843334382
0.0807677837405115
0.08881611669621167
0.07698409253185114
0.07976510545047812
0.08759678919883206
0.07870778643723148
0.08082044875631347
0.0853675784665542
0.08700691086693647
0.08241767830525835
0.08050119375535034
0.08473257101857318
0.07637395516264801
0.07950028397429448
0.08132156969334643
0.08020002782816449
0.08126572711417117
0.08411381294106085
0.08535513853523578
0.08252310834120577
0.08885302663299789
0.0831123649662074
0.08608558957482904
0.08477963222405659
0.08504229930620522
0.08089892018126706
0.07719652523732153
0.08141285750905995
0.08435994448820845
0.08131202020360014
0.08293418362277757
0.08314635759601609
0.08074795638803596
0.08510518979627447
0.08355799488117321
0.08666081407632774
0.07752506891026711
0.0937502457681918
0.08042104487943176
0.08379928299661678
0.08454620604857038
0.0892770094397024
0.08166705211385702
0.08877014107285784
0.0825901767521431
0.0935278346900864
0.08703740572389693
0.09397304299323318
0.08144085767935627
0.08386113860417539
0.08905648648528418
0.09005698467368255
0.08855196889728689
0.08258526109260483
0.08942782229988343
0.08801290393771175
0.08396426763890001
0.0878713932288333
0.09156247320949124
0.07851244761930921
0.08752720061337384
0.07403317392767908
0.08113248084924775
0.089999492021385
0.08430636677628335
0.08146445971543495
0.08629391190464585
0.08179241095383007
0.08833581852125533
0.08359222703058129
0.08637380879432059
0.08764036235307009
0.08115472519286693
0.08896245166296676
0.08468660874977314
0.0876528992871336
0.08918043077909925
0.08759776091215034
0.08618436842941894
0.08256869731435122
0.08557433423422761
0.08421933996694114
0.08223663093880391
0.08164492831028138
0.08503918493620287
0.07707879663637589
0.09108408191420425
0.08800969462220867
0.07995374241548303
0.09430914606663207
0.08175753407741491
0.08027569118899126
0.08594763246603693
0.08326317806346104
0.08195037011822794
0.08193059522850374
0.08308657748469463
0.0850554989275644
0.08874398961585636
0.08709676705527669
0.08680966963875107
0.08486634962714444
0.08340681867841153
0.08225118547046664
0.08397210008966235
0.08398260204524446
0.08164353058117484
0.08378474734334958
0.08546127340818295
0.08890455297212331
0.08972105429570663
0.08424398296644003
0.08489239140151021
0.08203222532652152
0.08884065511206594
0.08404929817367632
0.08781088634225456
0.08434534296691895
0.08317551862460394
0.08785315732477615
0.08522192475979981
0.08393828691437076
0.09284267331136223
0.08287068028301478
0.08815408498578621
0.08279677981671948
0.08820440623825655
0.08176738992094612
0.09101166208274662
0.08685902037944358
0.08394964999856594
0.08698657516148299
0.07833268548218676
0.09017231313613219
0.08493479294956137
0.08738688290117679
0.09026452155682282
0.08992724506474005
0.08864705424788646
0.0880829856886218
0.08881861173834366
0.08844186890473327
0.08596804888877206
0.08759562528844421
0.08176072924129235
0.09177174242332768
0.08567519519651214
0.08929564182210761
0.08508554657097332
0.08714138990483032
0.08259506362780648
0.08170483468398183
0.08915447732433676
0.08555577563492056
0.08138872049510097
0.09056664020829022
0.077181193433502
0.08634658402984198
0.09239842574685239
0.08070256983001645
0.08447158601708137
0.09010446808571056
0.0860059281337248
0.08762991462643138
0.08571397351960723
0.081431852787948
0.0958296775053709
0.0930973583026431
0.08235241222398308
0.08766573441023819
0.0924719137360509
0.08273492836100885
0.08003961961859694
0.09826844895963008
0.0819222941609601
0.08197243131710424
0.09260009025336984
0.0986670664594455
0.09671438232732889
0.0862402786524632
0.09499034979167985
0.09753731541240063
0.0900752322267997
0.08853598456376065
0.0889485888659972
0.08947464963301825
0.08527709909726698
0.08576240023204054
0.08270326976467354
0.08994624197948724
0.08846961609237135
0.08865649088247432
0.08110581939116132
0.08942583358125725
0.08110249824762249
0.09101889889138058
0.08151242086926523
0.07692007755574126
0.08556973501048887
0.07854068235297186
0.08129698297028275
0.09031754537091519
0.07761207889729681
0.08801218846298677
0.07820441844076133
0.08602831175025456
0.080242429812372
0.08439119622396389
0.08060648427800073
0.08555585586089784
0.09015432208483944
0.08381225444342282
0.07999148122557344
0.07874789993668226
0.09102472341261231
0.08708388252789752
0.08152216899250514
0.07783295801163126
0.08610936595561305
0.08205761277439216
0.0809119147023198
0.0878644462985297
0.07980322171426497
0.08722081410501582
0.07863737342473215
0.08684944013276925
0.08501882343553006
0.08384151887178469
0.08369983916994757
0.08563624873254762
0.07944239023147533
0.084895402751863
0.09044385449125025
0.08616652976876746
0.08591295410550605
0.0800095401217755
0.09431219595568016
0.09367078670437853
0.07942901665109019
0.09592834712136372
0.07865733498385033
0.08572246650030885
0.08536371682167579
0.08788565467290867
0.08317190945052948
0.08115280125908052
0.0796754693519921
0.08391593856862388
0.08152109959509032
0.08667291603916778
0.08506066042792577
0.0870827045196142
0.08117213881214877
0.08761451819595188
0.08751869172824976
0.08417969332554211
0.08547144464451449
0.08936909010696512
0.08637687335095297
0.0902500310435127
0.0884187644201283
0.07619863664955259
0.08275740438384208
0.08722243213321632
0.0824315826873107
0.08523288915345732
0.08571108875270837
0.08112653162978135
0.07977475396791049
0.08548787673994994
0.08507064111539736
0.08537305377793904
0.08213138713251213
0.0822347263719003
0.08847094888960083
0.07542475970903746
0.08803449657279998
0.0874509244888591
0.08005428484055954
0.0845736809886801
0.0782446247841924
0.08657287215539373
0.07764514095794696
0.09398519648239016
0.08197357648720917
0.09464168901665686
0.0747114331928643
0.08446269527000065
0.08309727930426537
0.08061305681327119
0.08316851857070548
0.0819837890451965
0.0811369607428041
0.08211404048846677
0.07825762830579128
0.08033727277404698
0.08529985860909503
0.07754588552679006
0.0820151953599774
0.08536755905653803
0.08377616800194702
0.0777937102467359
0.08674386703851036
0.07326727418605095
0.0855818970875146
0.08481239872252888
0.08693063532417186
0.08600560590245714
0.08105094326169003
0.084314280908513
0.0847413536023874
0.08528890449953719
0.07809158325962459
0.08521367996417654
0.08489369494565882
0.08326415754741809
0.08512629380998894
0.07667063272211892
0.08334764858016756
0.08366502166176454
0.0707966816425025
0.08241171551307137
0.08681901244973489
0.07980892604145293
0.09019975389700192
0.08540703613200606
0.07924995936351852
0.08076885998463974
0.08559196290122763
0.07559453457427318
0.07728770814047983
0.0846655296408034
0.0819784575374797
0.07973447075227084
0.08149996304209942
0.0825256299330459
0.08139766274014106
0.08336830903322269
0.08064857741044715
0.08446199424607374
0.07839049968184927
0.08280360811294463
0.08349605762423613
0.08398004453390455
0.08689805516877618
0.08172809872179268
0.07793294006021312
0.07874431836400897
0.09062384421793887
0.0762952714985332
0.0828266961447158
0.08995896071756784
0.08726059650787367
0.07777495634001799
0.07902361834362054
0.08003568768453521
0.08558659871789412
0.08075990632045059
0.08168602903972033
0.08342608294975108
0.08705666679859114
0.07593160839199137
0.08794646381866186
0.07711050187267457
0.09330221158161293
0.0802948222810907
0.08459411609323862
0.07958079197933562
0.09004019722476816
0.07379657225713182
0.08105346179352357
0.08782545696699227
0.0752346799413387
0.08390007707206772
0.08348467080280758
0.08232517623885845
0.0777039948447894
0.0842960256492146
0.08235526895807244
0.0832630180216466
0.08329846331228813
0.08206652348565582
0.08162862666996751
0.0765853353519327
0.08019823778737098
0.085005489219792
0.07712602534582122
0.08192818140945374
0.0822055448627977
0.08417099199383908
0.07798354216576674
0.07513336496855258
0.07916102408213564
0.07784649023714547
0.08080740802867625
0.08067711905489723
0.0834658675019268
0.07929955929792366
0.08433561703139462
0.08563380331541293
0.0860807975861602
0.08117848263116172
0.07844154416510346
0.07823641384259249
0.0826072076210179
0.0860049684627507
0.07695375536158024
0.08944233310952161
0.08755896140440503
0.08513302426868812
0.08617385931056327
0.0831551736429668
0.08267830061332251
0.08189042194758375
0.08158783029126099
0.08989326821204323
