-0.08191223882162237
-0.09038845771753516
-0.08088963486504956
-0.06427020877569867
-0.05910400975232896
-0.047389800203307415
-0.04343558987869377
-0.03531330274298596
-0.01717084572644522
-0.012376757149692053
-0.0077980231926537665
0.01334045626997697
0.016500932601495433
0.02817421111767777
0.022537682186334562
0.0247277250364184
0.023459575919267266
0.030556681256992027
0.03554883070061735
0.03878299998752295
0.03727881821881359
0.043539339794146
0.04168223939367379
0.041244644829286976
0.04034138830238356
0.034747372994424715
0.03607693642365913
0.04019981145191615
0.040346555688227405
0.04233607637266127
0.03582190512101172
0.03343694766458028
0.035270461507771425
0.036339967674948875
0.033634100566642025
0.034145306087493034
0.03489801770386596
0.03700429718159378
0.034925053098749444
0.03943569564427703
0.03687422808904487
0.028365605817630122
0.034983418092656975
0.0338459506898802
0.036322078089683484
0.03985197057720656
0.035388650589634495
0.033642605513430165
0.04389367155933705
0.03448057999097121
0.04581927662739196
0.03945871520644197
0.03887600868308651
0.04059750254897293
0.04004292657586913
0.03402953251288869
0.03816894500110394
0.03975587208629944
0.035033925057341084
0.03859323389643134
0.03702503266409995
0.03218977250672208
0.02716401268262416
0.02384156628223793
0.026185712308282604
0.023422821992053054
0.02765938258985093
0.024813563166520534
0.021908174876830926
0.024557813833682583
0.026182328106071323
0.025538088039805493
0.025647056899227513
0.03067814477417881
0.029291530466229558
0.03004390981633407
0.026815650700322855
0.03458759652832016
0.030113706192246473
0.02897303921009342
0.029494983661704912
0.03191259677965158
0.0281441087828567
0.028855222401519616
0.02571243290216304
0.025948544873599298
0.028835247170056203
0.02579262538586194
0.024123422080465855
0.025657517328195704
0.025917161632185944
0.02381361725901325
0.01819512962889022
0.028060771426550137
0.02942953489053672
0.025160609783891303
0.024179714022932623
0.02612613281701973
0.034097432206647516
0.027497976793659826
0.030047574885285054
0.04259137278363013
0.029135977225572183
0.033766255922651346
0.03573481794289994
0.03360110991097127
0.03297189399600029
0.032391555470530874
0.029466763099368947
0.028863680770192354
0.02752190169830544
0.030012997995333697
0.03256434801762972
0.026516384032901186
0.028349221482699832
0.030195497694568564
0.02179401367246054
0.03145237058395138
0.03228818511736627
0.029286785684626712
0.032810663452180915
0.03272175090865065
0.03456794243688003
0.036284970692605174
0.042179088860463634
0.031182222439047808
0.033497970865349856
0.037565342269431895
0.03788781479571555
0.032312631452059114
0.03911580161645058
0.038029574983132385
0.03661001841537655
0.03275252653476902
0.03578416290872086
0.03226751164870504
0.03575855621542686
0.035004370532428414
0.035182781828095755
0.034879324933624445
0.030593743504514583
0.033930274470185394
0.02602341764379675
0.030754726809503224
0.03612812204623762
0.02882806483315877
0.025753549095959616
0.03133914020921414
0.026190284743064788
0.0297004264631631
0.03187939866434018
0.029734674802495694
0.030217402094366172
0.027542802917350156
0.02927349474391518
0.030104106206160327
0.028444122423967107
0.029615195318519208
0.029600337356066285
0.0284288040183198
0.03308065408387054
0.029990699536537227
0.03356835353800144
0.035746637744327577
0.027430648440256333
0.03276865762712147
0.031177288879273245
0.03473753706381943
0.028959239203220185
0.03071548084023958
0.028669625530556703
0.0349463110568766
0.030986906132863788
0.03780205062133833
0.0312470454948011
0.03224837655165734
0.032051154777694206
0.03155803440514809
0.03311604346661345
0.03761894717239417
0.0315226058232395
0.0318756540138752
0.03814442110612081
0.02972943828208372
0.035865179799610555
0.03980381555776172
0.02734568757766213
0.03489491244657144
0.03138848232091942
0.035536645268066186
0.0336563991906587
0.031406702971659026
0.036487733252728596
0.03189152207856891
0.03407827500602415
0.033253034639603406
0.029929744937749674
0.03229580838307858
0.031280183693011984
0.031009907098427318
0.028630617370631977
0.032321142371540934
0.027876127562605036
0.029637137092411135
0.024129623257575963
0.026069633209762962
0.029098813585901204
0.028173844554364152
0.02440984427409533
0.034642290323077196
0.030002275347667307
0.02605520140988609
0.03327364218092929
0.024976054122761035
0.02627111369660363
0.02767186161135424
0.02811380783155656
0.02959481421289055
0.030304138764786798
0.030236890131103186
0.030430128002981057
0.032744005917667005
0.031618624779198745
0.03153699073247994
0.026225362150655247
0.038243155414835577
0.02622907484168163
0.030082169672487696
0.03432112990472561
0.026799421054191697
0.030270911699447494
0.030900266071936737
0.028036576485446392
0.02996697246353739
0.035222604380359346
0.02875150239142852
0.03128428974730643
0.03453253211217741
0.0335593659865061
0.03108394832211511
0.02975237255032437
0.03295105823751491
0.03176403258097334
0.029814835781237493
0.03272779414681001
0.03314267346461584
0.03146743042064675
0.03210506059098034
0.03083320274256552
0.03371010757911837
0.03223757035797089
0.0332865979653807
0.03326855790297218
0.03151860128825482
0.03360852291404556
0.0326188913680828
0.031367424338494834
0.028984113536679592
0.02961349733926069
0.028655412335259218
0.028298943804409834
0.02888244780165573
0.030353746067983314
0.030355503829793098
0.028809849536404586
0.028644675374473596
0.028946550044183356
0.029824786664297182
0.024289037787522644
0.029757690225960687
0.033542062321570344
0.03572386718849138
0.026320614613210544
0.03364447662576985
0.03595829564698924
0.03220773916273641
0.02797629879884577
0.02719314145998886
0.03202086802667532
0.03399102619896906
0.029374161499809138
0.028921897350273167
0.030245650344146176
0.03177482226463512
0.026280380462785847
0.029777676112746867
0.031238467137863598
0.025777563450332636
0.029413804332486904
0.02599345405633824
0.0314003290145849
0.026097266763230063
0.0247466633740073
0.034015868503849606
0.02738304103557498
0.02966120632735487
0.02796420979620262
0.03250428516752063
0.033872278946308565
0.026011014874212635
0.033492757489857
0.02823225571699321
0.027085226481535638
0.032106204989413994
0.029348881293434458
0.028096492600049646
0.029171729459761618
0.02947757391897866
0.028204425093747723
0.0343061139069808
0.0283215301006119
0.030658515290363144
0.03286698580188199
0.02808493749740032
0.027883916425232132
0.035915298604287764
0.03249203098702053
0.03205117122598518
0.035284732742151485
0.03441807044830803
0.029340418291767725
0.02955023523521586
0.03191760499836304
0.031976328030652486
0.029899421922611788
0.02902386053584707
0.028889852255629078
0.025792315785693996
0.028412177992383172
0.02771393919165115
0.030382317125510712
0.028800354441195036
0.026923426452021185
0.02981076695216008
0.028618291362624566
0.028114236493069582
0.030193528620741115
0.02985623938938937
0.02706745733933834
0.03183279552835686
0.03157353915560704
0.02745673801952925
0.02517656107054044
0.03863613987102722
0.02425457544830771
0.029221955376665276
0.03535583125403485
0.02571998394963045
0.023771207285869587
0.030457428245781324
0.03178375525025424
0.031219967790634538
0.029356859534238583
0.032095518051900376
0.027268739260482386
0.029654832727548916
0.029560251149665324
0.033852426156450885
0.029101347769998634
0.03232760971176247
0.02689301106087768
0.03464949281292203
0.031041903104871895
0.027125461448733217
0.028767371943626458
0.03133075462373642
0.0274647715127615
0.026060770446351036
0.022161053188551123
0.030869836809758383
0.030651022857189392
0.025659942746054955
0.02873259636048132
0.02989386489543204
0.027378167122906933
0.027992699152897472
0.025993710044675912
0.02995494105845678
0.024947591069921587
0.02348304881627719
0.03325891546861758
0.026368425806793265
0.030728239959437187
0.027298109845913552
0.03232747529609463
0.034413304616762806
0.030227949048201433
0.03191166807231732
0.02201281321243956
0.028491850956253565
0.03135247059742538
0.02695370043675678
0.031130193923122416
0.02778226109699179
0.03220623507819628
0.03071033221450097
0.03023580025364003
0.029225957644480216
0.03016085361954398
0.033995962850312
0.02489900551766205
0.03309117257833863
0.02802778375081312
0.03223032215013145
0.027183830884930035
0.03582663869198698
0.029900625036362982
0.030145881692759502
0.0324219229563217
0.02853272724874282
0.028045364496863793
0.028307254763263373
0.031818632807997536
0.030902268141896155
0.029170173173173306
0.03169248403501581
0.031792361369260995
0.029838758659510252
0.030792402639352262
0.03272713877272625
0.03261206027191992
0.03579780114486288
0.02735409462803569
0.03718266849516509
0.02831566912160876
0.03459953424443927
0.03392634626704817
0.03201951397767959
0.030416377823059566
0.03328321253274902
0.026928096352957
0.03130152529159274
0.027033894324193123
0.03428011973334763
0.030379346535706786
0.030769200563335267
0.0324057832500563
0.02713433683645398
0.02876130550613221
0.028851366039079715
0.03048256350478205
0.028854014342374657
0.026540520277996665
0.029946330639247138
0.027581512227427597
0.03270077111157708
0.025296131213559794
0.026558279084602895
0.027315144873901794
0.027956085346858554
0.03092203032902967
0.034049042772042015
0.029847575211300492
0.030536995503233556
0.034189830526399116
0.029668317773925642
0.022410331485727325
0.03024397954189529
0.03140711112944887
0.029951802479365887
0.03264049369519433
0.03248666373547167
0.032180425472772466
0.028997605653384176
0.03232566912073451
0.03229462732322132
0.030332225229507553
0.029478682577983143
0.02656043906761811
0.0365681366997962
0.030569475646823264
0.03394107511684967
0.034715870726246906
0.0396294876264456
0.03152553885958743
0.03553846559206692
0.03436191812969553
0.037109380265554555
0.03281672253476408
0.03423592487263541
0.03324381588191057
0.035998995815260476
0.03569800618756861
0.03709281034743748
0.033920743081417196
0.033550392613799954
0.032520495662776316
0.035409253544341296
0.030522107721294444
0.03144625910969737
0.034876982297208044
0.03132011363064894
0.03018643306180214
0.03252056247900981
0.029521910050131668
0.032613578197122434
0.03416333101142813
0.0365014297201131
0.027187996794684574
0.026398333867725273
0.027757954872093905
0.03234695475608206
0.029054838460750687
0.03119051836636992
0.02761911693512677
0.03258105419905079
0.03217532219998061
0.0317601799332083
0.029599060379237367
0.03399606265339594
0.037574858451262114
0.0312924141347862
0.028264800748916175
0.032450287464934474
0.03322705643756005
0.024575744830265953
0.03527521183923221
0.0304069116162375
0.0379829555678253
0.027933776093115554
0.0307566091760796
0.03223484931662918
0.03385887266053126
0.03044026953717455
0.0321835928699539
0.0316011602276166
0.033898168346749094
0.03210384248881243
0.03375804874723634
0.03398770044209997
0.03356823830344626
0.03533186077973089
0.027785605769186542
0.032314492893354516
0.03550120088815068
0.03734831680224325
0.03139482336282993
0.03300130304996855
0.032389424847385204
0.030925654157470443
0.029499203264593887
0.033449868039371305
0.02621022853343628
0.03027086088565202
0.02526449540328461
0.028089775080279183
0.028766318153178032
0.03085304461225557
0.0286496917060457
0.029401554161449895
0.029798889261030873
0.03054721378467571
0.0284929190572793
0.031013668555682765
0.030369857397193136
0.03355582948391272
0.028020713132438965
0.03117162778821344
0.02781121537540084
0.033766340592708916
0.027519690133750628
0.029154584083768826
0.03142965868987047
0.023916796455458283
0.02859949475984113
0.03189852171613333
0.03109238674171651
0.029101277882746683
0.027372340917085798
0.03260415342206565
0.032892290154734674
0.029835186874231277
0.029550742556024582
0.03319040913528835
0.0315454550105362
0.028904996590855984
0.027092016654280134
0.028191321838694886
0.02966383879829664
0.02560153540689498
0.03470473362980649
0.031160599489708264
0.03885552482509714
0.025133827045553912
0.031800589145710455
0.02916599089646927
0.03043232253776529
0.030285396277068707
0.030159500376201975
0.03202654483178869
0.030671509297397464
0.033076369854386896
0.02862337677805231
0.0314135611146272
0.03259041564455495
0.03093974278159201
0.03561320334571438
0.033316935325367524
0.03727208520957412
0.027483794774310902
0.034321028562053706
0.031161289911744043
0.032129528503924705
0.03687112853257508
0.031192210289792945
0.030965479630499313
0.033978871811175336
0.03628833500029615
0.03196223194781618
0.03482545161864553
0.031068746325297235
0.03202144243841758
0.029694909382707035
0.03435866319923662
0.026897759820358493
0.030698395055906776
0.03243472453532144
0.033326328025820355
0.031266532495068625
0.0340998055652166
0.03152257524571047
0.030038487498696226
0.03322820593080579
0.029850742093120247
0.0296543875139879
0.027610908895850373
0.0311682182625354
0.03487470623244567
0.022436576020360612
0.03778222851777593
0.02564034775759165
0.03458314391132146
0.03570245899116764
0.02987768366897049
0.033234156722513335
0.02872001262630175
0.028919234916042442
0.03173876094347529
0.03035913159420045
0.033148232545369326
0.027785953753389037
0.030246946444919022
0.02972054034889413
0.030432694373079217
0.03096134522735762
0.028833710198392884
0.03173261091209357
0.02492837306523982
0.025478025030408902
0.033127087474955866
0.026926977967806846
0.035436994939720114
0.03295164659487991
0.02627221377247807
0.025886556298549596
0.026624181173228397
0.03059436161793434
0.03096042221788174
0.028565891173321943
0.030462118140153156
0.0309027546348098
0.0343668592552347
0.03203383248541146
0.030982308261072598
0.02828418657102772
0.02631248738258504
0.02835110713942693
0.023641655707988554
0.025318251071924654
0.026652427279623227
0.03187115295993116
0.02742316635230031
0.03328986881921689
0.027297264732754765
0.027676415361966997
0.026126130781351373
0.030981179522738482
0.026595079877043667
0.03130554740185826
0.026551237255812456
0.02787594534143304
0.02732247687661304
0.027568398254292192
0.027927019946330872
0.025609423966409688
0.029937345052931982
0.027760320029651318
0.025733859336767823
0.02749791563151237
0.026807894851290023
0.02683876569544037
0.02829965727466445
0.023621153285523923
0.02597823311538937
0.030766610917933764
0.03648578799687899
0.02615292353125719
0.03324379243914826
0.02851803701979896
0.024396866655502565
0.02768326154880178
0.02743376477394635
0.02907026697230788
0.02661681793949519
0.027823944476683838
0.024399496377848735
0.02901477094632215
0.025549365111081173
0.026208495088324596
0.025784072095456606
0.03388863225491383
0.028551609421339937
0.03057106794634213
0.027137572686665525
0.025057579500552936
0.02684542501322143
0.02343718203333899
0.029549856341252914
0.019836490435931737
0.033071452498627016
0.029388876151269637
0.028364932332605793
0.028446816645737272
0.030510607218214622
0.03099718845377748
0.028096202188858
0.02686872597744999
0.029742634200374596
0.02830807543777598
0.025485034835769627
0.025716695493648353
0.03003551317557979
0.02782646218338647
0.030060662561579823
0.02624425765258284
0.028682368276461673
0.026806433339459965
0.024684386763673943
0.02555530100560132
0.02911660140320563
0.02885606372087167
0.03276098972449127
0.03329397393412924
0.02612446537718941
0.03187014673752949
0.029086590450606308
0.03247310793824279
0.030229927019816107
0.03328744967121822
0.02839762147766753
0.033926929538257614
0.033944844480794975
0.030442076027453042
0.030391163253882088
0.03236652423138133
0.029498816741994605
0.02522896621734477
0.03525903424537645
0.02531435003486247
0.027497785986410096
0.032924868776283873
0.03137607631469086
0.021864603304614625
0.030438746019111326
0.029116240375711082
0.02622235709299835
0.032582061632349044
0.025856669451026486
0.028937572243814477
0.030090207238204013
0.029038524472166618
0.03191313238139861
0.03161834724283276
0.029004162560420065
0.030403161679919903
0.03570550517537273
0.027590059767214535
0.038381434126420526
0.02800229823249258
0.03259837495788816
0.030086061557850395
0.030543913417335342
0.03349578531506734
0.02988508392844755
0.027925973898546102
0.0329194255864982
0.02562855857563241
0.027264167156774932
0.032455222140131995
0.02664073162521116
0.02801240268521584
0.030842611980505096
0.033383465498590316
0.028876068696934872
0.027515145588553516
0.030487541115293518
0.02495132366446062
0.02683735575709971
0.028293410791992265
0.027450770835051885
0.02835069817672961
0.030384768896776503
0.03082357028302235
0.02953145970256092
0.03308605443035515
0.030280727747594938
0.03222934660794309
0.030383867170148265
0.030624011900419225
0.028056503226980566
0.025440708578725418
0.02830411133547433
0.029984816891523318
0.028487098666011706
0.0295961974755837
0.029486444730420586
0.027427464985073757
0.030286481758976618
0.029890882438727808
0.03209432604340597
0.02606259105870357
0.0365497911529532
0.0281111252774374
0.029909362745447417
0.031123823111351485
0.033461918051426225
0.028356847529096577
0.03352470807566976
0.029724389106894913
0.0366423689151326
0.03322265429380469
0.03659077658413504
0.02923749477408469
0.03056627604651462
0.033958239902037744
0.03464780497627381
0.03328342059065994
0.029554160502131055
0.03443255238593198
0.033088948446600576
0.030741378859742187
0.033308759356777254
0.03540961501675133
0.026811303668215165
0.03222970797744496
0.02401384382034079
0.027415027359249788
0.03369474735361739
0.029766036316943474
0.029145017715815742
0.03188700588861815
0.02827669285641325
0.033014024973500714
0.02928889975881201
0.03163691404430816
0.03289569919717719
0.028247906050931377
0.03301622740870628
0.03072701213114226
0.03266762992761169
0.03337051978585525
0.03274820956300037
0.03162966047440512
0.029549687065464708
0.030903650608711475
0.03023593736251291
0.028554856500480896
0.02825687650161294
0.030488200212279572
0.0257546894885122
0.03452286059454752
0.03292825423175087
0.027747947357009906
0.03719333318324807
0.02836878254751448
0.027875318488655373
0.03098561493250786
0.029328930951342976
0.02865889069194404
0.028315628646538617
0.029230460121135157
0.03055802787941782
0.033091945179964964
0.031999162443650836
0.03166650440842391
0.030857778676093007
0.029447014402420535
0.028553767329177412
0.029383263998897746
0.030153438020855763
0.028872795120174162
0.02958680119496794
0.03134055146992278
0.03348776340224924
0.03379530844208486
0.031045822263396798
0.03129631366688185
0.028430410331556907
0.03309370841448888
0.03057789680081045
0.032819660160935314
0.030148192279291552
0.029851118235353333
0.0326662103454463
0.03084528077683316
0.03069426567496684
0.0360948295929493
0.0299833154055075
0.03316612315449255
0.029932049669337293
0.03266837219080816
0.029239528905152558
0.03453491920909773
0.031998034171425764
0.03056778647929045
0.032378972771887976
0.026862624646477904
0.034028711308369215
0.031240058628221355
0.03217969283279485
0.034653233717947915
0.034716290772820894
0.03373078557674606
0.0332493918028493
0.033586533380767856
0.03442311362446978
0.031068598588955446
0.03316102298722865
0.02897229442038597
0.034992402295271556
0.03172015737479505
0.033592759837017344
0.03099763209794242
0.031790735219897795
0.02927113676470561
0.028592726025575152
0.033443550295077076
0.031025973823255837
0.0288226249269568
0.033457570326610064
0.02592003825381816
0.03212825958796132
0.03470137264424314
0.027984988783748867
0.030288903470127245
0.034087978313282995
0.031904309223859735
0.0327687182938695
0.03206662386205258
0.029071603398561144
0.03819508314082692
0.03670170886743551
0.02992281266906036
0.0332640596028889
0.03606730882385865
0.02946893872994667
0.028513965715403454
0.03883499992483009
0.02937935157887972
0.029850420213449233
0.03658066196576095
0.041724364548840986
0.03967347795842215
0.033415084752516866
0.0391882692809957
0.040385790860296436
0.03573726556242969
0.034389357291794834
0.034476972056272176
0.03427274246246387
0.032031472965191383
0.03216515064943964
0.029990120110316917
0.034652267123023286
0.03353403994861322
0.033582386958938185
0.029177543912560513
0.03422718763083536
0.029129317167956824
0.03520986197700273
0.029109614183350157
0.02521194730290564
0.030923486028078536
0.026700585805034885
0.028000928013110146
0.03366250090542822
0.026213367654231545
0.03232635104169066
0.02658967089134818
0.03146173544862391
0.027281445299143878
0.030661855484896267
0.028058880930975413
0.03147715969512669
0.03383985145363766
0.030016332904984337
0.027485017183696468
0.026920603217709307
0.034610516533930186
0.03133398411819377
0.02881116687584346
0.026342727722695622
0.030637706778398773
0.029065285350542324
0.028310898733504404
0.03239431538214632
0.027777945247735494
0.03152025910213781
0.0268326302870917
0.0322411644165046
0.031018720259154902
0.029958399523923453
0.03011135620017273
0.03120938496073135
0.027031230015190654
0.030832031801438484
0.03438175532471341
0.03163839457676006
0.032081135004558836
0.028419934861897044
0.036950422775967474
0.03626129137955081
0.027938425847932172
0.03731082177740366
0.026645177632319526
0.03136573236507292
0.03115048775276265
0.032884846100261295
0.029212426898690563
0.028231250683074905
0.027417185114553343
0.029648642335740032
0.028282973946084103
0.031661528087436004
0.031163101907021394
0.03225789511399433
0.028280256724414917
0.03308804630695914
0.03251481239224235
0.030261102314435472
0.03104249000107535
0.033830005896743384
0.032345918828669266
0.034011916190576856
0.03244329116419883
0.02540488388152041
0.028782069633188002
0.032557726632326076
0.029398599865649324
0.030917602985237654
0.03127759000143179
0.027801597847130138
0.026637128068922232
0.030362975010006593
0.03038127699565405
0.031028320406487463
0.028533305043879992
0.02909732998978609
0.032861317287106666
0.024200919542748195
0.03267865358233953
0.03168366550145527
0.0275809013344443
0.03027452478925578
0.02656222800246607
0.031506985349234386
0.02652554909112111
0.03705722878572161
0.02887598681412876
0.037268006476239325
0.02435726542861607
0.0304514627223118
0.028596702988187853
0.02722809370726538
0.028670247578180024
0.028412886133166747
0.027513930772861035
0.027884840522445022
0.025278154810598023
0.026793428264462796
0.03004145065549379
0.025354116807899958
0.02838226343320014
0.030541996385018606
0.02957275881437967
0.026510938229666162
0.030997278043725648
0.023333146277162507
0.030931220421916806
0.031068915455491664
0.03142946742785473
0.031522045502713765
0.028079957347840835
0.030737963201742484
0.030395917177539117
0.030771077475331438
0.026431106943607282
0.031033069716067986
0.030742579493194054
0.029652193739028193
0.030704955001457188
0.025065099447965623
0.02905586227440299
0.029203146762507133
0.02145888589692708
0.02826975497464912
0.03189902348706546
0.027345546229909628
0.03355423522193749
0.03118647437614317
0.026533934033142987
0.027872848087915767
0.030519183403707874
0.024931630179381523
0.02473212503813183
0.029727710199222202
0.029356458680726623
0.026896575180133088
0.028020914963249547
0.029221496717087948
0.028303879875247965
0.02970287876005153
0.02801172726974936
0.030079674581662774
0.026413022116489278
0.029260815588984256
0.029893260032463915
0.030515336077540922
0.031966678755811585
0.02883871960489509
0.02630686151365248
0.026958881876914975
0.03384751371743802
0.025153282484582935
0.029439640653212196
0.03364051220563945
0.031759341490060954
0.025722394292750278
0.02652790948557548
0.027809268601049552
0.030716354694241322
0.02762400845352274
0.02856628361377471
0.02988248118083739
0.03200265875874231
0.02534581276600082
0.03228298047712694
0.026161890067995932
0.0360132146101536
0.02764564421765196
0.030423376970821453
0.027857611163590965
0.03376210493584856
0.023023572623228225
0.027780179045228764
0.03206524360232437
0.0247310960131775
0.028799707407597453
0.02917532624023107
0.02889004942889397
0.025750781410039426
0.030076924364607877
0.029213393519286257
0.02934918898405531
0.030067744623766674
0.028628501374549115
0.028306718135382443
0.025125275211235604
0.02701464963544053
0.030405903946106823
0.02551595198810668
0.028688718804952284
0.02828301738541669
0.03031968558057904
0.025706167965052793
0.02392994605171948
0.026078673850339
0.025127449514230904
0.02774874381564307
0.02763532471890824
0.030356821197962677
0.027006847507586012
0.029699948949900527
0.031186570407739148
0.03139670289491709
0.02851285017334307
0.026325375101460408
0.02630239657442778
0.029077000634816403
0.030888071715479526
0.02591597423888743
0.033849156050918955
0.032733373455882356
0.03129313046840999
0.03141263227130366
0.029783518082844334
0.029516594792799784
0.028759155593937834
0.0292049599536814
0.03367841034435118
