-0.00012789422031253195
-0.0001283087591545131
-0.00012644944079697896
-0.00012403307019923934
-0.00012175816839608627
-0.00011806229177193763
-0.00011371412674168077
-0.00010996073438153148
-0.00010546847695831018
-0.00010282250512271929
-9.863066523580645e-05
-9.429097154703086e-05
-9.028488353718645e-05
-8.529842225237725e-05
-8.232667146680446e-05
-7.830503966080215e-05
-7.579731396757639e-05
-7.225336079360344e-05
-6.989590687086232e-05
-6.734046391778601e-05
-6.658196895538518e-05
-6.231906993959385e-05
-5.870654873806649e-05
-5.539929248371687e-05
-5.438756910361684e-05
-5.4504609803328864e-05
-5.3083937997983485e-05
-5.0526584229187276e-05
-4.9405526992930575e-05
-4.991820212289428e-05
-4.983565877176797e-05
-4.79100679326504e-05
-4.709338844315005e-05
-4.514044364138196e-05
-4.4781850738218056e-05
-4.3494383303018713e-05
-4.1031355776328544e-05
-3.980842541354016e-05
-3.847896609491167e-05
-3.783634200748892e-05
-3.7347950442031454e-05
-3.757923352681339e-05
-3.731035732273132e-05
-3.604335497351339e-05
-3.413384821704732e-05
-3.288978696218692e-05
-3.2919979443809444e-05
-3.330180697957985e-05
-3.2164267199382614e-05
-3.2256910922931125e-05
-3.074002124776598e-05
-3.025244276124375e-05
-2.9214469778264922e-05
-2.8773600215805718e-05
-2.8368945771571583e-05
-2.959052255438366e-05
-2.8891239624219733e-05
-2.788379848098908e-05
-2.608441144007091e-05
-2.6452505428609678e-05
-2.7288435049763975e-05
-2.681148912532267e-05
-2.5210716343374373e-05
-2.482004769822547e-05
-2.496222495653619e-05
-2.4004581773158113e-05
-2.357593863659228e-05
-2.521241271423582e-05
-2.5650352575049068e-05
-2.5407583971406356e-05
-2.5095526889811318e-05
-2.3369425206254117e-05
-2.365499237314977e-05
-2.2839747805100604e-05
-2.3906052658089604e-05
-2.1875434798018363e-05
-2.0796456085055328e-05
-2.1289463639289188e-05
-2.0080571219948933e-05
-1.9560998864621162e-05
-1.848861968774611e-05
-1.8682513613244876e-05
-1.8640706035418987e-05
-1.9783671805038093e-05
-2.0689907344207406e-05
-1.9116493646064416e-05
-1.8225716867630418e-05
-1.7421890142708063e-05
-1.651656279229941e-05
-1.6522155862894113e-05
-1.6371536940613834e-05
-1.598888409203844e-05
-1.707304662163668e-05
-1.797145926572669e-05
-1.7846423081489495e-05
-1.64383274330668e-05
-1.6035676307159846e-05
-1.529085729065954e-05
-1.5570580011953073e-05
-1.6206001386401624e-05
-1.5220059919020292e-05
-1.4802766399486408e-05
-1.5507176561722866e-05
-1.619697152189194e-05
-1.5601502939087087e-05
-1.5152260255910313e-05
-1.5569000196335718e-05
-1.4175875898777471e-05
-1.340141985005735e-05
-1.3085460882277217e-05
-1.401340446952814e-05
-1.3999642056333892e-05
-1.4203687635763811e-05
-1.3972673239037155e-05
-1.3830477622925686e-05
-1.5477168758829625e-05
-1.580011546768499e-05
-1.5550702599471267e-05
-1.5052150345768613e-05
-1.5593647950505002e-05
-1.656196708119331e-05
-1.6506753766010753e-05
-1.5585405540500338e-05
-1.5095894443033896e-05
-1.4294750699497318e-05
-1.5053882802581379e-05
-1.54646703613719e-05
-1.6049363395536486e-05
-1.4591989057431094e-05
-1.374346704370766e-05
-1.3065860478561193e-05
-1.2835212766777915e-05
-1.2893265650349442e-05
-1.2862407619160457e-05
-1.353368120945584e-05
-1.2835820710349183e-05
-1.2969643229063457e-05
-1.3524589975042125e-05
-1.3471967530420396e-05
-1.3587975650481008e-05
-1.2515170760124397e-05
-1.3274127521958107e-05
-1.3045625191574427e-05
-1.29951742471745e-05
-1.2981230065634009e-05
-1.1424318635806394e-05
-1.1509729208624683e-05
-1.2202708244447608e-05
-1.2184033673689461e-05
-1.2586759182270795e-05
-1.2976116555271288e-05
-1.3195110085899404e-05
-1.2978739682577538e-05
-1.3648373514558606e-05
-1.351351035667064e-05
-1.2222906983739588e-05
-1.2363261213557473e-05
-1.2549661886833536e-05
-1.1428430731869481e-05
-1.1300957125151911e-05
-1.1268709735864271e-05
-1.111859715960096e-05
-1.1296776014765224e-05
-1.1597306561620476e-05
-1.1383007161687904e-05
-1.1296986597769249e-05
-1.1130790950958795e-05
-1.122451251434634e-05
-1.1770936091637943e-05
-1.1325349880327196e-05
-1.0961770283010525e-05
-1.012838849232932e-05
-1.0913482336222958e-05
-9.899370539082715e-06
-1.0333089099171608e-05
-9.760095529670183e-06
-9.754278816660352e-06
-9.345412171312954e-06
-9.251577280221494e-06
-1.0010923450373902e-05
-9.925776001368948e-06
-9.562749656675479e-06
-9.924874253696404e-06
-9.188681188112614e-06
-9.28577303103595e-06
-9.033837191870985e-06
-8.716518286979782e-06
-9.281793268784009e-06
-9.992118000996132e-06
-1.054848622656069e-05
-1.0381617525686474e-05
-1.0083712955887537e-05
-9.535778395403236e-06
-9.75872225796756e-06
-9.677121427860887e-06
-9.678587206834868e-06
-9.362695868147943e-06
-9.782164954977373e-06
-1.0055672408690533e-05
-1.0467234483840935e-05
-1.0302621945485067e-05
-9.57406766293645e-06
-9.911679528438702e-06
-9.505529884243001e-06
-1.0160180374021786e-05
-9.982471974814334e-06
-9.555373444760708e-06
-9.893498062387479e-06
-9.73856520618145e-06
-8.945196546287312e-06
-8.963588492732901e-06
-8.603459886776713e-06
-8.061839064164534e-06
-7.634964999735343e-06
-8.329943037283672e-06
-8.527812856183842e-06
-8.237747675966835e-06
-8.029925359154825e-06
-8.439665403924524e-06
-8.6300738985301e-06
-8.94380970678937e-06
-8.518448400233562e-06
-8.593894418505116e-06
-9.108252883239543e-06
-9.102983704696481e-06
-9.238338437474643e-06
-9.296420844643412e-06
-9.28154473886258e-06
-8.464402983521816e-06
-7.991634438206884e-06
-8.392893360929194e-06
-7.554703195357713e-06
-8.207774711384748e-06
-8.772673558828851e-06
-8.384983585785495e-06
-7.834505212929053e-06
-7.931456084173614e-06
-7.881083433275284e-06
-7.455521923615239e-06
-7.75233621215403e-06
-7.823725531917984e-06
-8.279333148190441e-06
-8.312549095698602e-06
-7.809944217558203e-06
-7.242404402719471e-06
-7.3500230031734245e-06
-7.023231393806129e-06
-7.28842346805509e-06
-7.68838753850641e-06
-7.16692701154478e-06
-6.920071710061539e-06
-6.884348320641155e-06
-7.412772983792447e-06
-7.73837913910915e-06
-7.933613620153689e-06
-8.080702630253747e-06
-8.356115144217768e-06
-8.10591574032188e-06
-6.76705052543324e-06
-6.774479828518218e-06
-7.671482238108114e-06
-7.832364971340538e-06
-7.403125182929962e-06
-7.3230399184700594e-06
-7.338613595026963e-06
-7.664201122026544e-06
-7.531895780397089e-06
-6.958414327621144e-06
-7.166857782673712e-06
-7.298283062249166e-06
-6.749554445261124e-06
-6.441264635307165e-06
-6.953144591721073e-06
-6.907987566452133e-06
-6.369189666143845e-06
-6.075973471571417e-06
-5.9689569729342995e-06
-6.437809413630301e-06
-6.67991216920573e-06
-6.705493204861294e-06
-6.439305583719546e-06
-6.114539661585019e-06
-6.062586887240356e-06
-5.6390475434361575e-06
-5.4762085570613495e-06
-5.825175351977426e-06
-5.548087240943763e-06
-6.146873772358492e-06
-5.7356357011975395e-06
-5.257868479720156e-06
-5.475216095454436e-06
-5.510481316424632e-06
-4.719245022827706e-06
-5.703958677025721e-06
-5.868952452240196e-06
-5.247379657446753e-06
-5.4142754892475355e-06
-5.780913222854277e-06
-4.948829980723811e-06
-4.74606695206603e-06
-4.8308284021914005e-06
-5.6574568145897965e-06
-5.6791228510122985e-06
-6.264702143455043e-06
-6.427387861316301e-06
-6.6307037438188365e-06
-7.688971758258188e-06
-6.778088365349387e-06
-7.167298915588524e-06
-6.121571753353167e-06
-5.55883907742473e-06
-6.035449766783038e-06
-6.044767962101524e-06
-6.577027332427977e-06
-6.187731830719619e-06
-6.029886028558487e-06
-5.563913185678524e-06
-6.023775278243613e-06
-5.485469720065922e-06
-6.050942985707363e-06
-6.279361143522412e-06
-6.218465725209964e-06
-6.1666226709069e-06
-5.8474622444639235e-06
-6.206647051443818e-06
-6.197187091553739e-06
-6.4978556414037785e-06
-6.436148160924532e-06
-6.3978605141575175e-06
-6.302323844209194e-06
-5.577496866839609e-06
-5.622000266250838e-06
-5.777779372296302e-06
-5.891848741157446e-06
-5.983750792764999e-06
-5.427810664024526e-06
-4.794668849428537e-06
-5.08852949329034e-06
-4.987378356301447e-06
-4.828781411794271e-06
-5.126180918196975e-06
-5.211260402295291e-06
-5.310285651387695e-06
-5.584241103534647e-06
-5.363007869910246e-06
-4.718976485188856e-06
-4.538519587162554e-06
-3.5906823914280184e-06
-3.4237692314211296e-06
-3.625752666872965e-06
-4.428202738638039e-06
-4.474093378657693e-06
-4.771824613924718e-06
-3.730887804592315e-06
-3.6780262631416403e-06
-3.301265558501398e-06
-3.478069808037477e-06
-3.910565068602013e-06
-3.531620248582047e-06
-3.5400883846775217e-06
-3.0130623856213133e-06
-3.4992076554119242e-06
-3.4292272805312396e-06
-3.3940513241339852e-06
-3.4177460607819598e-06
-3.861801986623994e-06
-4.347756333654382e-06
-4.560518174492665e-06
-4.424593993089496e-06
-4.517164912753147e-06
-3.940129305099104e-06
-4.463654087698953e-06
-4.233849474006163e-06
-3.94904598765723e-06
-4.228218259436872e-06
-4.067856013698008e-06
-4.125715177230095e-06
-3.6190366711544367e-06
-3.6193245542120002e-06
-3.6864349544302033e-06
-3.817853573705995e-06
-3.6027936776241776e-06
-3.565050189699366e-06
-3.508831531899677e-06
-3.849533565395784e-06
-3.768410393744349e-06
-3.3687418017973705e-06
-3.2915013108345774e-06
-3.2683203827241998e-06
-3.482976262603188e-06
-3.6614658174818406e-06
-3.465824243110733e-06
-3.848770809502009e-06
-4.0205272468413636e-06
-4.080760533188601e-06
-3.981739439787373e-06
-3.3343975083437565e-06
-3.990981172253855e-06
-4.751644337375183e-06
-4.4736063174264605e-06
-4.247338270383457e-06
-4.471198817321774e-06
-3.7011237008044145e-06
-4.3765678373557215e-06
-4.8416763489419675e-06
-5.278514753370426e-06
-4.935879832583641e-06
-5.002590228869872e-06
-4.6981314717880035e-06
-4.732422511994791e-06
-4.171957471044152e-06
-4.387640451451984e-06
-5.066270240114625e-06
-4.876151673763674e-06
-4.830492530462111e-06
-5.030220761863091e-06
-4.801201719554882e-06
-4.498723317224992e-06
-4.669826884286848e-06
-4.721686479733296e-06
-5.3769142957604255e-06
-4.938404601535951e-06
-5.0102950785329974e-06
-4.687604625639954e-06
-4.745645872343373e-06
-4.928128771261515e-06
-5.087197393713256e-06
-5.805724676741729e-06
-5.852502242002326e-06
-6.512315459799422e-06
-7.044101610704391e-06
-6.895054668394807e-06
-7.016360597425284e-06
-6.8436260684953035e-06
-7.2621894431881045e-06
-6.607573871009756e-06
-6.091429907265149e-06
-5.577384343688699e-06
-5.594459243860537e-06
-5.994761392148809e-06
-6.0676544004915435e-06
-5.733838999078263e-06
-5.778449746848753e-06
-5.817541750730015e-06
-6.312549132230626e-06
-6.8081124621900155e-06
-7.89680587984502e-06
-7.042951958096521e-06
-6.176029852119824e-06
-6.297765307513496e-06
-6.599294446902768e-06
-6.177906158345883e-06
-6.6188320441795395e-06
-7.274375657755464e-06
-5.850988586294429e-06
-5.832430692046331e-06
-6.298149652978352e-06
-6.571292429632591e-06
-6.759369084764517e-06
-7.213360447330603e-06
-7.187904180355895e-06
-6.710187547772269e-06
-6.389999842399564e-06
-7.508743391764046e-06
-7.669139449717477e-06
-6.874962041482108e-06
-6.4721403643302325e-06
-6.673843610116866e-06
-6.762294031385607e-06
-6.389830014086329e-06
-7.018078252794788e-06
-7.190356761081299e-06
-7.4415153833867335e-06
-7.402843827245912e-06
-7.270251127267376e-06
-6.717911695047335e-06
-6.862360211156416e-06
-7.184184580229414e-06
-7.044969756045761e-06
-7.809444079425585e-06
-7.923041740025675e-06
-7.2865069761554385e-06
-7.687694053460384e-06
-7.687938513976032e-06
-7.652084938551222e-06
-6.859669214557074e-06
-5.619440598354394e-06
-4.765001929813596e-06
-4.7625667659117306e-06
-4.806148055463265e-06
-4.479143515896001e-06
-4.923873147606336e-06
-5.3182377693398545e-06
-5.6354640830063425e-06
-5.027319578706131e-06
-5.73545071930335e-06
-5.599992604962049e-06
-5.101585250089649e-06
-5.7595742477226455e-06
-5.474362429735125e-06
-5.837976925995929e-06
-5.869126583162982e-06
-5.464802971124673e-06
-5.53260150319637e-06
-5.974073969693377e-06
-6.084775794498945e-06
-5.679211230576934e-06
-5.831131252657192e-06
-5.779315382917561e-06
-5.6360536594487105e-06
-5.659386566455792e-06
-5.210538186544839e-06
-5.112484121547403e-06
-5.695340846264466e-06
-5.889422181308664e-06
-5.578867025271906e-06
-6.067110093564947e-06
-5.692086732522465e-06
-5.841953644938678e-06
-5.824784173642118e-06
-5.926594815555757e-06
-4.357908470317339e-06
-4.884498598701798e-06
-5.1763155403396246e-06
-5.8821860105896265e-06
-6.2775430076446635e-06
-6.135650395523184e-06
-6.359302047852767e-06
-6.237783215440756e-06
-6.231144065028415e-06
-6.25125407028603e-06
-6.192889848021784e-06
-6.015283706335303e-06
-6.099462902616674e-06
-5.9523624328833716e-06
-5.835123661549565e-06
-5.434426955803363e-06
-5.681123720699898e-06
-5.584754839779075e-06
-5.080121294061731e-06
-5.432914986158721e-06
-5.405513734447782e-06
-5.11992809781357e-06
-4.91867125767898e-06
-5.034894377623016e-06
-5.104736574606086e-06
-5.64500721502088e-06
-6.586603926851426e-06
-6.533233879916878e-06
-6.426887972711717e-06
-6.455612238380873e-06
-6.323750273086495e-06
-5.976117476026187e-06
-5.707043002099127e-06
-5.582556441834477e-06
-5.731167339735503e-06
-5.737705930350319e-06
-5.4027934824355325e-06
-5.36693205270776e-06
-5.430106105053803e-06
-5.998846096097109e-06
-5.988184430185729e-06
-6.324455884728545e-06
-5.452008812986045e-06
-5.645897528712596e-06
-5.763432601760052e-06
-5.4190351735227385e-06
-5.862504724810162e-06
-6.176492929509363e-06
-5.4258726497489705e-06
-4.846962367129238e-06
-4.842905339804323e-06
-5.397084483914883e-06
-5.074649193258479e-06
-5.8763916921378e-06
-5.884587766885465e-06
-5.992360288823525e-06
-5.99181363120293e-06
-6.1722656844209176e-06
-5.433312887758709e-06
-5.11969961642022e-06
-4.878694940438995e-06
-5.345836432705908e-06
-6.132195910770231e-06
-6.4484098378997234e-06
-6.9079719254753e-06
-6.824881179804484e-06
-6.758402103001479e-06
-6.515018352123055e-06
-6.422198818584618e-06
-6.158461504431519e-06
-5.617364700017975e-06
-5.795718168836827e-06
-5.573021679503234e-06
-5.648312409716593e-06
-5.372561873884525e-06
-5.352354732260723e-06
-5.061555165388526e-06
-5.214032875627686e-06
-4.945076904196191e-06
-4.7267150992597755e-06
-5.1047023053121314e-06
-5.428532669891586e-06
-5.090292597742519e-06
-4.922061128663466e-06
-4.560217350957921e-06
-4.395387420047952e-06
-4.613707856967663e-06
-5.150693360542974e-06
-4.705377367104236e-06
-4.765236661067973e-06
-4.1180588677656115e-06
-4.035804003694629e-06
-4.324135221768535e-06
-4.5444445113855925e-06
-4.862438028141743e-06
-4.839881666367336e-06
-4.761866505130176e-06
-4.7183532586085416e-06
-4.510645542793029e-06
-4.769899330242949e-06
-4.8495210625659614e-06
-4.513130398920158e-06
-4.923046773724192e-06
-5.071290228769589e-06
-5.1947782804535775e-06
-5.448996498904681e-06
-4.902145708631276e-06
-5.004154762644201e-06
-4.593199628288858e-06
-4.610443787756734e-06
-4.689787741741524e-06
-4.506638411746676e-06
-5.0643654946888535e-06
-4.533157726445307e-06
-4.440834364243365e-06
-4.490516538424298e-06
-4.848595360202196e-06
-5.020658980543092e-06
-4.142172065257909e-06
-4.55411813956557e-06
-5.091654845902947e-06
-5.303641407805023e-06
-4.9931818793060626e-06
-4.392002271439802e-06
-4.402194857296612e-06
-4.698103678562732e-06
-4.4787701624908295e-06
-4.82076299401039e-06
-4.859060586918181e-06
-4.708265714725713e-06
-4.192756062902612e-06
-4.244098428712161e-06
-4.544779517928896e-06
-4.612478751835461e-06
-4.143740615967171e-06
-3.9429279951992865e-06
-4.162243795946826e-06
-4.215524623783168e-06
-4.683146891273702e-06
-4.487510649106788e-06
-4.392745797350728e-06
-4.379108782487516e-06
-4.245245709637693e-06
-4.162230453193143e-06
-4.396389247118256e-06
-4.513492000021357e-06
-3.6843342572049156e-06
-4.257677054015519e-06
-4.076730786040664e-06
-3.7920753607651046e-06
-4.537031157106424e-06
-4.4027744432894855e-06
-4.4198498098688646e-06
-4.456111153745158e-06
-4.505915615318838e-06
-4.761648102803753e-06
-4.744902787187572e-06
-4.293602386240262e-06
-4.487608657655074e-06
-4.495927929290188e-06
-3.776320723913019e-06
-3.212203744577635e-06
-2.977747664818964e-06
-2.9921874078680932e-06
-3.300424960355322e-06
-3.6328277415939225e-06
-3.897081330414482e-06
-3.623065357225222e-06
-3.5583358077509238e-06
-3.49384610602171e-06
-3.554449338667044e-06
-3.6837191262934657e-06
-3.4363353874001546e-06
-3.7355897651044264e-06
-3.9600133440660265e-06
-3.886915398582529e-06
-3.947700077752905e-06
-4.004822051520489e-06
-4.460743196269062e-06
-4.9121054498522055e-06
-4.6408023990807125e-06
-4.412742979790589e-06
-4.595760166035362e-06
-4.321720945928321e-06
-3.921363630956292e-06
-3.960097616912278e-06
-4.324131130208395e-06
-4.11251607007356e-06
-4.409514443838047e-06
-4.27027719594592e-06
-3.896596270071593e-06
-4.278730739315506e-06
-4.684651652589823e-06
-5.187786376691059e-06
-5.0870816266979094e-06
-4.978965133863639e-06
-5.22527958450015e-06
-5.301691703024493e-06
-5.415265310987776e-06
-5.485729005345209e-06
-6.2196482059124925e-06
-5.948089918279155e-06
-5.492552689900502e-06
-5.363673641020283e-06
-5.049114285308557e-06
-5.105037967158028e-06
-5.12795239932856e-06
-5.0314579475059125e-06
-5.6388433222309685e-06
-5.286465880206565e-06
-4.904923216833058e-06
-4.561004742497925e-06
-5.181807225595455e-06
-5.335952219189867e-06
-5.689313998001848e-06
-5.777878232038347e-06
-5.685461310816046e-06
-5.4433811456897855e-06
-5.1514207091083965e-06
-4.515744076809661e-06
-4.252664651479184e-06
-4.2475383872022994e-06
-3.9758031352203736e-06
-4.335745691209106e-06
-3.932066390869948e-06
-4.148058143563013e-06
-4.848770619831227e-06
-4.439892079925556e-06
-4.402627969167765e-06
-4.327926758261851e-06
-4.527725379888673e-06
-4.611999483108192e-06
-4.129188844159123e-06
-4.447737799823815e-06
-4.419689799434332e-06
-4.272662875173876e-06
-3.4960067855885985e-06
-3.3387433666995585e-06
-3.4910910856594385e-06
-3.433950984962837e-06
-4.144916250973041e-06
-4.317457450479896e-06
-3.5405786477965123e-06
-3.906978803896868e-06
-3.943101215461353e-06
-4.290327619972418e-06
-4.462630474732484e-06
-4.92260487123694e-06
-4.292407261229341e-06
-4.512237437199637e-06
-4.283108943034163e-06
-3.834067937975469e-06
-4.57600823350591e-06
-4.720794237446404e-06
-5.406399537978592e-06
-5.16290815190027e-06
-4.9955667120043356e-06
-5.2894936510337855e-06
-5.14673285859037e-06
-5.100413783601163e-06
-4.867926268977895e-06
-4.1146713334828976e-06
-4.791592919690839e-06
-4.783690973197689e-06
-4.560168457455569e-06
-5.216038257808228e-06
-4.26069064838558e-06
-4.14838232245529e-06
-3.798713781249647e-06
-3.4758800386323574e-06
-3.7155437684514954e-06
-3.862221864181218e-06
-3.702346580561985e-06
-3.196126502958717e-06
-3.394272116799048e-06
-3.529070262140102e-06
-3.1493368274263607e-06
-3.080460323755501e-06
-2.770591172753857e-06
-2.955880089034625e-06
-3.2140879657396374e-06
-3.02356230139804e-06
-4.044745769650221e-06
-4.14938498556111e-06
-3.97161741206312e-06
-3.961262100113881e-06
-3.5381005009418377e-06
-3.3756444806315883e-06
-4.0182129967620426e-06
-4.058457944922385e-06
-4.040619638218255e-06
-3.604309368034965e-06
-3.277591292480326e-06
-3.0822635532482916e-06
-2.952201308895989e-06
-2.649452477644678e-06
-2.614677818294298e-06
-3.439392741291578e-06
-3.617319217506193e-06
-3.3053354563423616e-06
-3.3161893696113765e-06
-3.136286150971174e-06
-3.2103304396840917e-06
-3.1440251113496904e-06
-3.315784585002126e-06
-3.7881855090605453e-06
-3.7631819967105117e-06
-3.956984558802408e-06
-4.205012476468721e-06
-3.7836361361069767e-06
-3.851085207665724e-06
-3.827010580910913e-06
-4.034347889850884e-06
-3.525556404873406e-06
-3.4194381989949856e-06
-3.7180723141388556e-06
-3.977687319069772e-06
-3.6894400543529536e-06
-3.7320877056164392e-06
-4.820398044103058e-06
-4.728817240016398e-06
-4.884684711634271e-06
-4.933552081172074e-06
-4.375788886626162e-06
-4.753244397411786e-06
-4.282840951092135e-06
-4.3470086100756025e-06
-4.39054929302074e-06
-4.794130172040941e-06
-4.464607993726625e-06
-4.484412495049839e-06
-4.514040639873994e-06
-4.615911945084241e-06
-5.233438773407565e-06
-4.8967152580212895e-06
-4.9085735810923584e-06
-4.580518354766984e-06
-5.195081107208702e-06
-5.2076257839545205e-06
-5.111094908035086e-06
-4.982895757749271e-06
-4.601217591325389e-06
-4.976694109269048e-06
-5.517774498469244e-06
-5.322465550796971e-06
-5.010873703726341e-06
-5.320946829903196e-06
-5.224800754195969e-06
-5.573509352894363e-06
-5.170905544032277e-06
-5.896439889068297e-06
-5.874704973580381e-06
-6.085178003372559e-06
-5.919214338344039e-06
-5.372732385484806e-06
-5.175185311273731e-06
-6.5829941726965795e-06
-5.975965688356575e-06
-5.495065194666565e-06
-5.231696673618922e-06
-5.9110510357221265e-06
-5.694043078946356e-06
-5.376633984829263e-06
-5.046144631192781e-06
-5.017059638936562e-06
-4.714721825831265e-06
-4.956148537670603e-06
-4.717224997782465e-06
-4.637546037254372e-06
-4.791968676260858e-06
-5.288891325341329e-06
-5.279415726806455e-06
-5.782779086215529e-06
-5.892737310484965e-06
-5.980309945768498e-06
-5.759654346221419e-06
-5.5364652838854965e-06
-4.9264110389347665e-06
-5.006856941364299e-06
-5.322779263504064e-06
-5.326455697612777e-06
-5.524532645769142e-06
-5.260602241226782e-06
-5.626564385844783e-06
-5.43033446751323e-06
-5.160579952737466e-06
-4.545212917806706e-06
-4.5672415021377115e-06
-4.823379967069158e-06
-4.786533423985253e-06
-4.595687758596912e-06
-5.036084442112135e-06
-4.739382816646517e-06
-4.857360284241179e-06
-5.210607149563611e-06
-4.974609209267118e-06
-4.825962101816773e-06
-4.827742465679946e-06
-5.164908163397997e-06
-5.03660520945022e-06
-4.687999565552066e-06
-4.935947587606885e-06
-5.016629863045333e-06
-4.9962613094323435e-06
-4.982946626487552e-06
-5.628563492511882e-06
-5.620315303717806e-06
-5.230272185704402e-06
-5.108576587167007e-06
-4.569180591482645e-06
-3.866903080051998e-06
-4.046100550625945e-06
-4.313530658132199e-06
-4.609573921371544e-06
-5.254790591070793e-06
-5.228462016067426e-06
-4.678043026218895e-06
-4.299457946334046e-06
-4.713736385989857e-06
-5.386394199236887e-06
-5.041245535372022e-06
-4.671909153750256e-06
-4.662712504236529e-06
-4.430886709973819e-06
-4.6252293218574965e-06
-4.9233991772687145e-06
-4.268555697378291e-06
-4.17254913349424e-06
-3.759145686042477e-06
-3.9482877664107575e-06
-4.184723142176293e-06
-4.399441891459551e-06
-4.797780261119792e-06
-4.377330063876937e-06
-4.038236736447195e-06
-3.9364621140218025e-06
-4.458913645066787e-06
-4.398407401869264e-06
-4.651321484207307e-06
-4.254839839818604e-06
-4.174983153531614e-06
-4.7688131183885835e-06
-4.071028590073976e-06
-3.631693083988443e-06
-4.021095798797876e-06
-3.897504243118769e-06
-3.7762229672248046e-06
-3.5154726377256267e-06
-3.6109824565919084e-06
-3.94047320953224e-06
-4.132769978381335e-06
-4.7190667968467235e-06
-4.800852529558305e-06
-5.125007068365961e-06
-4.8163358606427955e-06
-4.9122613582324286e-06
-4.66795215685031e-06
-4.300562988226795e-06
-4.2093206712497e-06
-4.506236277498269e-06
-4.251948994584755e-06
-3.872338766086614e-06
-4.1253517816258886e-06
-3.6863254069593938e-06
-3.703087246228675e-06
-4.127989097049487e-06
-4.418043541730955e-06
-5.20519552549395e-06
-4.543890009956205e-06
-4.660713511839276e-06
-4.539501446160079e-06
-4.846518132604289e-06
-4.990560372766012e-06
-4.305919684646562e-06
-4.651060300649334e-06
-4.674339743360179e-06
-5.084936068063446e-06
-4.818981810435966e-06
-3.795209916764482e-06
-3.964486543340265e-06
-4.17678200345761e-06
-5.044992919395624e-06
-4.493798235508177e-06
-4.713117943584877e-06
-5.392328491255354e-06
-4.4825755932647435e-06
-4.786481130371939e-06
-5.349144596085609e-06
-4.706168240376521e-06
-4.284235785981321e-06
-4.451315844096079e-06
-4.101316871805093e-06
-3.936195052562816e-06
-4.315824821204819e-06
-3.7826103100367336e-06
-3.403487924002454e-06
-4.381892644326003e-06
-4.8249259494836086e-06
-4.4109950685640055e-06
-3.945297046998465e-06
-3.3256928033481996e-06
-2.9143446518458243e-06
-2.929970970655678e-06
-3.5849543821360643e-06
-3.0005157377206325e-06
-3.5217652613284417e-06
-3.269388068871101e-06
-2.6393154315976576e-06
-3.4503462698828513e-06
-3.1220443337914707e-06
-2.74497849717684e-06
-2.7854613796453354e-06
-2.8321391919934497e-06
-2.61753140922594e-06
-2.831598170907968e-06
-3.185352048044129e-06
-3.42707889430107e-06
-3.684570121829613e-06
-3.2101287510718417e-06
-3.120213690029535e-06
-4.123344969906238e-06
-4.216107304390066e-06
-3.826512327064754e-06
-3.943717792236174e-06
-4.041442957131016e-06
-4.247431733790272e-06
-4.108056176240401e-06
-4.149526597384232e-06
-3.7911469205890826e-06
-3.862793864055465e-06
-4.1233868218207645e-06
-4.400386096210404e-06
-3.987851059952309e-06
-4.089701700976525e-06
-3.7834519960783952e-06
-4.024819715526134e-06
-4.495656969830191e-06
-3.963376661303277e-06
-4.195060475280908e-06
-4.09233391506766e-06
-4.20796885429389e-06
-3.77805436073686e-06
-3.8876203502579116e-06
-3.778386959451242e-06
-3.6538214876950055e-06
-3.8265334716505515e-06
-3.314195651117375e-06
-4.121739814367268e-06
-4.111816617343068e-06
-3.977870599742463e-06
-3.607687529858175e-06
-3.688680002456889e-06
-4.192010513948984e-06
-4.8757044145858324e-06
-4.524983680125726e-06
-3.972118780345623e-06
-3.35259413030797e-06
-3.290715858383919e-06
-3.072365683319498e-06
-2.478491010967842e-06
-2.1043802818008443e-06
-2.2461422869850932e-06
-2.63288186430052e-06
-2.6485994170891505e-06
-2.3431464662793683e-06
-2.085994750790959e-06
-1.8346134905956346e-06
-2.430323445715215e-06
-3.045976938828505e-06
-3.5997575406117204e-06
-3.2403247167586904e-06
-2.5750694196456325e-06
-2.442523690987377e-06
-2.470949864520942e-06
-2.9477839584265336e-06
-3.779815783789859e-06
-3.618929263328214e-06
-3.63989391609301e-06
-3.2054283821754583e-06
-2.6961281305258847e-06
-2.785598601407494e-06
-2.856261755532148e-06
-3.362204352715008e-06
-3.393337255357227e-06
-3.1843900043709137e-06
-2.945052183816024e-06
-3.182446431683508e-06
-3.71801023063129e-06
-3.3800177975652517e-06
-3.4374289078606615e-06
-3.452954978200022e-06
-3.629694406416279e-06
-3.4413030288049366e-06
-3.3184103836575584e-06
-4.229260616156329e-06
-4.437618364159462e-06
-4.0363899818028305e-06
-3.96428977066348e-06
-4.498019711135361e-06
-4.779593832492351e-06
-3.943252051659585e-06
-3.655794027788663e-06
-3.0185168888681053e-06
-3.328283560805199e-06
-3.6539278647605663e-06
-3.35724770336991e-06
-3.3972643497038054e-06
-3.897532838565008e-06
-3.645366542770763e-06
-2.8797217393543972e-06
-2.743331623232501e-06
-3.2117573004469683e-06
-3.198405883244376e-06
-3.1654411626592405e-06
-2.1570915479083526e-06
-2.238921091446126e-06
-2.5488593564659823e-06
-3.0632519377458942e-06
-2.7900509837472317e-06
-2.703434846551271e-06
-2.8749516238745763e-06
-3.2335614879486502e-06
-3.0929759608018987e-06
-3.0634499464026586e-06
-3.1985114627530447e-06
-3.3570618411314896e-06
-3.3940366999255883e-06
-3.5579566627301316e-06
-3.2677654731882144e-06
-3.0797437911809166e-06
-3.1798098018789927e-06
-3.076420838018142e-06
-4.0026071334208466e-06
-4.0681115187441885e-06
-3.586957827559299e-06
-3.378597524808869e-06
-3.819305747572052e-06
-3.994098021091001e-06
-4.062991999886342e-06
-3.979844502912154e-06
-4.177358487840348e-06
-3.7585812501325004e-06
-3.8513664945546625e-06
-3.4808870751499526e-06
-3.2806889708015848e-06
-3.2742832550306605e-06
-3.245378413852543e-06
-3.4016203291032115e-06
-3.906162837898964e-06
-4.244492478951892e-06
-4.330314228494759e-06
-5.0585609362594995e-06
-4.806062192167305e-06
-4.46975640186746e-06
-4.309165130204444e-06
-4.060962902048442e-06
-3.8595783163868755e-06
-4.144852335649865e-06
-4.830742907357396e-06
-4.676598592385954e-06
-4.63836346543991e-06
-5.0791567679343874e-06
-5.302451343315904e-06
-5.11951623430389e-06
-4.835354721786317e-06
-4.7144046663724555e-06
-3.86670025457137e-06
-3.6788349508498914e-06
-3.8437668885867775e-06
-3.835626571694425e-06
-4.123499039474737e-06
-4.050400914424338e-06
-4.006631380457876e-06
-3.7993223976137906e-06
-3.977708344721647e-06
-3.884900499356146e-06
-3.896711372456197e-06
-4.179451568630518e-06
-4.516475333870263e-06
