0.5482131478943838
0.049537449857840934
0.048161267219947124
0.04598009341205351
0.04798283263748416
0.04935455235551135
0.04808483168464871
0.04684468335621298
0.05072050903511879
0.0506523792231933
0.050640052979071745
0.05837244267503803
0.05424042141948564
0.0575628474712945
0.055096553081873424
0.05844966468150513
0.053756288866488595
0.05763365851762967
0.057990839584127596
0.05898789987296391
0.057387425263340654
0.06095256986371122
0.05902633138884528
0.05831454248609356
0.0589882088240045
0.05765607719778274
0.05822207781856354
0.05935339393476263
0.057922372937751695
0.061051906882009156
0.057551413322560106
0.055729704226653735
0.056922877247994524
0.05844682522956879
0.05591767324158588
0.056072794639159186
0.05644522478344301
0.05849881037824954
0.05730962985648941
0.0591420519619416
0.05816013558845346
0.05467831277921318
0.057221077494203854
0.08564054598339284
0.05803966237238059
0.05900607808636358
0.05635519346329742
0.055608963092956216
0.060884386929683385
0.05474417532722537
0.06088263073231643
0.057512126934941475
0.058223979874179724
0.05893652577532264
0.05766510898605562
0.05666104049111406
0.05744450933461149
0.059368618452348386
0.056306164881262256
0.05829560540628452
0.05843641763457503
0.05629902541852341
0.055258707120680275
0.05401328423132117
0.05551086984610615
0.05393011896238208
0.05544601974841685
0.054143060453665945
0.05292432931287644
0.054706335216999434
0.054322391132919645
0.05432820727971072
0.05331577068099227
0.05613245385555694
0.055567385253603926
0.05568507379219414
0.0538294179771
0.05766826597496103
0.05586733034340283
0.0553799792073476
0.05479901144758631
0.056559742542986687
0.05446762623659407
0.05495113151309152
0.054113104100076435
0.05335372536956595
0.0551293046028616
0.05399075356530002
0.05418200817627784
0.05498395796077182
0.05518889007582448
0.05332465031637977
0.051028866504127975
0.0550737316481387
0.056133145170334055
0.05195283441481968
0.053889612052350856
0.05310441759319451
0.05681130194391769
0.05352592278355494
0.053227227532830185
0.06091393407087964
0.05299543447326869
0.05478302820896109
0.05605895793877351
0.05453996573939012
0.0546900171523866
0.05491187010223094
0.05412724624113299
0.054489679555169854
0.05400406788491333
0.053765853081877604
0.05573341343850375
0.052107855964762466
0.054271510913848686
0.05489350424375003
0.05114297359608687
0.05495213374364166
0.055102616518091126
0.05360313679616994
0.05631200132163194
0.05464254274773292
0.05454966395627707
0.0555836234587985
0.05846035249161128
0.05258121442539283
0.054447493506953694
0.056258348816146074
0.055750727743949166
0.053796926154516256
0.058222493052912445
0.05670004739808158
0.055637748767800914
0.053925236327072176
0.056012231562859734
0.0544296783914503
0.05461592140297095
0.05561402357266977
0.05591207290163789
0.05592038356639349
0.053292613583975114
0.05623631794184733
0.050995905803612025
0.054132916220129494
0.05728532632645697
0.053322214312039505
0.05300740526290611
0.05499486648179113
0.052523336412671665
0.05382736594392321
0.05518387366289225
0.052794176041602324
0.05552552717093092
0.05283228191905297
0.05387091232009996
0.05406943230579297
0.05296719593819804
0.05367850141946035
0.053731184028303965
0.053675373254391624
0.0559937116331779
0.0533406059209926
0.05589904638771445
0.05676449863777424
0.051785058938922025
0.05470825527460338
0.05394695272239355
0.056005331624347045
0.053046098568190175
0.054486144188409434
0.053104792217103146
0.056405257914239205
0.053966013480049486
0.05832930382353087
0.054250391118992596
0.054510675869786585
0.05440544195843335
0.05395498591451309
0.0543746536036428
0.056602896905193725
0.05360872847839999
0.05382787023838132
0.05679697503622335
0.05227837306865228
0.056801605072970954
0.057622090541423324
0.05126472250618136
0.05531257480108299
0.05317050549918069
0.056583025462877676
0.05391958756730533
0.05300560311641162
0.05543926324731169
0.05435398897896401
0.05561655749841474
0.05591962394925455
0.05298411771177482
0.05526532143091735
0.05520297322744647
0.05437412914903596
0.0528424946573348
0.05565641100088564
0.05346407936885953
0.05481995028348114
0.05178687270396413
0.052218061090351486
0.05402497563523073
0.05292143809059874
0.050683382374401655
0.05725590673585733
0.05412523304470457
0.05268852583681926
0.05613442952864063
0.050908220389213124
0.053347230767114805
0.053548050981659726
0.05239068750315943
0.05472002400336071
0.05370347544025534
0.053444676632539205
0.05389476421539886
0.054773138344693835
0.053925801198093745
0.05461736588488118
0.051058843820236434
0.057377103212862636
0.050716395281517924
0.05433976613701536
0.05575267274935658
0.05211296124467387
0.05370431153748471
0.05442995092927072
0.052858919957175086
0.05331364808460841
0.05552453548910144
0.05312409698127363
0.053158526551814224
0.05519976930346531
0.05433719092502426
0.053162118088071926
0.053276676980133816
0.05458318380913578
0.05399760626889288
0.05353472128104514
0.05447891016299717
0.05480711736405889
0.05405410508661029
0.054051009240822914
0.053163466182274695
0.05515894905592387
0.054108094723704155
0.05571291396776453
0.05536527910019056
0.05422210329307769
0.054185551900464375
0.053979221512324725
0.05395303241108568
0.053503083469919284
0.05313005864512749
0.05323189057242603
0.053383408464157046
0.053616196506370145
0.05362093694543896
0.054207369286375935
0.05293856140238066
0.05337965917498924
0.053821756394030765
0.05384132665617821
0.0505088325118264
0.05355560225494301
0.0549035791767379
0.05706314949485927
0.05066472851635458
0.055039329733102556
0.055935313528737964
0.05442985634809026
0.05273182917481814
0.05335031576239719
0.05494223447958342
0.05527641295383756
0.05354163568908683
0.0526763339777692
0.053372829981172126
0.05516106320115236
0.05190452721196776
0.05446404912807525
0.05508143882422398
0.05210105559120003
0.05387407073643632
0.05214344195973797
0.05665688426651729
0.05220110995324854
0.052045888551033266
0.05644344507764356
0.05191545713131722
0.053751398168074394
0.052625371657837275
0.0556476417522973
0.05560038244495025
0.051044090483218243
0.05610418836168276
0.052517664997289194
0.05306288935841085
0.054922019665201126
0.05335386465602101
0.05308638300316838
0.053635271136553433
0.0535105881967749
0.053135430951340074
0.05654746648043585
0.05323968189410292
0.053707025400124106
0.05644225999115943
0.051868318054729544
0.052630371537107305
0.05734506876458629
0.05446964783283571
0.05414249289971896
0.05603146838645141
0.05574279099177474
0.05234138219294926
0.05323267522303817
0.05492556837435143
0.05514616918069525
0.0539560530304861
0.05337953120828248
0.055095668494080506
0.05300158848568128
0.053715953541298704
0.053685531985516156
0.05490319951771735
0.05370027875432219
0.05282289865546119
0.05363295631757818
0.053718339099596515
0.05296189895269867
0.055155361733303813
0.05380697902292013
0.05284853282336814
0.05475215886432964
0.05539645981461478
0.05322768494594269
0.051818538228503595
0.05879803071789539
0.050914047750381705
0.05432752303552264
0.05828573717019306
0.05216845133258269
0.05162951124246973
0.05441888155391774
0.05534714142290446
0.05422562981645266
0.05378311131364451
0.05516242332434138
0.052775356830217134
0.05401586327725687
0.05455965926715483
0.055873359259791096
0.05358978712047713
0.0546850769696996
0.05253057697286399
0.056681672474130605
0.054481737159837326
0.052792681380509375
0.05270372043029429
0.056772667434042655
0.052705236295094854
0.05308446991257369
0.05017244249689751
0.05457013159011228
0.05524810580417323
0.05231438430253034
0.053781217109794034
0.05479717624421494
0.05326594961568331
0.053645191942222226
0.05243793434391801
0.05444532567097877
0.05226072118474314
0.05058290845571229
0.05627870538080923
0.05226048160260782
0.05518233347325944
0.052261846214652255
0.05550013526271169
0.05665221380619093
0.05370473715787132
0.05628334885307898
0.04984682727760325
0.05435259528816319
0.055582615125995986
0.0512556525430857
0.05515381835448818
0.05277161986853641
0.05454638082450495
0.05372721016144332
0.05369020052946722
0.05376055762231446
0.05360200594131572
0.055879072754237896
0.051069410566168906
0.05470902643357523
0.05251245067860836
0.05522072973589485
0.051187708385240956
0.05738170931999309
0.053090099848281495
0.053429285533582935
0.054866063033039564
0.052523974085059495
0.05307733704013606
0.05219891558711728
0.0551220958515142
0.05273665664359354
0.05306356922448732
0.05430549001261496
0.05459859641806151
0.05285370743964823
0.05364324259691131
0.054462013276628196
0.054372248897114055
0.05527587858363031
0.05086469116131178
0.05683508129933706
0.052294652025478006
0.05506405380841058
0.055419087126397364
0.05370893935696819
0.05345470695875776
0.05475737826767354
0.05116336773782491
0.054279302491639286
0.05198888437858281
0.05624159647641369
0.05342668604034071
0.05361255182980154
0.05477262428925874
0.05265812353374293
0.053594023540305596
0.05387698381375044
0.054889748017423044
0.053678446850524496
0.05306073048044569
0.054122478557893865
0.05375878122778466
0.05616805397618849
0.05243883306184449
0.05205271335091824
0.05259109659251781
0.05299003245488096
0.05528173745872501
0.05506427395873918
0.05355315204554548
0.053653182917370056
0.055800002050371125
0.05431770387774285
0.05011471747122227
0.05422905581549574
0.05457774128120106
0.052627229833832154
0.05465901784407787
0.054472503155613174
0.05415768231718968
0.05320350426870088
0.05473834716010457
0.053913082115543194
0.053339204856027396
0.053180570241947396
0.05154052594712434
0.056831280804740696
0.053560378703360376
0.0554177842885017
0.05495156470017556
0.05736514975985464
0.05417553435843916
0.054349933933609956
0.05441279582834492
0.0558942017551416
0.054351545794484896
0.054828345719486096
0.053502760059797226
0.055925417375058316
0.05520882097025139
0.05544261308864523
0.05414071893498588
0.05439479317671309
0.053772669379862074
0.05589572437083683
0.05390777512369916
0.05357640208736158
0.056633564093126317
0.054219382499249125
0.05325428983972718
0.054204072742364724
0.05286453446277823
0.05526064149199579
0.05522869860645957
0.05721505898265884
0.05215241397575786
0.0514355222778156
0.05371828525661467
0.054907880598106064
0.053075350483115284
0.054473058940269624
0.05243802426848561
0.05477896575541355
0.05419903763880332
0.053172082964999555
0.05267708428048839
0.054947900145839994
0.057154828073600165
0.05373067733210822
0.0528244427859019
0.05590199792148689
0.05482654838751142
0.050643193748636316
0.05632409196203718
0.053342970588411656
0.057578523956143705
0.05265113697267878
0.0539573744417001
0.05491606367465395
0.05608584348900387
0.053418368933937296
0.05514072903360312
0.054271805981317395
0.05515974057921901
0.05413033995383348
0.054655564948916435
0.05556594241374674
0.0549526706051368
0.056188571519361664
0.05187284889965294
0.054460709066822745
0.057042694320448506
0.057642815098500784
0.05385713889621771
0.05594330400479241
0.055197039966543134
0.054134737032179074
0.052879104790134496
0.056050260253369996
0.053235151046194515
0.05501396972029351
0.05246185259893536
0.053971882585364464
0.05355338478305687
0.05463910507193456
0.05280342471893304
0.05339133793559785
0.054035892759043816
0.05460403050319888
0.0526087047591901
0.05496209133595515
0.05438593590978342
0.05536573954010143
0.05346250174005922
0.05406898416531009
0.0528358445252077
0.05651112192382033
0.052677597272663544
0.05358505618089858
0.055207008906663996
0.050113846680435996
0.05360144120103751
0.05503029606412523
0.05468084119343891
0.05449428914341693
0.05149845237461611
0.05549039899682005
0.055383996381304965
0.05421582140410558
0.05380894320730407
0.056020355930862326
0.05541771532346805
0.05302878884264292
0.052632452020994744
0.05434352798351588
0.053844904593335324
0.051579191984656526
0.05597812403471042
0.054165327687485096
0.0576065353774585
0.051668367445922625
0.055194718585325736
0.053296539111015125
0.054536152304484484
0.05312149116220192
0.05393829924615626
0.0547522816938372
0.054548961353392746
0.05498444947700661
0.05252881059363389
0.05394007285627035
0.055008914497179484
0.05325949150973405
0.05543845124984494
0.054477828558988105
0.05815138277144004
0.050947934958056953
0.05603087959715571
0.053967575146816674
0.05402705333828448
0.05711477705552123
0.05397168412052381
0.0539170153098754
0.05520288437628784
0.05728568397283267
0.05367980285499913
0.056749669191403646
0.05320620414597962
0.05440793660684274
0.05415185118894069
0.05727013968504392
0.051706946786875145
0.05441257449893806
0.05515660225855521
0.05506908209301913
0.054646538253515384
0.056021463263254516
0.054455863247410606
0.054830472877559565
0.05542961820983925
0.054230267653623834
0.05383987840002355
0.053105432713905776
0.05433067772298669
0.05654077772170496
0.05040358681983959
0.058881272842438936
0.05157468942388033
0.05712712946085211
0.05678983117238833
0.05286151544155123
0.05563386316136577
0.053936189891269
0.053725634794682266
0.05516005386717809
0.05429262407840445
0.05622698031962873
0.053441619724393465
0.05384270310079536
0.05363515046938585
0.05490375401404424
0.05413019481735925
0.0533702654334215
0.05512001383989954
0.05112192893627649
0.05184278845584068
0.05589478158642753
0.05117619437559579
0.05628842323755798
0.05439683360178979
0.05242262063786769
0.05182041367754722
0.05291961977521006
0.05433527944812503
0.05439172946036053
0.05315716359346436
0.05438170481401567
0.0536357254965995
0.05599115869113937
0.05440942180068351
0.054058336089842784
0.05290393934000093
0.051910044266603506
0.05361062318313485
0.050676023277143635
0.05201888532700161
0.05246290355765571
0.05419386240164152
0.052056928768825644
0.0555971322575202
0.05246999708350557
0.052648272233394286
0.05217853877156113
0.05363176836369511
0.052016227164019185
0.05484086007524568
0.05216654964770453
0.052517003872885534
0.05289099975309979
0.05244373368093362
0.05318529992006146
0.05209800532469765
0.054852234520830025
0.052575973157460494
0.05193363516472089
0.053284649197489785
0.05271481413585253
0.0529603508927931
0.05370479749682813
0.050634292194333214
0.05143832118095209
0.05394947108430549
0.05749186671709117
0.050484576994457686
0.05653412357593576
0.05310685258024396
0.050850630803511314
0.05288474130539749
0.05307350985598392
0.05404594943631823
0.052886495232964174
0.05360333323001097
0.051591271902315126
0.05441867669757742
0.05232351703855854
0.052442835040915854
0.05193604358997291
0.05577020192614351
0.0531048078651134
0.05501873169798786
0.05327961212262893
0.05348999397232174
0.053156383176787926
0.050631723338021684
0.054962987347673145
0.04912091383220962
0.055371191873191256
0.054154690709681465
0.0521774741815021
0.053349277285190344
0.054187341453507544
0.05433324234954153
0.052636028478781766
0.05246757222279811
0.05399460001514317
0.053737402478089696
0.05158005343117297
0.051833370455110876
0.05388191941862878
0.053214085834005324
0.053991878404616354
0.05144126921151884
0.053415412232518576
0.05219022442932981
0.052154624103329696
0.051479897229000926
0.05401456022503762
0.052771673026757365
0.055003235046751794
0.05567231300191428
0.05123687607940668
0.05413151833181007
0.052874132093543615
0.05471120179893497
0.05300871342098197
0.05506046551088683
0.051300523212800424
0.055551529778406404
0.05454093802911349
0.05342841711826622
0.05301200411975002
0.05475351385270747
0.053811212956236726
0.05004530281891139
0.05654267912300733
0.051315854250405656
0.05169097132300242
0.05543717224127016
0.0545458360002018
0.04941667450520282
0.054921066355055725
0.05330106470650301
0.052045363494648764
0.055689528523586114
0.05115972264992216
0.0530889064563104
0.05333467186846508
0.052935336777367274
0.054824670418523826
0.0540561307209711
0.052775046785768026
0.05324821006506682
0.0559275796624999
0.051048893122695005
0.058119472884573045
0.05163078154258143
0.05550483967690991
0.05272945669324448
0.053361622236358625
0.055305160799374184
0.053370891872626273
0.05284659270949375
0.05590125162405177
0.05136074933868188
0.052505199236269944
0.05514571563495944
0.052070853277109565
0.052811521170541456
0.05452868215357646
0.05362730715602923
0.053545312523149334
0.05298924430763015
0.05424842489166902
0.05142616038628591
0.05266607665958313
0.053031239298005135
0.052752028020600285
0.05291798365875505
0.053732258332176853
0.054534591772020434
0.05299569349676275
0.055771121392265345
0.05283560863910959
0.05386020396776402
0.054399302615545306
0.05442166276610433
0.05284643444375923
0.05175987533054864
0.05311278684112506
0.054378732898009895
0.05282819925580556
0.05334106825638371
0.05366286491760268
0.0533231409612852
0.05482132266072604
0.05367055180637787
0.054570105446813004
0.05146578343000072
0.05720377086231915
0.05231305582998082
0.05389313100156589
0.05342552746431185
0.0558184076524459
0.05331399318260642
0.05524919642111621
0.05286974464662564
0.05688967040608613
0.05381853441492869
0.05738611814434616
0.052207189413289036
0.053298897220968054
0.05510177221208906
0.055412599275437874
0.055272266970804104
0.053035078200105674
0.054998958710795985
0.05492768713499969
0.05322770958718581
0.054567362285720615
0.05615774325142877
0.05170607660920956
0.05530186754782708
0.0500240832937356
0.05372173687061056
0.05630909208482943
0.0545447209957414
0.05232423602675016
0.054411370497053635
0.05352020242776817
0.055326306726783514
0.05430794370372612
0.054742128388263665
0.05474956057822475
0.0529117273644377
0.05595080526485944
0.05396479126722671
0.05499047837936534
0.05581502213906974
0.05485453478371104
0.054559308870767174
0.05302398686822599
0.05467620204346111
0.05398872553741034
0.05368678590569358
0.05339337371480771
0.054556208913429424
0.05132968043789077
0.056566392053635076
0.05508733589727527
0.052211669045022856
0.05712189726018084
0.053394671467443304
0.052405746434576427
0.054967192523420236
0.053940830671061306
0.05329745503811118
0.05362046149153358
0.05386134920319399
0.054503382546588396
0.05565773810331638
0.055102981151774144
0.055148211874378225
0.05401358869858086
0.05396451971744402
0.053702373628337415
0.054593552301566185
0.05383380207185371
0.05277552818521284
0.05420323455622659
0.05412600127239831
0.05542257210681549
0.05593163828150584
0.053204141323192
0.053601837756398776
0.05360735119260752
0.055751872063280104
0.053476408494111054
0.05499654926825315
0.05420247678680775
0.053329925546542
0.05519220739579163
0.05438227131723976
0.05324945099926434
0.05675300459902829
0.05289191030479299
0.054992528853770824
0.052869552797160276
0.0555408211126446
0.05253245640569963
0.056481778316008736
0.05486572560591575
0.05338672088781515
0.054612813588494485
0.051475034892941134
0.056148427155895686
0.05369956197921569
0.05521235424332703
0.055616324089276484
0.0552156425278204
0.054921205185998516
0.054838610736008445
0.05523707450976452
0.05402373870691428
0.054905078975627054
0.05444022198685278
0.05279366524937825
0.05678444820193526
0.053959606856537556
0.055706749545434156
0.05409196126513565
0.0553549686476636
0.053328536382804693
0.05311736351547715
0.05571615521807988
0.05453447893214149
0.05257039484269439
0.05711378357134377
0.05126654184065186
0.05422336544411687
0.05770172588646603
0.05272224388825588
0.054187112775607366
0.05602111489010545
0.054106542761795794
0.054865464845146886
0.05365152246533678
0.052364009176977935
0.05763854287469234
0.05639983361873489
0.05243399983200316
0.05440647253909936
0.05640898246365862
0.05327002814409729
0.05152958926076117
0.05943790746088593
0.05254734120128724
0.05212666292447979
0.05602368354283942
0.056946876374646446
0.05704567275630931
0.052829264875692436
0.05580571122491398
0.057155545316755964
0.05434186400200885
0.05415040355545875
0.05447513294728616
0.05520551847353673
0.05324956679668946
0.05360138160176575
0.052717869377766666
0.055298775869708224
0.05494070102830823
0.05507892106289569
0.05193318754243545
0.05520331512670964
0.05197748234853722
0.055813246445419885
0.05240731310003843
0.051712382494066005
0.05465012210516784
0.0518442221911242
0.05329974124458833
0.056658747176735254
0.05140283922605121
0.055690255411303576
0.051619953368432246
0.054571120552002236
0.05296564497626745
0.0537338799617898
0.05255245001425441
0.05408368630227275
0.056318775786516756
0.05380057225851581
0.05251113873643753
0.05183238213559469
0.056419025853467294
0.05575369377620518
0.05271496686379974
0.051494407574407375
0.05547670375149793
0.052996821240044366
0.052605729199086244
0.055475523673260634
0.05202975843448001
0.05570534153316074
0.051810092581077834
0.05461298256324461
0.0540043870297571
0.05388757083564997
0.05359258396216692
0.05443080009725423
0.05241547642717472
0.05406715309199615
0.056065502186687904
0.05453251696143968
0.053836643824783655
0.05159401572727335
0.05736571836631554
0.057412820753569786
0.05149350498313419
0.05862045506588542
0.05201574235987396
0.05435973479149815
0.0542167502330043
0.05500407817128759
0.053962121485398175
0.052925001120624635
0.0522614054250507
0.05427004120205171
0.05324091119452929
0.05501421894878149
0.053900176549378113
0.0548276414652952
0.05289506761727329
0.05452989983993272
0.05500756389497278
0.05392180012527089
0.0544320745829445
0.05554320837956113
0.05403517180074675
0.0562419419338067
0.055979416220902634
0.05079779382675695
0.053979582708472244
0.054668813772523445
0.05303713210846465
0.054319077405409935
0.05443736120449522
0.05332905736584694
0.05314202596469281
0.05512888981566693
0.05469345406163484
0.05434851764629667
0.05360210632594923
0.053141893117497556
0.05561359534756495
0.05122803527778253
0.055359934991559924
0.05577146761202946
0.052477161535539496
0.05430304347537458
0.05168617453354483
0.055069540308501856
0.051123418608226646
0.05693128175484256
0.05310171086114282
0.05737779432525619
0.050358146590849334
0.05401484064327983
0.054504264180118646
0.05338915510592648
0.05450314610945777
0.05357542829707456
0.0536270024601179
0.05423255286191423
0.052982764273810275
0.0535469171925424
0.05526088600834975
0.052193872672983276
0.05363517843592817
0.054828195638047195
0.05420605819791746
0.05128511569271676
0.05574867564301269
0.04993596325019518
0.05465310729192331
0.053746528725306955
0.05550476823551342
0.054486800104570694
0.052973560395483406
0.053578760042691076
0.054347907416880704
0.05452077522790298
0.051664256334949574
0.05418422940211036
0.054154755008550215
0.053615168265353605
0.05442403511932263
0.05160831838595466
0.05429464363588546
0.054465236612118016
0.04934118925593793
0.05414514497567255
0.054922933930841585
0.05246656256942795
0.056649236732687895
0.05422394172383998
0.05271946276920155
0.052899464822183245
0.05507640875517749
0.050666346195607614
0.05255890168631688
0.054942049624589394
0.05262643687415104
0.05284193115762602
0.05348301248815961
0.05330863105586897
0.05309856335680263
0.05366937352750355
0.05264050581325323
0.05438533848366485
0.05198080569732552
0.053546446377339844
0.053606154778614065
0.05346810585544564
0.054935274263605095
0.05289302427584353
0.05162895857177388
0.051788179268941095
0.05677954288414465
0.05114518743342696
0.05339022058492097
0.05632060541986273
0.05550349382385134
0.05205511070238665
0.052498772640067796
0.05222920898634654
0.054872947620251813
0.05313877317314156
0.053122978896284714
0.05354669470554934
0.05505707130039063
0.050588994243373285
0.0556668401027146
0.05095200624782592
0.05729255488930413
0.052652446119687876
0.05417381922165171
0.05172636069011134
0.0562811681905236
0.05077700188073019
0.05327735100037012
0.05576380023744722
0.05050696250922882
0.05510418957027678
0.05431333935091224
0.05343919000409257
0.05195719357938147
0.05422327918872142
0.05314563368268024
0.05391768077866007
0.05323419942616079
0.05344130258338574
0.053325182186941114
0.05146330521047975
0.05318699037023366
0.05460349037132871
0.05161431763225641
0.05324379243314839
0.053927586839582105
0.05385611353036112
0.05228184392042936
0.05120772707204406
0.05308641058643564
0.0527229002259003
0.05306280948675405
0.05304662531767136
0.05311372273553831
0.052297349742207774
0.054640746282604645
0.05445253524320343
0.054689213604881215
0.052670467544036606
0.052120883494782715
0.051937884505456076
0.053533885793354455
0.055120741160443194
0.05104161708090359
0.055597300452586165
0.05482963798328852
0.053843900525512606
0.05476502653402396
0.053375633170780465
0.053165590612050624
0.05313516392503889
0.052387049299879716
0.05621937435681526
