1432861725274489.0
165122805227871.8
75655524929919.53
35693176961443.93
10635411628058.896
159830303204282.9
1082125133539039.0
38428627261214.625
685865308728648.9
748040270998622.2
372983829247762.4
596516250809237.2
744011664665405.2
4129393359467187.0
419850584955106.2
296041908739392.4
427414136799364.94
421538835664563.06
1199628347920560.0
872641124755003.6
3756511574493677.0
2363433822039241.0
1109454517741348.1
3322346627160026.5
1595081955227780.8
1.2580279676630274e+16
1548542439844258.5
1820525015684535.0
5132563801455610.0
1.1196877962276822e+16
3847115138796977.5
1.6534776098289098e+16
1.1103621361442062e+16
3848131655851278.0
2.0645636213827296e+16
1.3978241536706654e+16
1.86247632760051e+16
4171521613027343.5
7766040150611852.0
1.037731458966483e+16
2.8083173545844348e+16
9601770326414644.0
8983001473765904.0
1.3690832780964128e+16
8375386445797338.0
2.3896616940393932e+16
1.3187785572751046e+16
4.617291598465308e+16
9793080534094376.0
1.1168728419550792e+16
1.2263216144128126e+16
2.9455951003123636e+16
1.7485580849043582e+16
1.481709285871111e+16
2.0702346923174856e+16
7.1894715871594456e+16
2.7748835578258212e+16
8.618349251129098e+16
6.395482260409644e+16
3.440882503356984e+16
4.769175834433906e+16
4.2747076351762984e+16
4.0894318594192744e+16
2.9428206070841044e+16
5.1524938236835576e+16
4.251146298820221e+16
5.572362961255056e+16
3.2965231328154176e+16
7.623834079967074e+16
4.6412319211418984e+16
7.526408105675197e+16
6.329321029820054e+16
6.033132547815336e+16
5.804678437227604e+16
4.858809525755703e+16
4.782311874442995e+16
3.850082928000039e+16
4.211363020883267e+16
4.137316002797249e+16
4.4841786728058e+16
4.007069397331395e+16
3.944991332304662e+16
4.265470467779965e+16
3.8117043046903784e+16
5.2535049275498744e+16
3.6934653734029576e+16
3.6324286566091064e+16
3.92892908731342e+16
3.1573343671757216e+16
3.4562407470981824e+16
3.4003314573301572e+16
4.014108518924094e+16
3.2926892709500524e+16
2.9138504793905744e+16
3.1846252924319444e+16
3.132401733580025e+16
3.0809258812353228e+16
3.333111358496802e+16
2.9801263975192476e+16
2.9379520828554964e+16
3.1726369769175356e+16
3.4085921269524996e+16
3.0753233794118148e+16
2.4730265559999696e+16
2.9740421153270036e+16
3.195130319546335e+16
2.6146649949090972e+16
2.8295006885118456e+16
3.285866734457557e+16
2.7399755552749268e+16
2.204589072219606e+16
2.6482115646853436e+16
2.3675910904504748e+16
1.866763781494055e+16
2.292331153008248e+16
2.2546480950764324e+16
2.2211884199953428e+16
2.184103230840891e+16
2.1487303001519916e+16
1.9025306302514344e+16
2.0777822406792916e+16
2.2508612282802916e+16
1.6083652589024376e+16
1.983822661910845e+16
1.9487691777967424e+16
1.915114405124082e+16
1.6959686695083002e+16
2.403839389435281e+16
1.8243465136976376e+16
1.7958447574420976e+16
2.465534672718632e+16
1.7345186535989826e+16
2.0504031461494708e+16
2.0152765977993404e+16
1.9823009918818076e+16
1.4627238496059656e+16
1.7591256679266166e+16
1.5730993126380576e+16
1.5478742498789502e+16
1.522151031293996e+16
1.4985402426166052e+16
1.3260748098409956e+16
1.3046189525018084e+16
1.71071453275135e+16
1.544315057784474e+16
1.3781226842384284e+16
1.3566476082445382e+16
1.7342677121085578e+16
1.7073976481037066e+16
1.2922231439495658e+16
1.397141368879231e+16
1.2510840877332242e+16
1.1072678936893276e+16
1.090013402904816e+16
1.1904375857095862e+16
1.1716669202371502e+16
1.0363685824440584e+16
1.2481174473962728e+16
1.4500086714244744e+16
1.0965925019830222e+16
1.0788984979994058e+16
1.061454479988099e+16
1.0449004743557058e+16
9245066236340300.0
9097843131431138.0
9953676216485498.0
9777666383579350.0
9623505797537440.0
8517200949124957.0
9304117395732518.0
9154248904934242.0
9010658004195792.0
9745567728710254.0
7848796699552256.0
8574379845092547.0
8429923631583760.0
9126834574784820.0
8163675202508118.0
8027789211238463.0
9489652650624568.0
7769802110501436.0
7642208885502043.0
7523568297018585.0
7400327939115567.0
7276543729839374.0
6446684052916686.0
7032045151306099.0
7619808831581954.0
6819100961105113.0
6703935587333057.0
7258926602137053.0
8419225544355262.0
6386521363265084.0
6280289373302558.0
6180927619022562.0
9116964893213150.0
6578840870424202.0
5873136225256998.0
6361999453403956.0
6259667669008934.0
5593723506478284.0
5506111134216296.0
5416622386873507.0
5330354336287172.0
5246812093201615.0
5163195909966364.0
8626869799716377.0
4496875017557645.5
4903343213682261.0
6285746030422679.0
4749307233177977.0
5144870683054309.0
4598384312049001.0
4521655708776454.0
5325923527379330.0
5677469177960385.0
4309123015770608.5
5080296065957272.0
3748419720927857.0
4920231237007734.0
3633827302937534.0
3965159238490338.0
3900893148262949.5
6133516349260995.0
3778015615053943.5
4086458214665275.5
3658248808003917.0
3239219133716879.0
3891494395527199.5
3478906127755546.5
3762495927053020.0
3362797384075553.0
3642997088447912.0
3256932546118031.0
3203398137773618.5
4101054649098045.5
3097578473134108.5
3659104323405108.0
3600764970170443.5
2952443867890349.0
3192499924032257.5
3146312991427995.5
2809767030250034.5
2763339455660107.5
2717484099210862.0
2675729819320248.0
3417521192936369.5
2591655467687835.5
2293944329674915.5
2754119207425476.5
2710148435660740.5
2670414402300548.0
2383605456003942.0
2582329225776615.0
2307273833782218.5
2271799148235192.0
2234877037152903.0
2199347652506178.0
2164933848514372.2
1700543871992959.2
1882578875101843.8
2058979625506531.8
2230156291167689.0
1791973460087844.0
1764025154338002.5
2121837161531911.8
2466118997505720.0
2429243174508994.5
1835977991428082.8
1986830489576923.0
1953683615681847.8
1749166957380884.5
1719161540489720.2
1520726420041690.2
1499126144225558.8
1473359544989498.0
1770757397080726.8
2374102749463593.0
1558557557702623.8
1533092380143965.5
1506430353162915.2
1481712163570940.0
1458127433035964.5
1433425588131760.8
1412616148084794.0
1387508908001090.8
1229659712938596.5
1344442880267677.8
1321699613285488.2
1428179876011579.8
1280824393980586.5
1133289340532536.5
1362243457916995.5
1585360121391068.8
1197120882143966.2
1060300749154301.6
1505648399789435.2
1140137825759593.2
1122241894618834.5
1102146863842975.4
1084570319139553.4
1066478646673980.5
1260603627571987.8
1034999873322445.8
1117965094183819.8
999527383214617.1
885356584274569.4
1064689544038899.4
951274416409515.2
936940016576179.0
828496972373362.6
906286710160091.9
802356147172944.1
963465032772465.1
775848802321382.1
848585527764254.6
918418312018030.8
739250448014485.2
727376098225001.2
794879150141195.0
781880071904194.8
769592454581403.5
832419313890768.1
744004207552660.4
805893033338417.5
864637609530783.4
850420682238853.5
696371864977785.8
685236128307877.8
674332351148253.5
995058170411710.9
652564731431649.4
642314095072893.6
757453511915799.5
622086890633275.6
672157920099573.0
601548345336892.5
650488726567774.2
639623025318025.4
571879880129486.5
619560893606711.8
553731322973822.06
544019037371624.6
536165871583267.94
474824798979095.2
569939571801918.9
612838121281531.2
551883513924604.44
494026709541550.3
484968345708256.8
525929824831115.4
469862041395428.94
462758178630134.4
454825584516299.4
492042663411427.94
440035355966092.94
432996423434429.44
468734103671819.56
460581499188642.2
412403573880132.94
405052927118948.5
398702002945128.44
392337776876190.6
424283050509981.8
379739308070669.75
373773443647760.3
403584586365823.44
325378754586163.25
355461011395084.4
384595820604077.1
378455453936163.94
338050049057596.9
332786712431565.1
426011825456021.4
322358921816152.75
348418430837359.3
249250935001084.47
306509160573616.3
331628902912756.8
356182118823230.44
379471876207096.94
229953513281850.5
310855753073068.94
277734992917033.03
273273760065118.62
268992008917458.06
238074764971958.56
286264673381904.5
256289411206294.38
226365637314516.4
247853456814040.16
243416561405157.3
239458509707861.0
235624350904095.03
231876515032637.25
205167301850096.28
224616205874468.5
220509813287488.2
238836756183761.66
235055478311430.28
231039926070271.03
207188491865301.78
223655147491294.22
200042540797041.28
216534499481766.28
193627493822758.88
190439324998986.22
187541781743668.62
147344586503263.03
199418384120639.6
196269036498857.62
157981431243790.12
224693415517717.4
169587328716784.5
166852746429511.25
164270036800095.4
161690121566431.22
142978894256252.66
171866568910178.75
169250965231286.97
120999155280446.83
148826911808568.53
146562885469162.6
144062937189302.78
141556652659929.72
139232493197237.0
137127571500740.66
148254253338148.8
145883621965696.6
130479134759485.34
128329440018208.64
138946019070498.94
136593663950902.42
122065256867715.23
120237927431983.95
118346215453237.2
127990233072615.95
114374390810245.2
112570606630739.19
110686630626197.2
108938885072873.47
96411568134715.1
115861212807350.19
114063063061153.47
152962764791130.0
110323469899510.62
98594803595544.89
97032282971888.78
104848081947295.27
93861106251710.67
92406676610707.62
81813829534280.39
107278309597615.8
105468250896265.33
86367263089797.45
85101595748243.53
92091379813695.02
82238506929436.03
80946777429941.89
87610632822061.34
78388851843074.7
69407326983803.24
75789183115022.28
74444474358120.44
73304073166032.2
79359425280873.12
85263061543757.98
76817012611825.17
75619823881053.84
67553653995869.984
66476824596890.06
65425326099251.44
64342872998158.58
56975091845925.055
56041825545426.8
73458362741011.53
66238436531127.555
59190935147410.5
58277366380895.76
74342340136158.03
56359548800969.87
61022095152432.79
54622036629830.77
53735055530726.67
47535543845611.484
51952613885250.5
51085839585166.625
50151236621876.81
54343762370154.45
58377689238079.76
47802960301748.02
61132453603613.695
50852291886665.18
45486438491374.28
62517664019523.336
43990742610381.89
43235023543761.375
46790679523438.086
46013806239112.39
45333057811967.7
40465093240066.65
39881533855746.945
39229972831279.85
42347375425440.734
37960054430156.02
44731559888015.414
36699282732363.484
36067232972677.59
42574376832579.44
34890959967338.355
30957212503347.03
37194101475573.03
33219725178808.01
32694631872467.902
32128081536318.258
25273552290060.234
37312892706495.125
45854282135156.82
30100070679878.883
32560259209818.38
32029234747208.734
28591219991226.15
28184763384022.58
27687483091853.324
29957617197834.81
32126699363654.71
28983040601224.258
25943944734806.734
28045150026608.074
27582522712533.203
24666610544150.12
31508815132214.504
23895632105854.613
23486684975711.535
25430712032178.934
22751803750525.215
20090603229199.312
21962899320285.164
19441927790203.84
21322502571928.453
25088661612137.08
20534774930101.902
20205246963010.65
21894055008037.805
19553672700808.293
17325047059670.197
17051090515289.719
20488056308354.223
20159412668651.62
21628040879122.562
19471054804371.473
15694214210428.81
15431403274683.889
16850571880332.049
16582167960040.76
21187015354230.234
17660190892522.48
15816752851199.24
18610689810636.406
15291945510750.81
13494803546261.203
16243035866383.154
14515731756779.73
11436667379537.963
14053185978504.957
13816737425764.688
13619647718920.846
12026975083169.436
13144926456784.736
12929645770735.975
12703962578274.06
13760152118347.324
11073188294903.84
13311069325441.656
11888759036482.258
11705096258250.625
11534303140855.424
12439011184918.932
11141208337368.994
10947660308621.104
12917210666593.926
11656112372384.404
8345869165532.073
11290121286891.963
11098572862683.877
9930795598328.49
12687999420845.596
10568663654348.441
10396599210598.602
10193457313881.607
9133500919738.92
13441383739357.596
9721195255676.404
8690751854503.086
8540258623655.546
9238463555329.402
8252413583195.65
8123659392927.423
8794640561745.85
7869412118768.96
