4.540663037118973e+23
1.7159535213539315e+23
1.4044388890996623e+22
1.0722269694798865e+23
2.5046087398194937e+23
3.595437140409447e+23
4.265774768293963e+23
4.6443645792393017e+23
4.836213169252928e+23
4.9475040966246755e+23
5.013632147247466e+23
5.011414752120184e+23
5.0069550625891805e+23
5.0089829012081464e+23
4.981397061520359e+23
4.991013527435939e+23
4.961434228482841e+23
4.9483268142046036e+23
4.926999010488774e+23
4.900528799685929e+23
4.899402953259332e+23
4.8724705802479765e+23
4.8527191095852205e+23
4.8559285210466726e+23
4.842534508947148e+23
4.8258861394618904e+23
4.7974656842469094e+23
4.789472264971538e+23
4.767694470025191e+23
4.744275732259616e+23
4.731830901632306e+23
4.7224936983001194e+23
4.7020646976651725e+23
4.684966533981881e+23
4.673753102897434e+23
4.658861849398542e+23
4.6388376069653554e+23
4.6236483080578736e+23
4.5964881683101137e+23
4.59846596630772e+23
4.5747711072194914e+23
4.557906367919636e+23
4.527417856941017e+23
4.527963079600405e+23
4.5200869790953264e+23
4.491291883501093e+23
4.485130061305675e+23
4.4747554312813255e+23
4.452712751493395e+23
4.436298287713784e+23
4.42109366530857e+23
4.397108985510571e+23
4.3989005399603373e+23
4.364016048496943e+23
4.358280928292469e+23
4.3523141879591594e+23
4.33744598726086e+23
4.3253341893817445e+23
4.3035093430782904e+23
4.2897559718759994e+23
4.259257080100239e+23
4.251181616498656e+23
4.2432482273915674e+23
4.227767424553955e+23
4.214072937916792e+23
4.191331279763445e+23
4.172092943612732e+23
4.164833124124912e+23
4.163464882707371e+23
4.1302219504934035e+23
4.1120791149520485e+23
4.113734542473578e+23
4.090658162722176e+23
4.060166203675092e+23
4.0319460573125374e+23
4.035765608007256e+23
4.021085533924391e+23
4.002438165746281e+23
3.991800303138462e+23
3.986117095363943e+23
3.980377218232362e+23
3.949258856327857e+23
3.933952556716806e+23
3.924121986860191e+23
3.910207800559456e+23
3.898357129830985e+23
3.8673134235345526e+23
3.860212837255808e+23
3.8578203196570155e+23
3.837029026950045e+23
3.8111978797490735e+23
3.806628944150109e+23
3.7902524682333546e+23
3.790533343668365e+23
3.773934432151265e+23
3.750749622609335e+23
3.724919955966741e+23
3.715309721907145e+23
3.69844716122361e+23
3.683615113171319e+23
3.666676317805091e+23
3.669742661165381e+23
3.6566143698881204e+23
3.63971863174908e+23
3.6350419503437804e+23
3.607144281417794e+23
3.5835304223836134e+23
3.569171356437938e+23
3.5521600531177094e+23
3.5550746758360524e+23
3.526619348686207e+23
3.520424957021233e+23
3.505469195087178e+23
3.5053064800326414e+23
3.4881136506851825e+23
3.4730021993120095e+23
3.4465912361770124e+23
3.43394653298349e+23
3.417418187243051e+23
3.416378308903841e+23
3.4055400670748514e+23
3.3792517369577076e+23
3.371458871417992e+23
3.3569769754219796e+23
3.333869121138682e+23
3.3338882445486e+23
3.320064726967363e+23
3.30621408364262e+23
3.30646583486179e+23
3.283116339940486e+23
3.263138546507956e+23
3.25070381520281e+23
3.2389524038101265e+23
3.21468536801874e+23
3.215197902989083e+23
3.2108382918860485e+23
3.193684638225848e+23
3.1736209470746754e+23
3.167279270813388e+23
3.151646636151213e+23
3.11821595168353e+23
3.120547055664529e+23
3.112380305505874e+23
3.0894543051681546e+23
3.0722386116083375e+23
3.060344025154e+23
3.0551291875186026e+23
3.039857509329687e+23
3.023086019874866e+23
3.0221762702321392e+23
3.012350234937399e+23
2.986453529399602e+23
2.9639742031097998e+23
2.96743702227066e+23
2.9475639347147165e+23
2.9507696982604704e+23
2.922693455979759e+23
2.9060541753214994e+23
2.8976135415662556e+23
2.8814443494518505e+23
2.8720031397083947e+23
2.8585302963195178e+23
2.840340139205078e+23
2.843921525477753e+23
2.8234463826498738e+23
2.828160161049729e+23
2.795006901133842e+23
2.7978601820105105e+23
2.7794130297980848e+23
2.759008451339492e+23
2.7452218407572014e+23
2.7373111948282312e+23
2.7140221832499227e+23
2.7009351759074965e+23
2.7031349633676103e+23
2.6844473963407015e+23
2.688516998145731e+23
2.6521808585996968e+23
2.6606497510352275e+23
2.6423296735157875e+23
2.6224515531872606e+23
2.6227708260312188e+23
2.5966123079512093e+23
2.6035423555784396e+23
2.575700017596e+23
2.565880457633099e+23
2.5522746243546007e+23
2.547981107798223e+23
2.539089002254084e+23
2.536159728763203e+23
2.505314339883737e+23
2.4932371071317618e+23
2.4895349188359572e+23
2.4863642129985526e+23
2.4699997208789317e+23
2.440402096497475e+23
2.442582156783846e+23
2.426059316693952e+23
2.416320468273248e+23
2.423015444888428e+23
2.4088674387319144e+23
2.3803738520958594e+23
2.3767109450404296e+23
2.357490892096829e+23
2.357801176037406e+23
2.3326857408892164e+23
2.3255199298214932e+23
2.3257001286942085e+23
2.3062405349159275e+23
2.2906831441445268e+23
2.275807563172338e+23
2.2622956595009428e+23
2.2745513164259052e+23
2.2643086221673895e+23
2.2256503999133602e+23
2.239324464133588e+23
2.21021488921425e+23
2.200642900567115e+23
2.193595952159932e+23
2.1860615932388277e+23
2.1704541365133195e+23
2.1531927792680306e+23
2.1500368959028996e+23
2.1391011750673502e+23
2.1403839649040867e+23
2.13189882854765e+23
2.0939219572886204e+23
2.1173618830830673e+23
2.08972685282835e+23
2.074811918839667e+23
2.0641064135728196e+23
2.0423274673938176e+23
2.0521026851962625e+23
2.0259317034042842e+23
2.0270846333531404e+23
2.0243976619664614e+23
2.0141639481670777e+23
2.0015254655705404e+23
1.9900524793731945e+23
1.9768276984739178e+23
1.975496991744521e+23
1.959140466774116e+23
1.94919442603043e+23
1.9384805848821472e+23
1.9350908366252413e+23
1.909167616144638e+23
1.8987222781987643e+23
1.9116984716576092e+23
1.883650644275797e+23
1.86440643374232e+23
1.8725446831522082e+23
1.8530149049958593e+23
1.8392841094940754e+23
1.8403953347030072e+23
1.8199227715932897e+23
1.8178015564655498e+23
1.7973833447664602e+23
1.8028046710373977e+23
1.780515231989009e+23
1.7734768826423648e+23
1.7499661841871487e+23
1.747274485428236e+23
1.7321826697494383e+23
1.731981198405358e+23
1.7200031827679235e+23
1.7186984632157515e+23
1.7055155967552568e+23
1.6891110408948258e+23
1.7003466592443116e+23
1.674874990772972e+23
1.6549930036819524e+23
1.662471593965921e+23
1.6422894982547326e+23
1.6375160035311934e+23
1.6171414084908074e+23
1.6262112943339242e+23
1.6084678928951448e+23
1.5942503596046338e+23
1.5957323563192628e+23
1.584098794277203e+23
1.5809345750306367e+23
1.559247589541276e+23
1.5521084038952873e+23
1.5513820450515115e+23
1.5383662930994397e+23
1.5309483860057e+23
1.53390582951225e+23
1.5102354115999367e+23
1.5064501023361346e+23
1.496861586885742e+23
1.4722784483623225e+23
1.4719918730590338e+23
1.4655440983237126e+23
1.4476956708305606e+23
1.4459544229960071e+23
1.4333916367612692e+23
1.4303380364768627e+23
1.4308213388634991e+23
1.4147045017984497e+23
1.3931553222355618e+23
1.3985790480806757e+23
1.3738120226586586e+23
1.3703482711119382e+23
1.3868370175452782e+23
1.3561253398350613e+23
1.3538639888717288e+23
1.348666528797706e+23
1.331833441358982e+23
1.3317962177006869e+23
1.3336936468518804e+23
1.308728969701217e+23
1.3062231717943602e+23
1.2897450883368254e+23
1.2924757601210136e+23
1.2749183538284074e+23
1.2762612111288614e+23
1.269998758814519e+23
1.2532978456916713e+23
1.2462852710086443e+23
1.2332734815205571e+23
1.2205815214931946e+23
1.220782644511991e+23
1.2207738209751586e+23
1.2030798345796031e+23
1.2075772255726748e+23
1.1759828254469947e+23
1.1703690329201695e+23
1.178177513284218e+23
1.1715527752310387e+23
1.1711144384719319e+23
1.1323404300788577e+23
1.1452810774702688e+23
1.134012572991879e+23
1.122642090129427e+23
1.1018494428241308e+23
1.1177448041185052e+23
1.1031466688087354e+23
1.0991807525335017e+23
1.1047985180796232e+23
1.0760316769435523e+23
1.0698397805542471e+23
1.0586779079449721e+23
1.0632565839855058e+23
1.0520624620844616e+23
1.0392769728481502e+23
1.0415106822650822e+23
1.032155909968537e+23
1.0231607458801128e+23
1.0175923236010961e+23
1.0185054410919194e+23
9.998409529020386e+22
9.877154141182477e+22
9.9209794995076e+22
9.840744902584991e+22
9.777223600165767e+22
9.680562890621635e+22
9.741695216397274e+22
9.441390647423335e+22
9.403330726972427e+22
9.402458358613982e+22
9.381146860743553e+22
9.239972959510584e+22
9.107604334420938e+22
9.221240764626118e+22
9.05068832083769e+22
8.893386607126643e+22
8.834075375192201e+22
8.82487352895419e+22
8.923379468818772e+22
8.641328812448873e+22
8.541861551096331e+22
8.636256042271096e+22
8.681024989160647e+22
8.468367762655672e+22
8.283435156372065e+22
8.238505737079854e+22
8.176127585465108e+22
8.13459528414838e+22
8.015157960777232e+22
8.088204766954874e+22
7.966744539221101e+22
7.979936764724572e+22
7.869344613056257e+22
7.695257462805293e+22
7.742164032702663e+22
7.67509635316468e+22
7.674848630556114e+22
7.485719225332877e+22
7.399614517029087e+22
7.34417615911264e+22
7.4617332085287385e+22
7.248923306477959e+22
7.356485665015397e+22
7.121409772892851e+22
7.279390003145883e+22
7.010140156695278e+22
6.861898239356806e+22
6.9282439039135915e+22
6.707517099448797e+22
6.697406180515378e+22
6.898968750635516e+22
6.630985147515141e+22
6.630068809246897e+22
6.549059973179598e+22
6.3679217727273525e+22
6.4193294476801124e+22
6.588081144749722e+22
6.327533227386303e+22
6.275209587119643e+22
6.188117805885962e+22
6.093825754010534e+22
6.158804445898235e+22
5.9692895677312666e+22
6.086685993451905e+22
5.87886232561575e+22
6.109684004940291e+22
5.861105269122163e+22
5.824324793177893e+22
5.75015910637564e+22
5.682167678740651e+22
5.55071786186217e+22
5.472096186924856e+22
5.6201505258204104e+22
5.457043316827524e+22
5.4048329632021154e+22
5.472699771309603e+22
5.146513782296478e+22
5.237902349418391e+22
5.28541218704116e+22
5.118857578086637e+22
5.241930590586656e+22
4.989189976318195e+22
4.9836319503174435e+22
5.075038517764118e+22
4.809039580630781e+22
4.929839788246977e+22
4.651697499889636e+22
4.810923313209608e+22
4.680247091601807e+22
4.784575557743537e+22
4.6131248622133374e+22
4.496704294403987e+22
4.639198308000073e+22
4.583743825085898e+22
4.285079745052787e+22
4.494639480176549e+22
4.39424703520462e+22
4.2126009888033e+22
4.145897101598967e+22
4.3165778891806815e+22
4.267998659511864e+22
4.114763078778601e+22
4.118977519162397e+22
4.164839051636078e+22
3.890815028940646e+22
3.967136914339964e+22
3.92800808914656e+22
3.999169058719925e+22
3.845686161757594e+22
3.948426943664127e+22
3.638604782137834e+22
3.7545825669389767e+22
3.6818768767671725e+22
3.356579708324881e+22
3.630242095488672e+22
3.5277930659139367e+22
3.4556516750162234e+22
3.420410960433147e+22
3.331810751280836e+22
3.4523886622749563e+22
3.4110891302086574e+22
3.1093604385900512e+22
3.281857462810396e+22
3.148178091437483e+22
3.4655494892447745e+22
2.9827618165468994e+22
2.9892339079054587e+22
3.141875499032243e+22
3.0929832815038533e+22
2.8211887007128627e+22
2.993819443139331e+22
3.127134424044269e+22
2.713445209509474e+22
2.8367149589444644e+22
2.8898105390570976e+22
2.793677676018354e+22
2.8481441606536517e+22
2.4028739568684423e+22
2.6713481638363494e+22
2.686683226671583e+22
2.534655112015758e+22
2.5055116230560856e+22
2.9122879722517596e+22
2.395693679746135e+22
2.3764357379836848e+22
2.431453064750359e+22
2.5232946552919766e+22
2.2414219729110238e+22
2.54585046959195e+22
2.1360791668306423e+22
2.1883158454032476e+22
2.5578203820925708e+22
2.4016890255017184e+22
1.983003482355947e+22
2.1633122991971284e+22
2.097042256411274e+22
2.260736591419253e+22
2.1726922707168855e+22
1.960400805111179e+22
2.138883125550829e+22
2.006300721095981e+22
1.9919219862066984e+22
1.797583276090574e+22
1.9705519907992347e+22
1.939417965340041e+22
1.916425372244957e+22
1.875925863310823e+22
2.0137144597212373e+22
1.6424973791358762e+22
1.8384937789527333e+22
1.7009650138525393e+22
1.7066867905598205e+22
1.724549496047088e+22
1.6617148403986289e+22
1.6107583918237687e+22
1.5622377353383858e+22
1.5987597697551329e+22
1.5681175611246993e+22
1.7029777662044019e+22
1.666038044472644e+22
1.5052260871133632e+22
1.4367799762359167e+22
1.5127141395305178e+22
1.4304968544223861e+22
1.3754419076454653e+22
1.3444473649119575e+22
1.5373383102445891e+22
1.5151520677511855e+22
1.3899553291907132e+22
1.3780605150934883e+22
1.403253648770171e+22
1.3359041916698775e+22
1.3277622381372567e+22
1.350539454056841e+22
1.1754248836370965e+22
1.1966060546350664e+22
1.142493567883838e+22
1.0632018879439532e+22
1.2162994799679298e+22
1.1966308800683053e+22
1.0680533004825846e+22
1.1006116249481108e+22
1.0348612885432595e+22
1.1830436552324587e+22
1.1585231090912588e+22
1.1401335970167005e+22
1.1939954685641727e+22
9.600712423039547e+21
9.356024708458927e+21
8.6847918680587e+21
1.0772478435444614e+22
1.070120771789822e+22
1.1204141202951333e+22
8.231331900456857e+21
1.0318399444995356e+22
1.0160829640882545e+22
8.840248489987763e+21
8.127359472892778e+21
8.03059800542249e+21
9.63261807784263e+21
9.51724348929863e+21
8.843266575738729e+21
9.761508896856183e+21
4.113942854979006e+21
1.0764498178950704e+22
7.293602956750562e+21
7.21613938179772e+21
7.057216773762465e+21
6.447349139658882e+21
8.588565435041117e+21
7.417637623230856e+21
9.00072500811974e+21
6.65909399163503e+21
9.499820617049775e+21
5.348921152060311e+21
7.616165195901731e+21
7.574251697751944e+21
6.303605590911261e+21
1.094316994986177e+22
5.570885382974986e+21
6.145219423054326e+21
8.380037579815248e+21
7.196151748043985e+21
4.818842020416984e+21
8.275973401304365e+21
7.057212637949477e+21
5.857314163969732e+21
7.081737421278637e+21
7.639804274785961e+21
7.652935727862839e+21
6.428179358250575e+21
6.440915894375985e+21
7.639212118780049e+21
6.471104263749087e+21
7.619745320660734e+21
5.907079878835106e+21
5.897978995417243e+21
7.039191245721409e+21
7.620516534334253e+21
4.130423773142444e+21
8.788637266570522e+21
4.6899963448769663e+21
7.014759263647534e+21
7.106336851001963e+21
6.465874109311983e+21
7.028206110810206e+21
8.723451872544113e+21
5.889073320943042e+21
7.034866565498058e+21
7.050390263956639e+21
6.435763537533372e+21
6.439729513907911e+21
6.452045505939712e+21
7.018106689140025e+21
6.430969911202728e+21
7.05372104614162e+21
7.051340171909171e+21
4.134687827119273e+21
7.029489589150129e+21
7.067051716156921e+21
7.03879137258384e+21
5.252051555592891e+21
9.391026087728037e+21
6.466523082856138e+21
8.213451363639766e+21
7.634658618916964e+21
5.829372623518247e+21
6.409938979177821e+21
7.028397724625724e+21
4.672036907380344e+21
8.185068467401142e+21
7.036600693796909e+21
6.433921649398417e+21
6.454603960920773e+21
8.818179502987759e+21
4.6919300540525906e+21
7.055424537923353e+21
5.246576590768694e+21
5.835390060166675e+21
6.470174981810058e+21
5.854574218926465e+21
7.039176923482945e+21
5.834980934089003e+21
6.372115971871739e+21
6.438203459388523e+21
5.802402673938349e+21
7.001200413908266e+21
7.593006350986042e+21
5.257865359664198e+21
8.8987044346968e+21
7.075898609365112e+21
7.0524239539236e+21
7.029444534187279e+21
7.019581445119786e+21
7.046302778902847e+21
5.263552664647852e+21
6.464827945988387e+21
6.415890270581112e+21
5.825267562221329e+21
8.200178834150074e+21
6.985038314809342e+21
7.630380310871392e+21
6.416900458983759e+21
5.832916732399493e+21
9.893377334644998e+21
5.834261089598734e+21
6.426718402653572e+21
6.414553327938533e+21
6.426889364891941e+21
7.033668573362561e+21
6.389492771009977e+21
8.181261645059845e+21
6.959939113620483e+21
5.81928977231293e+21
6.411354708700478e+21
7.087942233949892e+21
6.465018514718102e+21
7.59862231113407e+21
6.398052964087324e+21
7.567039704941856e+21
5.229079056457633e+21
7.615873812950864e+21
8.82077447384949e+21
7.567856120088148e+21
5.275080607284089e+21
6.440247827812414e+21
9.423735645235088e+21
7.060376039005461e+21
6.512591362493528e+21
5.296729536037185e+21
6.44967117874925e+21
6.380589048993549e+21
6.388489617282725e+21
6.42150131508753e+21
5.800442117987309e+21
7.603155341114304e+21
5.291515140075608e+21
8.780083460006465e+21
5.85247357694771e+21
7.607965322955289e+21
7.015705837880811e+21
6.404769231084913e+21
6.431435971916632e+21
7.058398413686156e+21
7.065995684716466e+21
7.587738958564006e+21
7.617722298155586e+21
6.426679698744762e+21
9.90774328433061e+21
4.659127710133661e+21
5.821377868589135e+21
7.670951377341675e+21
7.08144213671076e+21
7.024601037307734e+21
7.016234463280237e+21
7.006406849405657e+21
