-0.00013345347296518203
-0.00012354787233142324
-0.00011899388269879497
-0.00011798215788215972
-0.00011746407936488349
-0.00011293943747519874
-0.00010847790086140426
-0.00010834176400049518
-0.00010873300119643458
-0.00010795848580668322
-0.00010782561697012101
-0.0001096184543432453
-0.0001100733479968487
-0.00011031234831674598
-0.00011186749246777394
-0.00011188694513223779
-0.00011118067117282548
-0.00011066794059633349
-0.00011013011624947048
-0.00010992753713463361
-0.00011076471161616679
-0.00011149927696141486
-0.0001116009552228766
-0.00011199360899179457
-0.00011142284392218034
-0.0001112657487213325
-0.00011084173266471436
-0.00011058849150476117
-0.00011024727797261081
-0.0001100634179937725
-0.00010970463985219025
-0.00010983682508455016
-0.00010866493427714046
-0.00010726582751466104
-0.00010712565428828104
-0.0001062661944440781
-0.00010632569341956136
-0.00010641383112390311
-0.00010633549838810443
-0.00010628373274812475
-0.0001061118243692013
-0.00010435408442460287
-0.00010295139621191013
-0.00010295160105810143
-0.00010238769979108698
-0.00010039119817800104
-0.00010039268023459814
-9.91397952580323e-05
-9.855654117508003e-05
-9.727246450403562e-05
-9.649704588809982e-05
-9.57000106259679e-05
-9.472271082743716e-05
-9.333447479338456e-05
-9.273745426281283e-05
-9.147717142835833e-05
-8.970469565471061e-05
-8.960360260411667e-05
-8.75350487499068e-05
-8.597026361922662e-05
-8.476398853907505e-05
-8.286079358255777e-05
-8.233587264280336e-05
-8.031371163759524e-05
-7.901956795159584e-05
-7.83001475680906e-05
-7.742000217639052e-05
-7.510479380681107e-05
-7.39662608024306e-05
-7.268915897629295e-05
-7.216028819899433e-05
-7.038789145344008e-05
-6.85346711319513e-05
-6.67498642892147e-05
-6.564082275592508e-05
-6.505346525675402e-05
-6.286900002473535e-05
-6.231164297787473e-05
-6.057804018312779e-05
-5.9335878065142494e-05
-5.753687286274866e-05
-5.63368422332972e-05
-5.514428423619113e-05
-5.524138396140188e-05
-5.3048533747921916e-05
-5.1883322381539844e-05
-5.0298125055493215e-05
-4.8975740971330264e-05
-4.794710761276432e-05
-4.708735465940733e-05
-4.661309503717348e-05
-4.636215750136986e-05
-4.542520367137443e-05
-4.46044326124068e-05
-4.4735900883097204e-05
-4.360748660893968e-05
-4.203425694588357e-05
-4.123861155956267e-05
-3.974505788601863e-05
-3.942486274844179e-05
-3.9734690597889804e-05
-3.954836669995879e-05
-3.8351139161162654e-05
-3.848721859797549e-05
-3.744088658445085e-05
-3.613174625430614e-05
-3.611505895745582e-05
-3.591010788043674e-05
-3.5735127536239676e-05
-3.4878311271313575e-05
-3.390745259821415e-05
-3.34784254776493e-05
-3.2502249031005285e-05
-3.223055038968316e-05
-3.178327001828271e-05
-3.105742110234972e-05
-3.0795380147397873e-05
-2.9663032322647407e-05
-2.8774990697946543e-05
-2.8200494993003442e-05
-2.7754917279638062e-05
-2.6582632255247937e-05
-2.577376387937245e-05
-2.541628018661868e-05
-2.44511268437446e-05
-2.26999797562782e-05
-2.290036290315374e-05
-2.1443145557826098e-05
-2.1540115127348915e-05
-2.116760397956778e-05
-2.0578333491217702e-05
-2.121225776276193e-05
-2.0730923251204122e-05
-2.019503428108202e-05
-1.979941063417265e-05
-1.8976473410685476e-05
-1.857353294886147e-05
-1.846260935193501e-05
-1.7835399949735102e-05
-1.7471374639381583e-05
-1.7628303164831148e-05
-1.754203904755951e-05
-1.7297527665505186e-05
-1.7337363729334006e-05
-1.7434746041544713e-05
-1.6829887821446532e-05
-1.6815762277334354e-05
-1.632641998674864e-05
-1.6079261947127705e-05
-1.5938680511541092e-05
-1.6043800021109817e-05
-1.5914007403457967e-05
-1.5788146601363013e-05
-1.584224018398135e-05
-1.615201760544621e-05
-1.4963500339385624e-05
-1.4402287426771811e-05
-1.3788426860208766e-05
-1.29885040503443e-05
-1.2475044870650611e-05
-1.267786154550357e-05
-1.2938326234199428e-05
-1.2959526303837686e-05
-1.319940998095822e-05
-1.3188862361018367e-05
-1.350762090274097e-05
-1.354143286544758e-05
-1.3475346307901559e-05
-1.2681936039790833e-05
-1.2220674020332249e-05
-1.2688765519459803e-05
-1.2935413388521948e-05
-1.2336563668213784e-05
-1.1967100013302675e-05
-1.2173635374123339e-05
-1.2152734962000978e-05
-1.2356814561196817e-05
-1.2904781229176128e-05
-1.2920935324263365e-05
-1.2485086195878326e-05
-1.3121264349208034e-05
-1.2079434544340565e-05
-1.139944604521868e-05
-1.1426488820758934e-05
-1.096483486505279e-05
-1.0616101112995799e-05
-1.0548031507194257e-05
-1.0169492018646381e-05
-1.0412757672803798e-05
-1.0068796571151604e-05
-9.545127473896943e-06
-1.0097057397965377e-05
-1.0769291293399874e-05
-1.0912992673603675e-05
-1.0737750031134614e-05
-9.84854934638581e-06
-9.189754564431496e-06
-9.056109257261806e-06
-8.577779324416321e-06
-8.261082845050484e-06
-8.334906543985618e-06
-7.924724090676486e-06
-7.609492331539513e-06
-8.095029331273578e-06
-7.673662163982114e-06
-7.596714497664764e-06
-7.594370198113701e-06
-7.345533035382127e-06
-6.9285075439368555e-06
-6.6013658817190355e-06
-6.67233262692417e-06
-6.637348920216587e-06
-6.4861580820154186e-06
-6.821229775456371e-06
-6.671575031829819e-06
-6.209621334654422e-06
-6.192401458695083e-06
-6.219160555841741e-06
-6.318277463343782e-06
-6.2718339414949205e-06
-5.9683460746712695e-06
-6.223455931411501e-06
-6.340293482655677e-06
-6.861294003521414e-06
-6.775334972749428e-06
-6.697647663363918e-06
-6.566042044981329e-06
-5.820323678143233e-06
-5.641570630989288e-06
-6.046702058553749e-06
-5.862744812755129e-06
-5.649207315190534e-06
-5.671468093518902e-06
-5.698255433974107e-06
-5.792960438646752e-06
-5.630177999522017e-06
-5.683154372840923e-06
-5.976708276788346e-06
-5.710567445650948e-06
-5.9625949338974005e-06
-5.966033334586357e-06
-5.423855740306093e-06
-5.782697651459155e-06
-6.261876121873054e-06
-6.03863014615714e-06
-5.726879184154453e-06
-5.203091635709055e-06
-4.774163803981187e-06
-5.514032286905253e-06
-4.751230972033227e-06
-4.298770706484972e-06
-4.255563873392441e-06
-4.241490051544343e-06
-4.122406538114704e-06
-4.106589323363061e-06
-3.916386381556199e-06
-4.056147494898491e-06
-3.986346896803857e-06
-3.6677067188205772e-06
-3.1175093121978886e-06
-3.4169929956708354e-06
-2.758687605819432e-06
-2.9823153174500195e-06
-3.016375740116928e-06
-3.2472950806550218e-06
-3.421102781850585e-06
-3.197201354291442e-06
-3.199328032748711e-06
-3.0148394951258802e-06
-3.363917525908059e-06
-2.827520721928942e-06
-2.4605704276417293e-06
-2.600549333482587e-06
-2.6877507620016473e-06
-2.389759324964521e-06
-2.3271152853200103e-06
-2.274741630641914e-06
-1.9562803625096702e-06
-1.8041081760272321e-06
-2.1239536216363866e-06
-2.114544068158116e-06
-2.2127094902876146e-06
-1.9753951776762664e-06
-2.271367121955756e-06
-1.9918997710332266e-06
-2.2647659044685916e-06
-1.9523826617492327e-06
-2.3512008073549412e-06
-2.552145507741863e-06
-3.0096302907622885e-06
-3.0850711412383065e-06
-2.761130669498995e-06
-2.8783600695393175e-06
-2.827091632822815e-06
-3.24513716805086e-06
-2.8465855078908276e-06
-2.5216436964770903e-06
-2.0239062608267817e-06
-2.009725715022516e-06
-2.166767684194873e-06
-2.389531440572822e-06
-2.1885584164220537e-06
-2.1314849618647713e-06
-1.6039721773407878e-06
-2.0716099645421938e-06
-2.101219070027582e-06
-1.9170806931120192e-06
-1.8803127222082157e-06
-1.9239690223352787e-06
-1.8645371255843202e-06
-1.6802467178842143e-06
-1.6480460859523961e-06
-1.7873796038587057e-06
-1.4106904770345024e-06
-1.6432096957102588e-06
-1.4182289480511547e-06
-1.419542611704226e-06
-1.3918268380691119e-06
-1.2431413307030407e-06
-1.2665989620822633e-06
-1.099910070059615e-06
-1.2691896454970657e-06
-1.5259023773349047e-06
-1.0162982649629926e-06
-8.760254576582856e-07
-9.186978611698858e-07
-7.549406343689323e-07
-7.948429452671217e-07
-5.322454132265893e-07
-4.6036185669716083e-07
-5.285137678338987e-07
-7.218946166176466e-07
-5.293459218172267e-07
-4.457295460724708e-07
-5.601351434646718e-07
-9.89201472433566e-07
-8.829785131708307e-07
-1.1401065954977149e-06
-6.650190130130795e-07
-1.0847096999756245e-06
-1.1697454554520776e-06
-8.377351780207111e-07
-1.0149334282407206e-06
-1.0817184313684545e-06
-1.238681089979274e-06
-1.0653871492230302e-06
-9.575487358513503e-07
-1.3906541845734374e-06
-1.310580469530228e-06
-1.0707066411878959e-06
-1.068623212701753e-06
-1.347552259945727e-06
-9.030603914302796e-07
-1.21103409863001e-06
-1.4433947294142295e-06
-1.2699793544995302e-06
-1.2021202897253367e-06
-1.3861369500143785e-06
-1.5531270841725368e-06
-1.6760207734897938e-06
-1.8126959922973093e-06
-1.5048149687292887e-06
-1.7704388710626517e-06
-1.7464404716240376e-06
-1.3759570982494131e-06
-1.2801032810854779e-06
-1.4908179292223605e-06
-1.490554609517858e-06
-1.212591863664924e-06
-1.5666260476511804e-06
-1.4273348492329554e-06
-1.5988254220316705e-06
-1.4521465905440542e-06
-1.2868028219460169e-06
-1.2625856208195238e-06
-1.5197191907226135e-06
-1.6858154717388411e-06
-1.496948373012576e-06
-1.4677132587446696e-06
-1.4486683312497917e-06
-1.2545193035643584e-06
-1.1737459745885505e-06
-9.468361746747597e-07
-7.139556251226727e-07
-8.628678913807492e-07
-1.1392767366767378e-06
-1.0708771478325965e-06
-9.88154032746444e-07
-8.705923724287109e-07
-9.005523688406706e-07
-9.854812035952749e-07
-1.2506311140196676e-06
-1.0361061308335943e-06
-1.1386870430494757e-06
-1.0579080970693702e-06
-1.3508374422599446e-06
-1.3042016707214106e-06
-1.4480806385108735e-06
-1.452069607064634e-06
-1.568289049968231e-06
-1.812344754188626e-06
-1.848702537734845e-06
-1.635255795498289e-06
-1.6674794009164684e-06
-1.7025353914645027e-06
-1.9241212070343094e-06
-1.660483182884211e-06
-1.6751127514698266e-06
-1.77970636671559e-06
-1.6425453920349425e-06
-1.9589703452556232e-06
-1.6446502653567362e-06
-1.3771175172923204e-06
-1.3925415819707827e-06
-1.399943422396833e-06
-1.2619056983217328e-06
-1.2688236578329593e-06
-1.1180699332796323e-06
-1.033452463161666e-06
-1.0813673690371126e-06
-1.1308399017742396e-06
-1.1725052865166127e-06
-1.182658547804749e-06
-1.1357880470523713e-06
-9.401151242645238e-07
-9.467243864072281e-07
-7.439909250723969e-07
-8.977005283948249e-07
-8.808935236769545e-07
-9.880736202970953e-07
-7.978532844040623e-07
-8.49890919268476e-07
-1.1655827524219393e-06
-1.1325000514261775e-06
-1.049519888650908e-06
-9.78147634738819e-07
-1.2142405501855628e-06
-1.2586243201440083e-06
-1.5115185865747313e-06
-1.6021021792766988e-06
-1.9521214181412896e-06
-1.8247844186939452e-06
-1.8078332721835557e-06
-1.136407799479527e-06
-9.386751073109805e-07
-1.0988369869944737e-06
-1.0104625604211694e-06
-9.913290621345649e-07
-1.1186718290026385e-06
-1.4149788092674078e-06
-1.6408829703952786e-06
-1.5536901733307436e-06
-1.427827837337995e-06
-1.2281257708169646e-06
-1.4580305332856368e-06
-1.476473149663294e-06
-1.9113401671907365e-06
-2.270029370685314e-06
-2.316909512956045e-06
-2.089703693505166e-06
-1.7191390078061466e-06
-1.6023126853234807e-06
-1.558864250210508e-06
-1.5375528531736704e-06
-1.3033904486711925e-06
-1.4045550012899464e-06
-1.4543073330759609e-06
-1.4997221062283363e-06
-1.1372427094941555e-06
-1.0156009448809737e-06
-1.0491806270133217e-06
-1.0928003077354403e-06
-1.1809372390066878e-06
-1.3447087544941146e-06
-1.3193231535087062e-06
-1.4213799134337863e-06
-1.4593523316692042e-06
-1.4833848616455305e-06
-1.6116442094034237e-06
-1.7628078554620375e-06
-2.0863195756576785e-06
-1.7639183449948457e-06
-1.2998891599216642e-06
-1.5390316670723574e-06
-1.779081510623935e-06
-1.5258146871789136e-06
-1.400184394767096e-06
-1.6716189450632486e-06
-1.6954539677709153e-06
-1.599450888534193e-06
-1.4350657168576547e-06
-1.4630927195797155e-06
-1.4573031211721872e-06
-1.3130840565841376e-06
-1.1990593048512193e-06
-1.3790415935615713e-06
-1.827093937068779e-06
-1.7969714760441162e-06
-1.3269113441520649e-06
-1.3818416548999197e-06
-1.5163430204595967e-06
-1.627939328640283e-06
-1.5143905172338307e-06
-1.4875080453818484e-06
-1.280067747827091e-06
-1.4894069426400864e-06
-1.5673936087086287e-06
-1.5738221411363787e-06
-1.6002902174687524e-06
-1.505478938340205e-06
-1.2176495462112004e-06
-1.2910908306086918e-06
-1.3017326610819368e-06
-1.175179040029224e-06
-1.3647535979544045e-06
-1.5359224492455654e-06
-1.2171940030524499e-06
-9.849965329941859e-07
-9.435922816709745e-07
-9.90384760021138e-07
-1.082544892702012e-06
-8.339519424155766e-07
-6.789970388336559e-07
-8.022525207707076e-07
-1.0844962293259204e-06
-8.894091496795926e-07
-8.124766902885592e-07
-8.211509041827342e-07
-9.023495085085205e-07
-8.923195633332608e-07
-7.326860441025928e-07
-8.071921666459485e-07
-6.687803621529244e-07
-1.1194255884779871e-06
-9.718363405506981e-07
-1.138108751337523e-06
-1.0741648539946114e-06
-9.92536863227892e-07
-9.136477318022046e-07
-8.82551766013561e-07
-6.603899875629465e-07
-5.213098220862706e-07
-5.610350998407599e-07
-2.882544471014206e-07
-3.888089963766106e-07
-5.480931214116516e-07
-3.8607795169390067e-07
-6.900747717526639e-07
-8.648319714246519e-07
-9.578213691314047e-07
-8.910577461252755e-07
-4.804871436520513e-07
-4.838111653253481e-07
-6.105147690504964e-07
-1.0197098276876204e-06
-1.0737190669155657e-06
-8.416419483672564e-07
-4.901320979710223e-07
-7.518342744543379e-07
-8.605098444674625e-07
-8.667132104934493e-07
-7.590762773081504e-07
-8.321766603540499e-07
-7.183988530484315e-07
-6.479706170326748e-07
-6.831416158092907e-07
-5.802755507689793e-07
-9.21688137203511e-07
-8.622539046252943e-07
-9.317728470775294e-07
-1.2357466166926874e-06
-8.881542122743177e-07
-9.445349003446888e-07
-9.99695787238754e-07
-1.019044074067866e-06
-9.717439595008797e-07
-1.0576858672860768e-06
-1.4859747544995535e-06
-1.5553591678186563e-06
-1.386766138449065e-06
-1.3955073532437942e-06
-1.474052770880427e-06
-1.4482410436427856e-06
-1.6665754611284893e-06
-1.4636140419427717e-06
-1.426059763896494e-06
-1.3293804648548337e-06
-1.2218524244207612e-06
-1.3285739529377538e-06
-1.241710163832557e-06
-1.3438764286687588e-06
-1.4178638856230044e-06
-1.5037535761691218e-06
-1.5480381919657632e-06
-1.5498078080502008e-06
-1.4287620895349672e-06
-1.7206122475517286e-06
-1.50240588167295e-06
-1.4924725939216353e-06
-1.6592535477964423e-06
