8.356953052374033
6.11346435546875
5.378382877203134
4.560649442672729
4.283219487850483
3.9177198776831994
3.5831546490009014
3.159217744607192
2.935039124122033
2.4039517677747284
2.2586512363873994
1.8482459141657903
1.7418088133518512
1.6412109540059017
1.2870801338782678
1.2622645744910608
1.0571875663904042
0.9596113498394306
0.9086193098471715
0.8175364576853239
0.7419944359705999
0.66490806387021
0.5641596505275139
0.45428233834413384
0.4473901040278948
0.38087688363515415
0.39171236776388607
0.3296942136608637
0.3107105594414931
0.2877800670953897
0.2271778672360457
0.22153474573905652
0.18565273500549107
0.19766337284818292
0.17047752485109063
0.16762514293480377
0.15403773533896759
0.15791691827157942
0.13943904640484386
0.13956744103835753
0.13683292448807222
0.11090814227668139
0.13332686867170895
0.11423164420367148
0.11691623110270415
0.1318833939860969
0.09853925620420621
0.09552590147090646
0.10750059058459906
0.11454483856303761
0.091029900007729
0.09181576014827722
0.10679438335892673
0.10059714620359815
0.10909164482906747
0.09200620301640951
0.0994249027222395
0.10372023795588085
0.08765323939822757
0.09151208237386667
0.1008982916505864
0.09816528536880818
0.08444008663869822
0.09398546984526687
0.08771695265403161
0.09503617192117067
0.08829151177062439
0.09454761628383913
0.0926950035437655
0.09032383593372427
0.09341865182997515
0.08156226744893222
0.08792625956792528
0.10174498388973566
0.100531080014144
0.09606161388801411
0.09507605537700538
0.09188777197582218
0.09752565474840454
0.10771354714121956
0.08308493957066765
0.10913567366615798
0.08886707450549763
0.10702691956673964
0.07183019815800855
0.09993719805318575
0.07649839171208442
0.09326378038654534
0.09235892048051868
0.0842895383382431
0.08119649774251649
0.10098937573627784
0.08786554038166426
0.08800668372199512
0.09245530585489738
0.07304818347956125
0.0708453804684373
0.10028340846407585
0.08794134154360599
0.0693008840093031
0.08815236683809556
0.09993446363637654
0.09969733176179803
0.0861790716719742
0.08723651528931581
0.09285096493191444
0.0772770214252747
0.0934648780617863
0.10126375096241155
0.08916091672950782
0.07236205900732715
0.08836424687984758
0.09265401669455549
0.08479475204725391
0.09825331071691695
0.09080166421302308
0.09205689397282325
0.07821697425097227
0.08827670211948525
0.08114537202950137
0.09171658116930093
0.0811089741388479
0.08705056307729907
0.0719210860498536
0.09638627058324906
0.09048774327652959
0.10226303736249415
0.08879962915626283
0.08818914242303716
0.08882799928542226
0.07926617730946209
0.08592759541307504
0.08501458289818122
0.08086692936575184
0.0790305642124552
0.09011528328992427
0.08133441815152764
0.08294270848497175
0.07587048249104275
0.08334125066176057
0.09023945820159637
0.07987909123946269
0.09470406240300061
0.07239135274162087
0.08783525489270687
0.08291430918213266
0.08634660828213853
0.10292881866737913
0.08093927989069086
0.06744625652925326
0.09494862562009634
0.08282009049390371
0.08261697107854371
0.08088055562335425
0.08215368281369312
0.09302732470499064
0.08072283270661361
0.09150676927417338
0.09159488099842117
0.07656344023184479
0.10146189973188134
0.07553895534231113
0.0836951090560223
0.09458382836757945
0.05205259329925936
0.11034025033720984
0.08486597990044034
0.08283463168101242
0.06007259920096168
0.10333184072246346
0.08872079046872947
0.08435379828398044
0.08402651196632248
0.09587305532634044
0.07569640932712131
0.08373032472848606
0.08983127286997981
0.06745464883535113
0.09237274898287769
0.07632462606192209
0.07823440613440023
0.09321607161993878
0.08602126542693721
0.0821815595890467
0.07763660673293858
0.09264228783028487
0.07330612866924359
0.09865613463066089
0.08049832491848904
0.08036509656992097
0.09327203571223296
0.08630059688137127
0.08106856301892548
0.0867218547142469
0.0868393122111089
0.09106498506779855
0.08392033117572562
0.08839873773663734
0.09051707742137996
0.08715964166017678
0.0872531807050109
0.08790309013342126
0.09260915143845173
0.08638052637509715
0.09011175569075232
0.08483679860185545
0.08488731076224493
0.08574690108294956
0.08830391087999137
0.0817704352994042
0.08752874785031263
0.08382054540471962
0.09676778766756447
0.08013614907574196
0.09632426488858004
0.06954700204884061
0.08896229276433587
0.097998313111468
0.08985280196245116
0.09285704227021108
0.08991213595996109
0.07671531742223753
0.08999561964390942
0.08757456007610577
0.061392772616818546
0.10528840568776314
0.08785023917802251
0.08462862635317903
0.08178184817409671
0.09732582542973642
0.08902288586474381
0.0859063818047826
0.0895286467121108
0.09387018348699293
0.08727387944415499
0.07886964135821192
0.10701152966984619
0.07062774219980034
0.07123110353266104
0.09206562654536146
0.07942039268628623
0.08397728615583709
0.07069616199900898
0.09284851738036826
0.09248607793213943
0.07905822144104885
0.08696929607876182
0.09163500007349425
0.06965986880688713
0.08567372278619306
0.09468457556258027
0.06491639239337439
0.09427500333583269
0.0796688426572543
0.06865254710249316
0.08880684158334938
0.08690056116857495
0.08596794602568619
0.08861968590376469
0.08552799818034355
0.09489984540626979
0.09037016600800249
0.0865171935946609
0.09113664675432329
0.08817573875332108
0.08804449109145655
0.0894289578902177
0.0862494741494839
0.09620111042705293
0.08741493670699688
0.07861893786063705
0.08640422316877028
0.08361844538997572
0.08696863048244267
0.08485339951988023
0.09076379288050633
0.08771087527991488
0.08463149033307743
0.09184174628999944
0.08219432998068021
0.08701506305056123
0.07355811337116533
0.09101981675395598
0.0829774264855167
0.07999862035637936
0.09110173780399446
0.09053042738053661
0.09181534078491566
0.08702101763337851
0.08344271243818534
0.09712768262968613
0.08252617221576376
0.08074504705145955
0.0885893796525824
0.08769752446555336
0.06763340299277423
0.09751343470639907
0.07888995436056015
0.08694360873017173
0.0821000766058345
0.08866599578983508
0.08965934557267106
0.08621984377610856
0.08135437994541672
0.08013947303406894
0.0830442001208072
0.07341023946489889
0.08794954914886217
0.08940575845682851
0.07589758421795872
0.09032385797769306
0.08549141572008151
0.08187634030428644
0.08441482244256454
0.09353134179702745
0.08131020125001669
0.08611254039435433
0.08752808843094569
0.09404022558234058
0.08178386487998068
0.09467015659006742
0.07670682765041979
0.08693766193542755
0.08001378610049589
0.08473236946604
0.09144181712315633
0.0838276449429731
0.08617539257169343
0.08618349615795663
0.08161354588631253
0.08375336619434305
0.08226733958133711
0.0867441907754535
0.08209017259695639
0.08601016436990064
0.0772046189611921
0.08513197643601765
0.09086310288761384
0.08386548749515965
0.07545918878526069
0.08077652907321373
0.08839668453169557
0.09188878482762868
0.09308261354812063
0.06807617882732302
0.08999952720746827
0.08806648497635391
0.09364001681936385
0.08620873907437691
0.09306564109686476
0.08017681577475741
0.07809097251245896
0.09067850993552173
0.09373810367228894
0.07604269069404557
0.08340870110640446
0.09198025005797927
0.08491127924062311
0.07041446767711582
0.0923044576900653
0.0944626952521503
0.09326890200519791
0.08813887008895668
0.05682816061710652
0.10708431775789135
0.07828461689731249
0.08309253765305934
0.09373060714122122
0.07891362491925695
0.0813399313411747
0.0893681731289969
0.07605149702777943
0.09305947541903992
0.09276379941998479
0.07110214580674297
0.10139861875750984
0.07873210438746565
0.07500270600430667
0.09337941192162151
0.0735666442841578
0.08715778504444573
0.09979755347908045
0.07379938065289304
0.08987972502990697
0.08608882516944924
0.0800168886852379
0.07856306698746406
0.09261917808415511
0.08181037223503854
0.08766350912718246
0.08475382091620794
0.07917971420639124
0.08447488283810134
0.08543470931203606
0.08034355086632645
0.08406642568297684
0.08637859791230697
0.08328470221828096
0.08585901885436704
0.08483813952972503
0.07513977951110484
0.08448323713184017
0.0849626222697015
0.08529662271209348
0.07724098928559285
0.08488843593782244
0.08713924854528159
0.07257611954029507
0.08963967079583268
0.09288645086030906
0.08853661561823593
0.08835445557622454
0.0751876712937911
0.08571207912352223
0.08123920674339528
0.0898489014711231
0.07841502589066154
0.0698576314876286
0.09235273406912502
0.07763200284769901
0.07004096337522452
0.08313407850442812
0.10593223531300631
0.08412396509486895
0.08520085900448836
0.0850204144210483
0.0848363860277459
0.06454135362470809
0.09140485969300453
0.0855284073175146
0.07760655152468154
0.08445703249890357
0.09234287575460397
0.09606656792860191
0.07104370262940603
0.08233010689414536
0.08786953497463121
0.09071424926917714
0.08237206843914464
0.0981086571369535
0.07609243847411842
0.09724478088140201
0.07100018590258864
0.09374142432307753
0.0822683390794107
0.09929750491148577
0.07289146151608572
0.09151881386955771
0.07928189935538775
0.09006763956008049
0.08706955671167145
0.0856641910217989
0.09128481055600927
0.08184570914779145
0.0782920064476247
0.08535511886920386
0.0793395907439005
0.08939768604379005
0.08002853284415323
0.07856549945404717
0.08260591151461436
0.08555726712712874
0.08368060098459515
0.0920228224964096
0.0848901196830691
0.08568201404817116
0.07877445647206444
0.08961640699551655
0.07645860446276716
0.0955515776689236
0.08498966092816912
0.08466762072191789
0.0939646169095515
0.0821853245586121
0.08619239382589093
0.08393300348677887
0.08699127901345491
0.0872988932282449
0.08624071786896541
0.09871920672191593
0.06490763901517942
0.09154669333410521
0.0943243398080365
0.058979968516191895
0.10953915592227322
0.10220772932650736
0.08633652033570867
0.07134395231036111
0.08707989741546604
0.092797410068138
0.09165294157484404
0.08478184181104342
0.10468200655080952
0.08271674551786139
0.08242447722989779
0.06843235961054094
0.10059228540899662
0.08237437680542756
0.09948966336132099
0.06559035891237167
0.08701087047274296
0.07586196501405748
0.10630698604867435
0.08275236336944194
0.08236786663675537
0.09689792420652409
0.08156952431387393
0.07197715814870137
0.08823260247277526
0.07625105350564879
0.08778632775199814
0.08306523176232496
0.0870472747563886
0.0903062343901883
0.07970518817623648
0.08380800292988379
0.08451829947567044
0.09019861446890551
0.0875702132542546
0.07539901704742358
0.09133795300731436
0.09369950087812658
0.08577643785482415
0.08149703382805455
0.08908678133828708
0.08436703483256189
0.08452566381400595
0.08558383645274892
0.08344089169986546
0.08103165254713252
0.08112871914879809
0.08779890604335099
0.07948330095118414
0.08218942619815398
0.07694963898796302
0.0758504899415689
0.08183594530161757
0.09673888846658743
0.08516348295232512
0.08121352976214928
0.08396414996285995
0.08140780912497296
0.0895926781750929
0.08009592253410329
0.09071646177550205
0.09157994125629416
0.0779725213159019
0.08689194280081071
0.104740220005624
0.07033006721534409
0.10246437978997934
0.0855970226156597
0.08735035805103297
0.0853111914681414
0.08711023068664452
0.08627538005105005
0.07321387554648727
0.08296392059419304
0.0949476066403664
0.05916032287148902
0.10166018330133879
0.07859723091555329
0.09146477753126349
0.08012220743828669
0.09096305916945521
0.08328937033656984
0.07517157687554853
0.09235816769158611
0.08543766847131057
0.08510025602814635
0.10381289615224187
0.06352004888825692
0.07884984367947954
0.0764587399442322
0.09471140628537307
0.09154016934693433
0.0756166664234255
0.07837582643573673
0.09468156756976476
0.07627625417752334
0.08304601775912138
0.08087664065667644
0.09303483187429196
0.08218026905535505
0.07902551683453986
0.0868274886288698
0.08386939528998202
0.0837855959454408
0.07741070060560909
0.08916916396791259
0.08157689354982442
0.08488163241686729
0.08574309333299215
0.08162915739589012
0.08415752003829066
0.08161214084561484
0.08698328234112034
0.07875620784773044
0.08703633957327558
0.07821150049029921
