3.8654989497019696
2.01080197600218
1.6229875757144048
1.3119220167398453
1.35264306137195
1.0510770613184341
0.9854156576670133
0.932734788954258
0.840648759328402
0.6766652141052943
0.6342063266497392
0.4845994099974632
0.4761798792733596
0.49572685630275654
0.3321090226706404
0.34684292332340894
0.2634302533303316
0.24690455494878383
0.24945597195854555
0.2170173396428044
0.20221882042689965
0.20284907810676556
0.17772003502155154
0.12667599414260342
0.13403311785167227
0.1111448520866151
0.12287881828557987
0.1041351248223621
0.10105328809183378
0.09828368092242341
0.08067813318115301
0.08290116359802106
0.07226746606712157
0.08082857726571652
0.0732609792272202
0.0727418770082295
0.0646897377876135
0.07220053929978838
0.06443850375138796
0.06633600953321617
0.06655820351667129
0.05781767416315583
0.06656170307945174
0.05930246462185795
0.06261702087134696
0.06971035892358766
0.055957798020412716
0.05626002070493996
0.06104296427578307
0.06474680646609228
0.05544123250919466
0.054840323916421484
0.06184033879007284
0.05869770580902696
0.062203861454215185
0.05634297988592432
0.05901503896770569
0.06228725628282588
0.0556765062125543
0.05690015576994763
0.05969963476706583
0.05981832980894698
0.05458089232874604
0.05874907480051311
0.05674605278226619
0.05954064541639617
0.056425885834659524
0.058816750605519004
0.05774165973640405
0.05733249531342433
0.058282599379666726
0.05419209262786003
0.05595294890137246
0.06127344129535441
0.05898041647787278
0.05903080578427762
0.05890426003159239
0.05789978310035972
0.05851641342831919
0.0634215988111324
0.052914701792626424
0.06413474094230108
0.05549738503491076
0.0632736195380298
0.04976222593552218
0.06031377517188398
0.05156071734292289
0.05821665891696914
0.05861936874616031
0.054722812943733656
0.05430916865857748
0.06056264920804936
0.05598823739430652
0.05682487342005166
0.0586830868314092
0.05183666701643513
0.051054669085603493
0.062082257121801376
0.05812946391793398
0.04774105384265288
0.056865786666122194
0.06019097282551229
0.06116130127786444
0.05511169713169623
0.05624643510135894
0.05734461939248901
0.0524864118367147
0.05840793846604916
0.06215071104323635
0.05651217993492117
0.05163719469967943
0.05683342003478454
0.05715607124953889
0.055937397970746344
0.059378264633078985
0.05710399642658348
0.058326951794039746
0.05246589308819519
0.056660944972044
0.05427244717183594
0.058480216627224135
0.05344559452138268
0.05607037817199643
0.049312311500454176
0.05922293203632133
0.05671727492903861
0.060446246047146046
0.05648730637577291
0.056099483309886775
0.05636749169072853
0.053341721112911515
0.05566170231725734
0.05557138013581817
0.05456039192011723
0.05375142070070769
0.057705239604155606
0.05442934755522471
0.05551652695195606
0.05271670812239441
0.055535988824871874
0.05754231775466066
0.05305423691438941
0.058740552364347075
0.05094999642684483
0.05650848115149599
0.05439615268618442
0.05788524649822368
0.06669366342158844
0.05570243801921606
0.04847114753479568
0.059672967831675826
0.054969946671134
0.05446104784496129
0.05394347978827472
0.05465898806802355
0.05840760766743468
0.05411071970414084
0.0569139493844257
0.05769959318523223
0.05106830508806384
0.0626798495471191
0.05099151575794587
0.055546739131498796
0.05934349871956958
0.04298162045709502
0.06487982851954607
0.05556670710659371
0.05494731582271365
0.04579854607940293
0.06250741252890574
0.05679576991913984
0.05486855891604836
0.05514918964427824
0.059066986887214276
0.052047032252169
0.05501372428037799
0.05709771837036197
0.04870978055092005
0.057946178793477326
0.0522996996780141
0.05316433933062049
0.05817855286340301
0.05585674265256295
0.05425506934093741
0.052510075020388916
0.05875876447042594
0.05066585199764142
0.06069616512753642
0.053021402305995044
0.05234643524297728
0.0585504827555269
0.05599526376821674
0.053167889134671825
0.055731533439113544
0.054955478094948024
0.05694695360098894
0.05393373941501173
0.05544363149226858
0.05624824448560293
0.05541452744689125
0.05523887601000472
0.05542897889390588
0.05755972296823389
0.05439573646737979
0.05635018070013477
0.05485113620256575
0.05431053816484144
0.05442716550941651
0.055596114712982224
0.053724957687350416
0.05514899929985404
0.05329490221965198
0.05868795604731601
0.05304036776606853
0.05890305663387363
0.04873648960716449
0.056407448581348246
0.058721906663133545
0.056743596884636927
0.05688220903707238
0.056372275153318274
0.05141866684962924
0.056509278865101244
0.055796496863835136
0.04555731935498233
0.06352834811863992
0.05578332507553009
0.054635090957610655
0.053161340196115466
0.059333551295388205
0.05644859840305379
0.05422899993494726
0.05728398462255987
0.0577957549598068
0.05552898270364564
0.05192774631297932
0.0638371996044253
0.04979980312681829
0.049514543433458756
0.05889953354087014
0.05304842250994765
0.05495722603339415
0.04939235530148905
0.05794541252991901
0.0576129307755484
0.05301811968764433
0.055377876941257946
0.05898959291740679
0.04937343160765102
0.055939053586469244
0.06003705537877977
0.04708500663893154
0.05942178989330737
0.05370056073611172
0.048965513410691455
0.05653302640869067
0.05496502323076129
0.05560609667490308
0.055086885972951465
0.05488784646328825
0.057648703921586275
0.056136109092487736
0.05481419296075518
0.05667909064974922
0.05541707110018111
0.05525535813246209
0.05603632940552555
0.054535073779809935
0.057996034088472904
0.055239048211548764
0.05237892111763358
0.0549487294557576
0.05369910330225069
0.05476394109427929
0.05497619320208637
0.05721341985492752
0.055580680054397535
0.054093140077132444
0.05696714117120092
0.05412612398728155
0.055232502824555225
0.050318083303192485
0.056775581757896224
0.05438768345002944
0.05227144154576728
0.05646230575556938
0.05719776770028357
0.056052407557861166
0.055153850097065936
0.053765442054002334
0.05922236859511871
0.05399559032745086
0.05339079571959491
0.056937806630650394
0.05501078471469765
0.04748110732493492
0.06091599590861453
0.05315628569716444
0.054566959460051016
0.05453886895153958
0.056518179221222035
0.05659662919262281
0.05520711860691126
0.053825094618906194
0.053915469147838076
0.053848498346857156
0.05010370124991124
0.057136314536015004
0.055917082257712115
0.05135559453270756
0.056624458214411366
0.054785429385419075
0.05295033041531077
0.05441934052281655
0.05773716413845809
0.052589036273555115
0.05457084971623352
0.05507702209556905
0.05856900633885884
0.05300403161046024
0.058636427502362774
0.051789822680159255
0.05543006063582232
0.0538376966276421
0.05437746296923321
0.057414131074284135
0.054059282661630556
0.05509627202095894
0.055621936111352764
0.053437297594232054
0.05484954697223237
0.05421264379356916
0.055367713167260475
0.05334948064902654
0.05543322775584574
0.05235589082137897
0.054868586705281185
0.05729762025965521
0.05532343013283725
0.05091892739113134
0.05437584075575264
0.05661591372022835
0.05771305924281478
0.058006367255718665
0.04717641203091122
0.057975439447909595
0.05566585383449609
0.05880735573502114
0.05526004642821275
0.057806681107299834
0.05350118387812892
0.05099492243562753
0.05805459949904336
0.05777913992149899
0.05176649015002812
0.053970944340555715
0.057366835669829294
0.05492387735284865
0.049431952762489136
0.056827162421093536
0.058141259541018654
0.05795435838114757
0.055554859275714706
0.044099094587951325
0.06322773482937079
0.05222408410090094
0.05398781247651921
0.05781701947920598
0.05286609058698209
0.0528002399736299
0.0567043053989227
0.051816338608757805
0.05809210783515412
0.05672497649390537
0.04996280804491387
0.06080374772875355
0.05221706610172987
0.051352185318962885
0.05853492364359016
0.0501640266380631
0.055554370324199014
0.06019217677844258
0.05041701211594045
0.05667867926307596
0.0562817226558064
0.05360052353129364
0.05223940923953285
0.058012034041950336
0.05332097314262333
0.055321058906758064
0.054866883219577944
0.05237454501911998
0.054629657922599176
0.05515463025882267
0.05267098239049889
0.054397691306299886
0.05509504316231379
0.05430983053520322
0.05504608155371478
0.0554697766326941
0.051462269219784786
0.054847840413164636
0.05548928681259545
0.054414083582993884
0.051764541995138504
0.05522134861765573
0.055823359842627096
0.04943072100599798
0.056876698727361286
0.05708039302665454
0.055709538598043416
0.05666664824104653
0.051002836897252844
0.05537023981674932
0.053546306856263146
0.05694365267140361
0.05291052202407557
0.05008875682520179
0.058273729341677745
0.05257790689714826
0.04883009334667944
0.05444511190558282
0.0627540046779009
0.054960759897501425
0.05433733455048731
0.054990935913072185
0.05528143417233458
0.04638224614855762
0.057757645168413335
0.055057580031168
0.05199928828156911
0.05559195101332779
0.05672227094093194
0.058925708737940743
0.04917303594187475
0.054206689397016394
0.05547363825787145
0.056660680594639135
0.05314323836579346
0.05980085198982404
0.05077096835638468
0.0591126200169898
0.04922723501132658
0.05759556359754732
0.05320983101040698
0.06030529877529121
0.048952075864116734
0.0577599997094904
0.05226747667990052
0.05607079423677463
0.05445734697322433
0.05446330305332175
0.057749660667748406
0.05373475404026417
0.05297957159793721
0.05572747307328078
0.052641445548775104
0.05684777463857944
0.05342498829122633
0.05263345622672484
0.05413267825228663
0.055055049154907464
0.054233815947260997
0.05764751908226082
0.05497388989807894
0.05518134032519391
0.05280104568586327
0.056208877089934856
0.051357256264712374
0.05871245784756656
0.05423721029924659
0.054379916094386804
0.05828755304145698
0.053822897299407764
0.05532032371355364
0.05480754161611773
0.05558707834078142
0.055013174732000784
0.05496035341818172
0.061052978343258686
0.046515048535254136
0.05751884770937837
0.05892367549240589
0.044247190116976316
0.0632804410209736
0.06039992761081801
0.05425566086688867
0.04987835577474191
0.055245265887620354
0.056485508246204026
0.05762523218917732
0.054093106735784276
0.06168804042972624
0.0533774530622535
0.053710269799026156
0.048058069930770074
0.059815279376478146
0.05401233380230574
0.06083968278880303
0.04759565156597931
0.05576954441001782
0.05092776661308912
0.06286197429379592
0.05446423315443098
0.05275913730550271
0.05859461984453866
0.054497810621530966
0.05057461986389871
0.056233483287864004
0.051677990154936335
0.05577861361492139
0.05403208931048329
0.055427259407364406
0.05617709077823047
0.05298462332083056
0.05449150549964263
0.05521084132890862
0.055868908035783815
0.05606571147576547
0.05123463958286895
0.05663565770866206
0.058194177210904086
0.05524790923899183
0.05378580803338152
0.05672087788653488
0.054020832296317586
0.05484356549210273
0.05522347715898202
0.05487553585463992
0.054136373303257504
0.05375111512839794
0.05626028185853591
0.053682409438232964
0.054218414189437264
0.05237363192181175
0.05215777894482017
0.0535377288559595
0.059618624618563515
0.05535182574262413
0.053465525741473986
0.05478034459341031
0.05419965812291663
0.0565448282752186
0.05223694899692558
0.05721856769031057
0.05692909144653151
0.05149809036833736
0.05451728712337522
0.06208765321554473
0.04810588160314812
0.0620154909717922
0.05478786880580278
0.05643296975714083
0.053237306061559
0.05668511484892896
0.056059320425041595
0.049939024770775664
0.05560092798864039
0.05835137783119885
0.04468903257869757
0.06178230002092627
0.05331081103963348
0.056381408486945124
0.05343103909936662
0.05622587355498511
0.054103707106640704
0.052880826699905674
0.0574412824657674
0.05503011012378221
0.054620082791034995
0.06337302130861924
0.045671491794144876
0.05368156241467939
0.052317298737426216
0.05877130011526438
0.05751808253116906
0.051506173653671376
0.052738608226466636
0.059131561864454014
0.05155859426953471
0.05402727719181432
0.052594310937162776
0.058423773464388574
0.054270096502911584
0.052387486595230605
0.05553237314407642
0.054756404796185404
0.054276847280561924
0.05213876783919449
0.056172433660294
0.05408177035860717
0.055140155797394425
0.054664679118790305
0.05393190271436022
0.05458944881191621
0.05350621211557434
0.056354636892389794
0.052031004722588335
0.05575287060167354
0.052683792725348705
