4.491587528815637
4.102785946772649
3.7555143062884992
3.2488454561967117
2.930693842814519
2.8667557331231923
2.597847456198472
2.226591288126432
2.094499114843515
1.7273945056475126
1.6245527579234196
1.3637561238729037
1.2657390016775865
1.1455944042939405
0.9550829914899973
0.9155335453840402
0.7938684972432943
0.7128174621325273
0.6592734703650841
0.6006290490810687
0.5398863760324625
0.46217048718379095
0.3865512167031948
0.3277183365363341
0.3134684095015893
0.26984329452881445
0.26894439332760295
0.22566967755556105
0.20976751853640263
0.18960644809099345
0.14660943677792182
0.13874341630591797
0.1134939315979584
0.11694206127968546
0.09732367241253646
0.09498953139051222
0.08945432295664572
0.08582279068202926
0.0751068773186909
0.07333771516434634
0.07038083498885568
0.053194822199069534
0.0668681162991561
0.055032130388113165
0.054401599465367885
0.06227342588021062
0.04268185100786818
0.03936502045074191
0.046556182015830505
0.04989530430354464
0.03568516481945363
0.03707113709802238
0.04504876814406508
0.041992773070859794
0.04698052071840861
0.03575469964685348
0.0404995689199915
0.041522586023291716
0.03206426773148661
0.034697896252440005
0.04128342135451161
0.03842981592393838
0.029941529559437186
0.03531670936096746
0.031049919948698237
0.03557382697785775
0.031943046634730236
0.035805969649495985
0.03502730960384584
0.03306403003830033
0.03520821189740673
0.027440562705473546
0.0320418467588472
0.04053829193200307
0.04161630301126794
0.03709586223659034
0.036234665321759306
0.03405030031930297
0.03906981902770125
0.04435128399457496
0.03022777424014818
0.0450572690854852
0.03342483416468335
0.04380854180870721
0.02212102014141587
0.03967530621291819
0.024987972574308515
0.03509609742949788
0.03378749873775702
0.02961381311313464
0.026933941687457264
0.04047308826478771
0.03192272819175671
0.031226414668120785
0.03381695453202925
0.021255124797328162
0.019832745869643988
0.038242388942923686
0.02985162213075315
0.02159925585667504
0.03132631385949655
0.03978303882759064
0.03857438235472028
0.031105860894492184
0.031027520419313358
0.03554247720346141
0.024826725258921774
0.03509284945634695
0.0391487761024529
0.03268361476545509
0.020758771839050148
0.03156430589554545
0.03553044789990124
0.028889583348511504
0.03890682949075619
0.03372872388527657
0.033760737550801424
0.025780743137539294
0.03164453215610522
0.02690112509836371
0.03326411831479233
0.027689961031473313
0.031005958641449418
0.022634190747227806
0.03718778962770907
0.03379316827855431
0.04183968994587373
0.032333765029817677
0.03211119933626973
0.03248167425850765
0.025945034521058775
0.030287105414362695
0.029463935485826088
0.026326731993601873
0.02529894307640811
0.032429020246043085
0.02692364353973132
0.02744464320399297
0.02317161011115576
0.027822731614847166
0.032714768620028804
0.02684239554218948
0.03598080813401164
0.02145869361791903
0.03134420744171131
0.02853498715155113
0.028478176296294594
0.03625148210437776
0.025252920604096007
0.018991047634671514
0.03529170101615958
0.02786605725637995
0.028171712098320804
0.026952918516830182
0.02751084649308513
0.034634680687808075
0.026626514530597396
0.034606608026660976
0.03390827661451812
0.025507610022591855
0.03879472705974387
0.024560377965323055
0.02816132935751319
0.03525353032522477
0.00908416159486828
0.04547392959312464
0.02931281388893974
0.027900791774468067
0.01428673522862552
0.04083664991283933
0.03193770938803657
0.02949817472567352
0.028889658288636173
0.03681803456006142
0.02366154896601354
0.028728753622048176
0.032745911652455106
0.018757773634570186
0.03443949106686677
0.024037411939710953
0.025083188383051982
0.035049598287934296
0.03017592356683543
0.027937916956412106
0.025137496472766193
0.0338941392669977
0.022650823899759698
0.037970137886273174
0.027487335452595008
0.028028729847909953
0.0347310972185089
0.03031543000610187
0.027911443304485428
0.03100123447142183
0.0318945710045787
0.03412787898112303
0.029995781491701425
0.03296416180808312
0.03427741043180084
0.03175337459677114
0.03202263999264687
0.03248203751595261
0.0350570388406945
0.03199288479786796
0.03376924833282828
0.02999325797964747
0.03058436710843335
0.031327080382302835
0.03271472386460608
0.028052079404901283
0.03238642119193593
0.030532280932395503
0.03808631936374765
0.027102602637695292
0.03742787971412047
0.020816722514036184
0.03256103642589341
0.0392826256978039
0.033115523064043376
0.03598110482025032
0.03354583006316366
0.025302873861689407
0.03349268051936703
0.03178492501655665
0.015842228671177648
0.04176675645419611
0.03207348038514073
0.029999356425832957
0.028626147534613174
0.03799832065303165
0.032580150083567086
0.031683030001854955
0.03225033462871439
0.03608012600407864
0.03175068908872513
0.026947525320932843
0.04318001327203372
0.02083391596813901
0.021722271516381834
0.03317205561101078
0.026377936379195978
0.029025484970770777
0.021309588115232495
0.03490936674553757
0.03487918616049753
0.026045828910831074
0.031596621244142836
0.032650179364002094
0.020291951859298232
0.029739420028188482
0.03465181893373553
0.017835640682964227
0.034857454670306584
0.025972404724989948
0.01969114007364484
0.03227773040998727
0.031939592473029806
0.030365835640651102
0.033536467359786354
0.03064326865446324
0.037254558864963025
0.034236816089385405
0.03170598304613332
0.03446057305420534
0.03276191462735789
0.03279255330741692
0.03339582561121251
0.031717599978527196
0.03820809030171054
0.03217925140024118
0.026242843909690585
0.031457953803384536
0.02992194164902545
0.032207376620051666
0.029879595325641835
0.033552699878614825
0.032132470213736476
0.030540306110364887
0.0348764088376461
0.028070329860425913
0.031784675205842806
0.02324224281563567
0.03424621016825907
0.02859201456258933
0.027729169154414333
0.03464169706709911
0.033334612309073024
0.035765285033266994
0.031869719213304615
0.029680280684708404
0.03790839874687103
0.02853334228118631
0.027357129285183662
0.031654400487716956
0.03268998438277497
0.020155142760799768
0.03659995993388852
0.02573569209153692
0.03237865792829185
0.027563374399995573
0.03215020725396103
0.033064904694373794
0.031014855929578727
0.02753088900891061
0.026226075407332527
0.02919780287047615
0.0233084553360151
0.03081511460387936
0.033490600614683126
0.024543855170934246
0.03370107901506484
0.030707634266134567
0.02892779726535082
0.029996891503329747
0.03579582167037118
0.0287225830636229
0.03154311054027997
0.03245245795727757
0.035472462847470666
0.02878109929510034
0.03603482974263338
0.02491827408890598
0.03150912660460633
0.026177106015025996
0.03035578177883648
0.034028605171121086
0.02976911770350013
0.03107991530918158
0.030562093022924203
0.028176708415580485
0.02890434742618639
0.028055418469011783
0.03137700613739211
0.028741137432650877
0.030577496077435522
0.024849716963944956
0.030264272252455926
0.03356662251126881
0.02854272268819981
0.024541345661362776
0.026401857214155965
0.0317816082697111
0.03417674068343611
0.03507732764701359
0.020901005602298448
0.03202515376027665
0.0324015885967618
0.034834052244863974
0.03095000352567205
0.0352600305825595
0.026676701105987796
0.027097397625486616
0.032624814679058124
0.03596017413521902
0.024277643999980333
0.02943902677798178
0.034614616134562175
0.02998878797919203
0.020984067861886266
0.035478972339142975
0.036323248413883936
0.035316048447902385
0.03258578076313894
0.012730812211968721
0.043857959680295044
0.026061812616311585
0.029106215874736125
0.03591507800335351
0.026048748211290402
0.028541258522398912
0.03266529405955225
0.024236756715869816
0.03496881989099515
0.0360401096717956
0.021140601231644934
0.0405963904188516
0.02651672405728067
0.02365201863531883
0.03484595636635696
0.023404066144632033
0.03160467002039345
0.039606549472619705
0.023383315025757138
0.03320175840232808
0.029807966084738905
0.02641750467703857
0.02632472803010247
0.03460813167934807
0.028490270667064648
0.032343351809630314
0.029887923487694933
0.026806419543348826
0.029846260635755382
0.030281218126989327
0.02767362628633586
0.02967008424076574
0.03128485868398387
0.028976320047289707
0.030814389827159734
0.029369929894948237
0.023679323785192816
0.029637246403413323
0.029474969978372637
0.030884205927857414
0.025478148707546867
0.029669011609019854
0.031317549127820365
0.02314707275050191
0.032764750476389264
0.03580770084377386
0.032829035940365146
0.03168945184890897
0.02418621235545008
0.03034323221968057
0.027694300426026948
0.03290651043733725
0.025505772555222322
0.019769993239046577
0.03408003845565522
0.025055178068578245
0.02121200091474188
0.02869013985618949
0.04317941255912256
0.029164339281403676
0.030864464339818088
0.030030425706914124
0.029555695843345556
0.018160005036490755
0.03364809524288061
0.030471815356017593
0.025608061393722893
0.028865930830271773
0.035621770696441395
0.037141991175639516
0.02187171630620679
0.02812439749944203
0.032397110871478126
0.034054827828031896
0.029230340014999877
0.03830940845744828
0.02532342238477073
0.03813398452475667
0.021774757832575303
0.03614699711458973
0.02905944696271595
0.03899330505384849
0.0239403972044014
0.03375980633203513
0.02701554109628957
0.033998259545590444
0.03261385085061193
0.031202442018100275
0.033536577787107
0.02811218218770451
0.025313893083008365
0.02962912284195996
0.02670005815497671
0.03255218118966485
0.026605861440083783
0.02593413212855991
0.028474951363526856
0.03050382124224248
0.029448344397286955
0.03437684172800241
0.029917533724801614
0.030502080048720997
0.02597486581832457
0.033409029628651644
0.02510248611931904
0.03684013577675124
0.03075349977813088
0.03028879726233964
0.03567824464228649
0.02836377115185874
0.03087338759886244
0.02912688413791609
0.03140566014022065
0.03228720206086739
0.03128197614211016
0.03766799107767069
0.018394676844875973
0.03402960974938021
0.03540196321868839
0.014734317868267401
0.04626049377794306
0.04180932774414452
0.032082260041855847
0.021467268606647848
0.031836327507447165
0.03631350080160281
0.03402914516806889
0.030690197861986235
0.04299542302838885
0.0293406054789487
0.028715406647489335
0.020375669217453554
0.04077883302189338
0.028363840649119364
0.03865130741167097
0.017996088221060254
0.03124284226124963
0.024935827106953815
0.043446527181479795
0.028289617692980055
0.029610009788414642
0.03830479491645327
0.027073281494757302
0.021404111823693922
0.03200071948723724
0.024574568199638564
0.03200893183059704
0.029034433558766837
0.031621317378728864
0.03413031817977193
0.026721930077586036
0.029318033090720955
0.02930867630907764
0.03433069148998654
0.03150544533852483
0.02416536770761013
0.0347033777130911
0.035506157433757415
0.030529207724612206
0.027712026918575598
0.032366987475408955
0.0303470926413026
0.02968291090555095
0.030361180992510457
0.028566259783894148
0.026896170503683748
0.0273783369350265
0.03153943162273768
0.025801560185209384
0.027972131713221854
0.024576980120932252
0.023693848796560463
0.028299290169245348
0.03712125655550223
0.02981257077022187
0.02774888658202074
0.029184465995058417
0.027208672612995054
0.03304841118291593
0.02785926153883338
0.033498283001021124
0.03465139760564153
0.026474817087784267
0.03237534562089982
0.04265343256008167
0.022225144240432062
0.04044978001128094
0.03080963268853688
0.030917871453297826
0.03207449611775071
0.030426135622502234
0.0302171346574771
0.023275692578261863
0.027363483453084952
0.036596980682896595
0.014472150455157344
0.039878750422100824
0.025287179896034875
0.035084202168778014
0.02669188613519789
0.034737833039029144
0.029186346055939793
0.0222913305919904
0.034917807180429986
0.030408420723576385
0.03048110430782589
0.040441110148094594
0.01784944497048855
0.025169224562481617
0.02414244157083046
0.03594112434366252
0.03402305765149112
0.024111550799212778
0.025638704001008032
0.03555155949859629
0.024719045463895712
0.029020136293883506
0.028283803200779053
0.034612504815539485
0.02791183938164837
0.026639494139593666
0.03129654143211575
0.029114319588272618
0.02950997069889966
0.025273262078497703
0.03299797169008973
0.027496467943106277
0.02974289452361588
0.031079917331673923
0.027698803164709646
0.029569621856969135
0.028107357406630538
0.030630366711948926
0.026726705580054282
0.0312849616452765
0.02552936769878635
