1.625239119828128
1.296082767261856
1.1784499384282041
1.0757595730771812
0.9027962328754318
0.8371325626988368
0.7281105755846162
0.6680817376455889
0.6169658262154152
0.5663614193902923
0.5025425185835986
0.4603802325396702
0.4397915276683306
0.4024462398346204
0.36059726615784876
0.31921799947646845
0.30825273608396336
0.2795694629598699
0.2712973126711022
0.2407728298168777
0.22036753373701093
0.20876000702121617
0.19237393685712822
0.18523306847619259
0.1716975871835806
0.16124674936051459
0.1519674036103988
0.1478590360983295
0.14318211728462826
0.13587805884972032
0.12231662756465149
0.12815367546447554
0.11635718554294253
0.11693305711842963
0.11078500023902225
0.10907460523046848
0.10572109045929158
0.10586964164967298
0.10143631469692102
0.10459461778570689
0.10507739297924462
0.10806364232358225
0.10536008374430988
0.10247053280942765
0.10887495001568388
0.0989810886987719
0.10374311277382324
0.09299444405501842
0.095498579482002
0.09342831848298513
0.08820700978033309
0.09453416861486526
0.09681637940402688
0.09014479456465366
0.08340879343773445
0.08609475272917724
0.0846735456671431
0.08676726721964763
0.08945495153346208
0.08783111438343773
0.08721480037253979
0.08857405353832626
0.09118133681579264
0.08352084207658483
0.08515403283179213
0.0900150462035726
0.09014015424131157
0.08782302438202157
0.0938567336112196
0.09278917278101693
0.09607591896927221
0.09100869944090248
0.08996779039991724
0.08556860082992145
0.09186000224659463
0.0947369756045859
0.08968918811830429
0.09123932526949859
0.09266954472126318
0.08726930935299514
0.08411342976864798
0.08362446015876678
0.086946499626132
0.0796367604623109
0.07920755620767873
0.0792326656560322
0.0816916587463988
0.07890588191317738
0.07871084260009463
0.08114010933062403
0.0823175270402299
0.08645379850448354
0.0834487590097546
0.08682766835909844
0.08856511889835682
0.08909849121977514
0.0876030328756993
0.08985314148700559
0.08884291089916203
0.09001839236462772
0.08961631366922052
0.08996056465195351
0.09537370437361067
0.09355042969354067
0.08695031449703561
0.09143714214503255
0.08733381892879027
0.09006189280781314
0.08936542993216504
0.09176342026304513
0.08895225211845487
0.08923431591985584
0.08917376035041626
0.08737416120827032
0.0856711048234253
0.08285758981370726
0.09129299445362013
0.08471118389687704
0.08601135135595797
0.08797966688436498
0.08903496657464877
0.088249466897287
0.08856383414746061
0.085203095218658
0.08756579879385612
0.09160398667018699
0.08916720578623243
0.09098852469125601
0.08694369920888038
0.08321143811661394
0.08921793955770746
0.08916282463597128
0.08839786949644513
0.08654207189457161
0.09572992220001787
0.08725592824335685
0.0958061061131885
0.08940040042288905
0.08805362186839552
0.0919702748685069
0.09343694323827503
0.09397921507721226
0.09510669669120125
0.0915102816058257
0.08913826594508112
0.09414069647790088
0.09202706166324509
0.0938936416707971
0.09150040622230109
0.09601886438174319
0.08763623079982699
0.0922465280509525
0.09377735467641918
0.0856394394652029
0.09157601959327186
0.08930261291244299
0.09532181031022999
0.08797907435827271
0.08884965949806779
0.09404902183053043
0.08781928303211423
0.08871340841977615
0.08588846252952322
0.09336143346044666
0.09772261731470946
0.08561019167217954
0.08364887523194561
0.08607808981994156
0.0869684160108967
0.08929478461381325
0.08925931427363823
0.09105458511555158
0.08851585196178599
0.09060320752935418
0.08852917938650048
0.08773020774313091
0.08758932711542021
0.09073187913255375
0.0912496953157293
0.08917673081213581
0.08856559463212488
0.09235944123608386
0.0911580058710357
0.09064106701388068
0.08926350852152086
0.0888648158639721
0.08704180364501196
0.0870474150763365
0.08979205076219508
0.08866337890240952
0.08686151792452727
0.08868919630641028
0.0811116024496074
0.08418241131724245
0.08856265372320092
0.08464076005415891
0.08196590393951667
0.08782876068165106
0.08250358615475804
0.080283398724531
0.0860826916950514
0.08587574856328281
0.082357974129438
0.08136636866274807
0.08324750059414252
0.09007652295980614
0.08073224413952354
0.08911916993073417
0.08397360177795994
0.08716333299372689
0.08727825244755298
0.08611912019553773
0.08515211386067426
0.09048170572991676
0.08532268703888565
0.0865934657495401
0.0827142644397341
0.08429687603832302
0.08742808598073022
0.08608103296107679
0.08643886361841771
0.08878346081298238
0.08792068843631407
0.09479670941546894
0.09131885623860207
0.08618170129286383
0.09614457643281542
0.08634275807516613
0.0880961673339296
0.09184538758105461
0.08699811074679353
0.09122741767336878
0.08908337243564618
0.09564795527942156
0.08856102481520021
0.09095379909923879
0.09015049608035511
0.090349517371562
0.09071130682144472
0.087712652921624
0.08907885133569952
0.08274204513224363
0.08781001775178791
0.08198074316015114
0.08772790984392018
0.08519777630088259
0.08971027551710771
0.08861801160759566
0.08902697876811808
0.08746392428770058
0.08659174487888747
0.08877751381760332
0.0880184011215833
0.08835983102541493
0.08883148436883205
0.08636303142994455
0.08560950347883227
0.08981337658610088
0.08861577000719419
0.08949998561805177
0.0903109617781061
0.09126615582363984
0.09066112070823282
0.09099657790779075
0.08751143120443676
0.09056133241077195
0.09029217803528732
0.09219608841393896
0.08625964352136685
0.09114669287249956
0.08850334801796707
0.08682467209064909
0.08531751750512251
0.08850480064201308
0.08645359720568435
0.0862183030135831
0.08855348213820803
0.08860119024723843
0.0854774652682632
0.09022688906760096
0.08359355805832018
0.08604138086698133
0.08303180989722925
0.08275080791490268
0.08080058740951492
0.08379356396646546
0.08305293026053687
0.08381115837080795
0.08290263394243585
0.08297057148329108
0.08837202498346218
0.08148420551933924
0.08816965223346673
0.08453102547471385
0.08688618333497748
0.08371147535895807
0.08834379070961347
0.08493953240798349
0.08438159537953133
0.08897734769974376
