-0.0001328376117990546
-0.00012918966217947788
-0.0001236721605847805
-0.00012267118196911862
-0.00012179948664771388
-0.00012036026986616177
-0.00011954518641997307
-0.0001174941714765328
-0.00011645275346014772
-0.00011371192645936037
-0.0001124794288795759
-0.00011138039835330841
-0.00010930787602297981
-0.00010879603475306985
-0.00010760275036607135
-0.00010547276882276042
-0.00010337411676308124
-0.00010132202567484486
-9.860443733928435e-05
-9.692136233147366e-05
-9.197556853018128e-05
-8.957816680312267e-05
-8.732586452732395e-05
-8.60908500887965e-05
-8.451861981629592e-05
-8.255686095914545e-05
-8.02962469007067e-05
-7.636316184110292e-05
-7.375130360505376e-05
-6.922348206742378e-05
-6.812030122528272e-05
-6.384670692942781e-05
-6.27994742985273e-05
-6.196590827988808e-05
-6.0591018648469037e-05
-5.7827188888886446e-05
-5.520238146009096e-05
-5.162269822941079e-05
-5.1690452392749775e-05
-4.851252129975686e-05
-4.624425853723166e-05
-4.441621958938699e-05
-4.321816915744026e-05
-4.139418385652016e-05
-3.973920168810807e-05
-3.835053051018875e-05
-3.7656505914985726e-05
-3.594321118828146e-05
-3.344739761837939e-05
-3.168697978281354e-05
-3.0292868957737204e-05
-2.9708717913150674e-05
-2.8865601712291272e-05
-2.8456956443404643e-05
-2.8455982566235014e-05
-2.7500148712156197e-05
-2.686626488272036e-05
-2.6735930716701263e-05
-2.6554961535473185e-05
-2.557621769338182e-05
-2.4621422984042605e-05
-2.3629059810742246e-05
-2.2405106119433444e-05
-1.9910351803047835e-05
-1.9629627335661996e-05
-1.8858402704533533e-05
-1.8272900327375977e-05
-1.7642700771537568e-05
-1.626221906025564e-05
-1.5624917411292758e-05
-1.616221367815506e-05
-1.4792630164273705e-05
-1.3897123992804225e-05
-1.3548523141323954e-05
-1.2927021623439974e-05
-1.2712272050399316e-05
-1.3466416345474354e-05
-1.2344085315309612e-05
-1.2762367653941553e-05
-1.219764590074322e-05
-1.1340970094483342e-05
-1.08339317836233e-05
-1.0103009065031743e-05
-9.314860079095088e-06
-8.684832387554978e-06
-8.160222819097142e-06
-7.817067292436842e-06
-8.136443377380725e-06
-8.939674909465114e-06
-9.03459751537796e-06
-8.922268265762135e-06
-9.287871439442188e-06
-8.9875993371711e-06
-8.423038372879007e-06
-8.355458143722809e-06
-6.977043466487576e-06
-7.091938915224349e-06
-7.51775312039699e-06
-6.950137400358117e-06
-7.476207355377174e-06
-7.194878102472664e-06
-7.816301008884835e-06
-7.62118950272848e-06
-7.527593404711355e-06
-7.9164575535349e-06
-8.678707340892975e-06
-8.85708985356156e-06
-8.695755520559013e-06
-8.910164189895938e-06
-8.100841292653848e-06
-8.01005033125751e-06
-7.1626562488905846e-06
-7.187107484280337e-06
-7.198686866496858e-06
-7.493759657037822e-06
-7.437286260811372e-06
-7.437815954358803e-06
-6.536661030355624e-06
-7.073286712719535e-06
-8.559233015525997e-06
-8.162249182004326e-06
-7.5705599682995105e-06
-7.959249451162915e-06
-7.900024668523311e-06
-8.223357924841086e-06
-8.49709682186778e-06
-7.829356139759865e-06
-8.279325783722615e-06
-7.809735260350789e-06
-7.814656589613444e-06
-6.9498815262781405e-06
-7.144916242275192e-06
-6.237482591397989e-06
-6.4210562895835e-06
-6.214935111944158e-06
-5.983673709054867e-06
-6.868257061139174e-06
-7.098812933096364e-06
-7.150591183145476e-06
-7.285301064076308e-06
-6.812544127930951e-06
-6.568434490272665e-06
-7.244934224303968e-06
-7.241387772258071e-06
-7.399282882407751e-06
-6.553554688265693e-06
-6.1835956569748925e-06
-6.253942879148092e-06
-6.346420982835778e-06
-6.219828773634593e-06
-5.382086305958897e-06
-5.239077195854158e-06
-5.2167976584179866e-06
-5.446943438865682e-06
-5.886160864554473e-06
-5.517195128087104e-06
-5.402368438543646e-06
-5.297450903436023e-06
-5.450555286252204e-06
-5.507933697076896e-06
-5.166501073389151e-06
-4.866329547525773e-06
-5.084457244076317e-06
-5.101414306428009e-06
-4.569848173290396e-06
-4.0894047109141464e-06
-3.7865549351371677e-06
-3.924140981843815e-06
-3.6395882012342878e-06
-4.1339032924829214e-06
-3.6708539125030367e-06
-3.3333715492490795e-06
-3.0884463588058466e-06
-3.034030599385335e-06
-3.3099962286682543e-06
-3.9360649641108316e-06
-3.740439003379893e-06
-4.0348703187702945e-06
-3.7892001363015625e-06
-3.109982509190088e-06
-3.584769015866665e-06
-3.3675533418440046e-06
-3.763498174658437e-06
-3.613799001858302e-06
-3.831184059976757e-06
-4.219841982619002e-06
-4.0426739285054234e-06
-4.402036867380641e-06
-4.978259217090986e-06
-4.509416706358926e-06
-4.518355364901092e-06
-4.401078433036123e-06
-4.560265570429899e-06
-4.460144948787839e-06
-4.681320718389898e-06
-4.816645480462901e-06
-4.560096572840314e-06
-4.131185505684698e-06
-4.787602785938018e-06
-4.520137960287563e-06
-4.2972785934488556e-06
-4.672881405833607e-06
-4.304167012524813e-06
-4.48287387679049e-06
-3.942985721066573e-06
-3.98173637568641e-06
-3.8280762227855275e-06
-3.971282287568745e-06
-3.7976736109540232e-06
-4.152083228248326e-06
-3.6454660026908547e-06
-3.9324066247606315e-06
-4.299910428932331e-06
-4.525286644931228e-06
-4.076676154555091e-06
-4.01525199506456e-06
-3.943488801149628e-06
-4.341370305361173e-06
-4.528828861380152e-06
-4.936349867335131e-06
-4.3721177716229176e-06
-3.974219690331377e-06
-4.083936277610975e-06
-4.341851069429434e-06
-3.6959883453868266e-06
-4.3561644984206565e-06
-3.776006449484163e-06
-3.977596842203564e-06
-3.864307002113538e-06
-3.2580864753261424e-06
-3.2608985002367834e-06
-3.705524814622236e-06
-2.9889201851658903e-06
-2.4976551055979645e-06
-2.7651075428677607e-06
-2.7665505537824365e-06
-2.968976705198371e-06
-2.620892447725064e-06
-2.4511932796768037e-06
-2.447931840242687e-06
-1.7603562589704629e-06
-2.157524051879377e-06
-1.9209230882113152e-06
-2.6120938114386433e-06
-1.7525849207614971e-06
-1.6416004733298552e-06
-1.5201563608095648e-06
-1.3567453880211034e-06
-2.290863795303707e-06
-2.5708472790325385e-06
-2.635464728578326e-06
-3.085882554222994e-06
-2.9174365368761478e-06
-3.0903103098291753e-06
-2.91088666994323e-06
-2.561629350298045e-06
-2.7423982850111383e-06
-2.980726072613506e-06
-3.166949209883489e-06
-3.3039855527073264e-06
-2.665577808346968e-06
-2.764336951557402e-06
-3.494648900608156e-06
-3.4916830331586935e-06
-4.048879049032377e-06
-4.235336422132751e-06
-3.970735178882023e-06
-4.3161964293880325e-06
-4.593266041496925e-06
-4.340122825934192e-06
-3.877519540618851e-06
-3.940844706653276e-06
-3.6905399044149877e-06
-4.1391579605557985e-06
-4.259092288712716e-06
-4.7177717298853055e-06
-4.7285272812308435e-06
-4.7450266206274954e-06
-4.2428342012069565e-06
-4.375981496191245e-06
-4.074905164808867e-06
-4.353385005659262e-06
-4.342760686384485e-06
-4.258467500989526e-06
-4.375051863964222e-06
-4.135198397838078e-06
-3.874474352280096e-06
-4.136708573136075e-06
-4.091494485232263e-06
-4.600449173154736e-06
-4.285205880630479e-06
-4.2820100178841915e-06
-4.176806602631127e-06
-4.137306781370265e-06
-4.890029642508379e-06
-4.682655344948734e-06
-4.675500312379468e-06
-5.107360642608095e-06
-4.435759686900893e-06
-4.4852693592258634e-06
