0.5641445160188057
0.3405526862948084
0.2965840201255167
0.27161986782857234
0.23080328234386932
0.21470436801831208
0.1901760523779601
0.17421149275319753
0.16309674574075014
0.15109346059439727
0.1388804259666005
0.1297370408544802
0.1250279348991552
0.11703044542490289
0.10741313018403129
0.09968503153098493
0.09801374940627752
0.09065190279820047
0.09084142357374733
0.0835433675692563
0.07875366421626931
0.07839576963974296
0.07406092427776814
0.07236290621523071
0.07078450079583581
0.068546124166181
0.06750509264063576
0.06669004649373775
0.06601129535295422
0.0645447586525391
0.06157096830176756
0.06385247645846724
0.06116956471519647
0.0614482735148078
0.06005431951358462
0.05993848047302477
0.05922133283226336
0.05949030099374196
0.058070816523823676
0.05913827699233836
0.058928915035868085
0.060328972131004355
0.05916837101799554
0.05837432210054724
0.06065994838926475
0.05734269561645686
0.06000733545697074
0.05629309913438494
0.057655201836502225
0.05681376464993218
0.054952529032588585
0.058200394949506455
0.05817299304139892
0.05636998645379654
0.054938559152636714
0.05629053183353719
0.05536925833669906
0.05570572917736201
0.05649971746673658
0.055793112415955956
0.05548098826386025
0.056226520502635324
0.057382651644557865
0.05442460638585133
0.05501870641194636
0.05628825840302345
0.05660368631936438
0.055463710607571874
0.0568456552672351
0.05647253794185246
0.058053902561787045
0.056459819326934904
0.05631896364011969
0.054776349769534105
0.056846637509395705
0.05747102510444534
0.055907596878607496
0.056335294462941436
0.056921601509568334
0.05552171883699609
0.05509318413595297
0.05522836078987796
0.056049803454318294
0.05427896513634553
0.05439256619433676
0.054342023573790844
0.054760958138843796
0.05406402564583177
0.05381180087638493
0.054536769611137716
0.05473857159957666
0.056108072114630224
0.05455565504048205
0.05569446885317212
0.05594581931649254
0.0560667347925683
0.05575213779943328
0.05608652341673163
0.05569115292300538
0.056502532601233994
0.05571887606655582
0.05543645510065225
0.05729328305832209
0.05676993640900339
0.05471961131280152
0.05702294321985865
0.05498839053518637
0.05645920673122399
0.05600750434945669
0.056579278901845005
0.056063029675870554
0.05576012429595707
0.05617676932801222
0.0556928697917884
0.0550902211070144
0.05391509502937025
0.05693688487029238
0.05433532546570532
0.05495750967539267
0.05593873824481763
0.05546322189069842
0.05550014468815087
0.05580042984210535
0.05476943982526004
0.05549863529600332
0.05442750023569112
0.05584881150093534
0.05702616157837445
0.05501807506533998
0.053917655097897546
0.05619422152104977
0.055843562775054804
0.05566498311236501
0.05496374592999779
0.05832361026995935
0.0546427847199632
0.05768800605478605
0.05539450949604479
0.05548714618879522
0.05611860595056537
0.056572964079684006
0.0565581034445519
0.057696160785574345
0.056232014370488664
0.055474187215935264
0.05672908450092045
0.056364089947123684
0.05708120800144399
0.05600083988881878
0.05738682078113149
0.054822513108090574
0.056726821370114776
0.05719510743577071
0.05423371425022801
0.056777900503383355
0.055345430122575416
0.0576653953479296
0.05552613782032725
0.055529121645383706
0.05747832756460969
0.0554507431955675
0.055886770043127226
0.05471955232428075
0.056858778472229754
0.05824033811416044
0.055238443528484
0.05455357613684883
0.05538546945840254
0.05548027217403616
0.056076940378777224
0.056106364126566985
0.056348188973976344
0.0557621836905828
0.056347258054766695
0.05585001383793313
0.0557729781909797
0.05528439322425859
0.05611351838928325
0.05636687080779067
0.05565823897517775
0.05565539538330431
0.05682875029921132
0.05605110938667937
0.055791630304542206
0.055656240897676595
0.05583146218484622
0.05548236803683936
0.05544793884621369
0.056387889411271874
0.05563360874304408
0.055404091562533404
0.05612676794682945
0.05336115960369843
0.054786169232436635
0.05603667462882758
0.054587160142127895
0.05407705939330855
0.05632232071321557
0.05421485571059283
0.053719482108525986
0.05564016582608451
0.05550411926335055
0.05422778067226304
0.05450144782156884
0.05465980833304135
0.05686769095793043
0.05317908060876118
0.05672524845772357
0.05434622317861818
0.05556466886749917
0.055371904023268796
0.05502935807416299
0.05450104058233695
0.05678560770988598
0.05495464463708125
0.05567372838670975
0.054752683469200196
0.05491007894998961
0.05592868661616202
0.05536564897881443
0.055157012041803274
0.055839465768254895
0.05480890383240369
0.057511181016018466
0.056731738598237
0.054517004701355294
0.05795335829585652
0.054507832499762154
0.05558832833976966
0.05669945229536534
0.05488877391069771
0.056713110385200965
0.05514073237273628
0.057781033282136095
0.05489603844132289
0.05614275494227626
0.05551424168352404
0.05618738317636161
0.056379667101612276
0.05514023215557528
0.05570897088614489
0.05396190722336776
0.05611673797008559
0.05406315566402162
0.05569173360188726
0.05503274221404421
0.056539663101759376
0.05549326501646951
0.05610379538368576
0.055405068322617705
0.05490798632258081
0.05593199397292759
0.05552098402556622
0.05575649183699064
0.055726568573802746
0.055125130898596324
0.054923894897366175
0.05608752027890225
0.055402904502110197
0.055901847780345536
0.055799720336511816
0.05601663435324622
0.05593540927449938
0.056080789920650326
0.05471737293727544
0.056030438209783956
0.055540325020774155
0.05643648206774326
0.05471530942915966
0.05588930869733113
0.055844323544276556
0.0550882301819933
0.05489696499176138
0.055508113255525675
0.054941505659817653
0.055158109161354565
0.05544184814436221
0.05564337875931922
0.054579517690570116
0.056207953351591435
0.05415488445627625
0.05530394582386518
0.05468235969677863
0.05457134017754123
0.05405785431692883
0.05492556567311568
0.05478914176862649
0.054425912596092654
0.05421809314769166
0.054170809115852925
0.05562924017423781
0.05372984826907939
0.0560856286794932
0.054585081380036676
0.05525331946145172
0.05414437706431191
0.0558468955890115
0.05494589298026277
0.05441552696964855
0.056129526270501134
