1.061227443269995
0.955659273483744
0.8819895894439133
0.8042623769886801
0.6721147488360204
0.6225485548586377
0.5380540689593836
0.4939877386103797
0.4539855321438681
0.4153816715967609
0.36377457227667326
0.33075457120535473
0.31487290131101814
0.28552459114698614
0.25329173941493494
0.21963844108627217
0.21034235988254749
0.18901888163115635
0.1805544933696702
0.15732638355901188
0.14170584518647972
0.13045381625245056
0.11840033850645319
0.1129562532592716
0.10099760498734546
0.09278318217309262
0.0845426073653516
0.08124535272443116
0.07724457245815944
0.0714025241036702
0.06081377959068551
0.06436504544836885
0.05525042058300991
0.055546749549117834
0.05079127186371659
0.04919395217082331
0.04655495991014905
0.04643096319566443
0.04341718877054927
0.04550485312856917
0.04619472238142921
0.04777908606844565
0.046234930602286936
0.04413760445815876
0.04825474087841635
0.04167674379679174
0.043773433802403165
0.036737287824433466
0.03787682515173249
0.0366462405380104
0.03328477348928238
0.0363634823404293
0.03867225165086599
0.0338032650591441
0.028498690699693706
0.029831720798471534
0.029331153301602943
0.031088274643287145
0.0329817891406039
0.032063578329999703
0.03175843330055204
0.032371161798365224
0.033821089952526376
0.029116146504727124
0.03015495578610186
0.03374564652724986
0.03355474102321481
0.03237695681678469
0.037027340761839625
0.036332260085948746
0.038038178705310746
0.03456367272813032
0.03366272369908162
0.03080579973931215
0.03502629193233723
0.03727866225454559
0.03379505758545595
0.034916375143362266
0.0357607051859116
0.031759787819732314
0.029031586493488686
0.028406933848280014
0.03090679913488711
0.025367110079546475
0.024823674809901476
0.024898802463842195
0.026938517428849455
0.02484999229659973
0.024907981355924605
0.02661237424970606
0.02758787788828287
0.030355014103248604
0.028902091485688893
0.031141622958988136
0.03262765493066187
0.03303873357317849
0.031857987098884384
0.0337741361018972
0.03315870837056419
0.03352333641228322
0.03390463248729625
0.034531926098980675
0.038088043063606115
0.03678802113837806
0.03223861958065111
0.03442287784873235
0.03235428568004306
0.03361138161960564
0.03336683553454517
0.035192242148826186
0.032897232250235546
0.033481354116522234
0.033004178378554384
0.03168849015306166
0.030588376983963928
0.028949932068070287
0.034363547477874415
0.030382395043960533
0.031060915068178502
0.032049487750218424
0.03357990699532007
0.03275689330696658
0.03277136328750849
0.0304415551240459
0.03207538677138165
0.03718498305346771
0.03332622413884449
0.0339706421928334
0.03193343378159922
0.029301597930095187
0.033030668159764
0.03332640656381893
0.032739123859094714
0.03158474718299332
0.03741252683669736
0.032619127324905864
0.038124968436919475
0.034012989404905006
0.03257362590916871
0.035858954008211326
0.03687079171781274
0.03742768020499541
0.03741778079676055
0.03528550854750798
0.033671478124914216
0.03741816519567893
0.035669155086202206
0.03681868735233921
0.03550591262970756
0.03863826365646339
0.03281910011576344
0.035524945787010216
0.03658746373784665
0.03141117208601019
0.034804004692158955
0.03396269984617923
0.037661817074492565
0.03245823366037379
0.03332598831600044
0.03657620218805283
0.03237370617268447
0.03283150476510685
0.03117399461165821
0.036507756340170686
0.03948684909854067
0.030375837784615185
0.029099085790890634
0.030696544436649282
0.03149178336084687
0.03322197792095114
0.03315662051531474
0.03470972971297491
0.032756756696838765
0.034258983871415
0.03268247541594251
0.03196116557074125
0.03230867413819918
0.034622395436111765
0.03488661338821099
0.03352160206550241
0.032913783994836555
0.035534058302575645
0.03511066013647691
0.034853050629155606
0.03361109882054018
0.0330375739921742
0.031563478483360205
0.03160387782889135
0.03340913959281924
0.03303427977764656
0.03146194469891189
0.032566829392966595
0.027755003008057184
0.029400701694994657
0.0325306605921714
0.030058416827473435
0.027893404589711998
0.03151057092064417
0.028293518157082486
0.026568436520810583
0.030446823201548366
0.030376302353054586
0.028134497210635722
0.02686940370498363
0.02859163514735424
0.03321281374154266
0.027556991527326248
0.032397892675752805
0.029631176348792723
0.03160281594515803
0.031909993908813626
0.031093694365383485
0.030655373437737506
0.03370062345463616
0.030372118720132027
0.030923752551068735
0.02796552444094974
0.02939113822511148
0.03150392787256409
0.030720320275605128
0.03128622393804382
0.0329479688999233
0.03311586827017231
0.037289870332769356
0.034590813291311445
0.031669053004856555
0.03819499401842632
0.031838903406404176
0.03251170324562363
0.03514919386207472
0.03211259740732026
0.03451801237550155
0.03394562851156329
0.03786941963724618
0.03366775124516748
0.034813810710420626
0.03463922351086765
0.03416475496124823
0.03433409075873891
0.032574868748662694
0.03337164105997541
0.028782294988194717
0.03169520078426897
0.027920200125528802
0.032037929184748945
0.030166675567166495
0.03317213235957654
0.03312610333093242
0.032925474222223965
0.03206142672941422
0.03168639413271492
0.03284860576976074
0.03250033461481647
0.03260642934674136
0.03310782677418312
0.031240462120146438
0.03068835140070864
0.033728837072078376
0.033216032500171085
0.03360144129546918
0.03451390748353358
0.0352522858934504
0.03472920578889136
0.03491927958170896
0.03279810729056796
0.03453512939678459
0.03475582356093241
0.0357639221754044
0.03154892716613158
0.03526172421684984
0.032662901727781225
0.031740382876253706
0.030424243155073197
0.0330008263828782
0.03151635062265248
0.031064911825403375
0.03311636262178709
0.032962556723995715
0.030902190329255726
0.0340233119186799
0.029442748450198345
0.03074178842960076
0.02835379253514821
0.028183726334050176
0.026747107982015805
0.028872133730633433
0.028267663039228706
0.029389382730684643
0.028688632194972735
0.028804362868088938
0.03274707025152513
0.02775863907463482
0.03208820049496416
0.029950081470301943
0.03163775401294184
0.029571780678923933
0.032501570286037944
0.029998746897052005
0.029970504063468937
0.03285230645701254
