-0.013652226157137192
-0.013553523711743764
-0.013459505213540978
-0.01335511901997961
-0.013253014537622222
-0.013160158274695277
-0.013091514399275184
-0.01300786706560757
-0.012918695260304957
-0.012811608836636878
-0.012692452664487064
-0.01259307466680184
-0.012465696546132676
-0.012409858722821809
-0.012343591230455786
-0.012279519211733713
-0.012123961560428142
-0.011999281571479514
-0.011922567128203809
-0.011882427413365804
-0.011817420084844344
-0.01177409125084523
-0.011710101310745813
-0.011659048625733703
-0.01162647087185178
-0.011577086956822313
-0.011548437230521813
-0.011530639385455288
-0.011525561148300768
-0.011488143727183342
-0.01150772134133149
-0.011522134955157526
-0.011508896551094949
-0.011526536251767538
-0.01155065831844695
-0.011587149792467244
-0.011597008339595049
-0.011602095261332579
-0.011623684506048448
-0.011658084200462326
-0.01170052267552819
-0.01173469637578819
-0.01177146457193885
-0.011797982899588532
-0.01184642082080245
-0.011891541787190364
-0.011922743238392286
-0.01196089354925789
-0.012004626367706805
-0.012068167017423548
-0.012118206958984957
-0.01215232320537325
-0.01219778246304486
-0.012285529228392988
-0.012352341902442276
-0.01241944171488285
-0.012488580620265565
-0.012539535132236778
-0.012572689837543293
-0.012605359268491156
-0.012659326472203247
-0.01272398083237931
-0.01279198242991697
-0.012833297834731638
-0.012861911847721785
-0.01289200528699439
-0.012925653232377954
-0.012946029540034942
-0.012972950827679597
-0.012995635624974966
-0.013025005580857396
-0.013023152685491368
-0.01304829764412716
-0.013072682559140958
-0.013096459384541959
-0.013123156107030808
-0.013145064833224751
-0.013169720768928528
-0.013184886681847275
-0.01319285056379158
-0.01320666610263288
-0.013206058109062724
-0.013219270927947946
-0.013237206684425473
-0.013246082433033735
-0.01325455000041984
-0.013276557691278867
-0.013279157827491872
-0.013275397484540008
-0.013273953821044415
-0.013282365354825743
-0.013290548490476794
-0.013299397594528273
-0.013312513267737813
-0.01331156425003428
-0.013324066251516341
-0.013330409699119628
-0.01333820857689716
-0.01333763385482598
-0.013353644934250041
-0.013376151016564109
-0.013382206769892945
-0.013384515515645035
-0.013395174473407679
-0.013401285620057024
-0.013402102029067465
-0.013396485228440724
-0.013411477973568254
-0.013405094741028734
-0.013402226089965552
-0.013416298263473436
-0.013423377962317318
-0.013412663561757654
-0.013419911262462846
-0.013427748656249605
-0.013406250288244336
-0.01340966359130107
-0.01341177143913228
-0.013413492220570334
-0.013429711543722078
-0.013430420219083316
-0.013414259703131393
-0.013404617240303196
-0.013396376222954132
-0.01338289530831389
-0.013389369944343343
-0.013395842741010711
-0.013407339379773476
-0.013408412400167435
-0.013402457779739052
-0.013405697970301843
-0.013414017009199596
-0.013421534129884094
-0.013426220175460912
-0.013439609386841767
-0.01343836857122369
-0.013434715080074966
-0.013430227918433957
-0.013427092813071796
-0.01342711366014555
-0.01341880084364675
-0.01341019247774966
-0.013402371224947274
-0.013410077657317743
-0.013403305094107055
-0.013405264882021584
-0.01341245127550792
-0.01340772386174649
-0.01342024122714065
-0.013417238794500009
-0.013413117339950986
-0.013412905679433606
-0.013412478464306331
-0.013392267905874177
-0.013393110083416104
-0.013400298499618657
-0.0133997203578474
-0.013381770276464523
-0.013390793441794812
-0.013399899628711864
-0.013405840197810904
-0.013410540885524824
-0.01341336965560913
-0.013419620259082877
-0.01341132246889174
-0.013418127986369655
-0.0134326295228675
-0.013421745522646234
-0.013408542986144311
-0.013401513203280046
-0.013389903586357832
-0.013388887353357859
-0.01337095810158644
-0.01336680811655242
-0.013370285715791397
-0.01336318921239581
-0.013373931698151865
-0.013395488934474998
-0.013382273842580616
-0.013386135586188175
-0.013407606224063784
-0.01342046145000495
-0.013413292003679089
-0.013413208612473682
-0.013419357012026012
-0.013404876299318857
-0.013411515159532428
-0.01341568288335111
-0.013414512103190645
-0.013421329151606187
-0.013416942875483073
-0.01342645044787787
-0.013442222904996016
-0.013431474156095646
-0.013433613150846213
-0.013437380801769904
-0.013433985781739466
-0.013432082807412371
-0.01342433707905002
-0.013419469390646555
-0.013418854377232493
-0.013421232756809332
-0.013426125777186826
-0.013436154279042966
-0.013435590066364966
-0.013417549649602734
-0.013399818335892632
-0.013404064203496092
-0.013402633808436804
-0.01339475974382367
-0.013394326347042806
-0.01339303600252606
-0.013402799825416877
-0.01340463015367277
-0.013414361007744447
-0.013411481532966719
-0.01340400670596864
-0.013404399433056824
-0.013407546703820116
-0.013403122921590693
-0.013398389777285047
-0.013388918637065216
-0.013390880479710177
-0.013407849823124707
-0.01341060854610987
-0.01340896108886227
-0.013402483967365698
-0.013406138858408667
-0.013400096056284384
-0.013402330750250258
-0.013400675251614303
-0.01338991088559851
-0.013386188255390152
-0.013392646075226366
-0.013407167038531042
-0.01340123413829133
-0.013397078652633353
-0.013390902156243101
-0.013388159291935153
-0.013401367430924438
-0.01340047451958526
-0.013386243727291003
-0.01340442153159529
-0.01339598624035716
-0.013387575908564032
-0.013381987632601521
-0.013372929961769841
-0.013374879295588471
-0.013376604844233952
-0.013377823558403178
-0.013373193627921864
-0.01336184904212132
-0.013367221876978874
-0.013374203993589618
-0.013369139915448613
-0.013368443597573786
-0.013382910599466414
-0.013367852728697472
-0.013362601117114537
-0.013375059483223595
-0.013378810553695076
-0.013358556121238508
-0.013357471404015086
-0.013367122964700684
-0.013372645701747388
-0.013375959868426435
-0.013378625223413109
-0.013394597938167862
-0.013377669514738955
-0.013374035342712887
-0.013386919628828764
-0.01341454844805412
-0.01342930514656473
-0.013434103605686688
-0.013429787722998299
-0.013419274508487433
-0.013428707211278378
-0.013426568821887485
-0.013434066157788038
-0.013436321396147833
-0.013436241506133229
-0.013436082185944543
-0.013435883916099556
-0.013446358381770551
-0.013437112988322042
-0.013430283032357692
-0.013434652253636159
-0.013424912362825125
-0.013423989413422533
-0.013419234941829927
-0.01341353456955403
-0.013403307090629823
-0.013408269445062616
-0.013405640682321973
-0.013396184309385717
-0.013385890767676756
-0.01338661425979808
-0.0133991691225674
-0.013404380678548478
-0.013401796336984262
-0.013403138887952082
-0.013401035047718324
-0.013400822333642282
-0.013399852433940396
-0.01340619302354753
-0.013419977703597397
-0.013402817337191664
-0.013404085848014802
-0.013415006449213252
-0.013413862575544045
-0.013408604913274757
-0.013414678146364167
-0.013413420182769187
-0.013413668880821206
-0.01340910559229087
-0.013404640273074619
-0.013402113641495817
-0.01340919100039173
-0.013397808055742644
-0.0134035086754011
-0.01339182463416364
-0.013391791796311735
-0.013400088215712458
-0.013400886533781886
-0.013402531135943719
-0.013405011282884516
-0.013403243361972272
-0.013403497711988167
-0.013389463102794253
-0.013404884820920416
-0.013415262138005346
-0.013411030790302902
-0.013414443959482015
-0.01341566153569147
-0.01341856287617702
-0.013424332041176967
-0.013421492860652506
-0.013416175183374434
-0.01339318523532711
-0.013376128382515163
-0.01338320437935181
-0.01338400981912855
-0.013389085806556978
-0.013402274888358079
-0.01340154719655402
-0.01341185937053524
-0.01340874970483128
-0.013404998372425325
-0.013392188062425703
-0.013383605878334492
-0.01336905510397628
-0.01338900534901768
-0.01340741158928722
-0.013396417975309305
-0.01338571795495227
-0.013374761163140647
-0.013368429223191924
-0.013372955276281573
-0.013369856055942365
-0.013372482848353684
-0.013362518802750856
-0.0133578805194702
-0.01334935248887632
-0.013361177872866392
-0.013367626268882304
-0.013366798925562761
-0.013371120305964723
-0.013366260897601023
-0.013359374858555383
-0.01337163852294907
-0.013380050667910837
-0.01337700551666785
-0.013377938387566245
-0.013380734727252274
-0.013384529468021355
-0.013384886499261483
-0.013379393875948154
-0.013382001186255366
-0.01337808079260867
-0.013375811660080218
-0.013374276415561326
-0.013375148919294588
-0.013381793224834838
-0.013366846964345314
-0.013363012266927399
-0.01336563246732112
-0.013366954028606414
-0.013365750547382049
-0.013384806134854443
-0.013387056594365277
-0.013399289845256134
-0.013397720485227183
-0.013384058049996383
-0.01338223505881615
-0.013390675661503338
-0.01339267467847094
-0.013395360013237222
-0.01339343772851862
-0.013399259501602501
-0.013413172628497705
-0.013409953864174895
-0.013378704493516125
-0.013364855907275342
-0.013370567132369615
-0.01336988921102602
-0.013358687877189367
-0.013367261266103015
-0.01335572697862517
-0.013368090963922441
-0.013372163713211194
-0.013368532582535408
-0.01336269468010869
-0.013374019126058557
-0.013381098891841248
-0.013387287969817408
-0.013395873623085208
-0.013403569682850502
-0.013382470735814422
-0.013379124464699998
-0.013359280733857304
-0.013364297684165648
-0.013386454893043265
-0.013383659123792312
-0.013385259409551509
-0.013396196797839367
-0.013399668541387655
-0.013385392888449133
-0.01338553064269945
-0.013372485584113747
-0.013377263277652674
-0.01337746312492527
-0.013376083609182387
-0.013369738805340602
-0.013352547696558758
-0.013351551661617122
-0.01335427975282073
-0.013357922981958837
-0.01337492929014843
-0.013387713948031888
-0.01340117063082289
-0.0134003026119899
-0.013398007361683995
-0.01339778107649181
-0.013407476371503435
-0.013419702107785269
-0.01342202129017096
-0.013424908163142391
-0.013423171933391131
-0.013423583350959233
-0.013420004505314864
-0.013416611120919696
-0.013417169923195615
-0.013398208055878057
-0.013404500717297197
-0.013420058097108268
-0.01341917323297821
-0.013425071546225808
-0.013425016513792798
-0.013415900216205045
-0.013403250570991076
-0.013400290996651165
-0.013405831629643216
-0.01340875364257954
-0.013403173722326755
-0.013410073614795692
-0.013410717571969145
-0.013399881776422262
-0.013399668058264069
-0.013407087442465127
-0.013404133680160158
-0.013403227145317942
-0.013411584825371392
-0.013411390478722751
-0.013417555767227895
-0.013418201755848713
-0.013408563955454155
-0.01342083838826511
-0.013409884276916273
-0.013420152655453422
-0.013414731452940032
-0.01341437628143467
-0.013406041960115545
-0.013387279238668271
-0.013403180969180539
-0.013400429204921238
-0.013399718323489651
-0.013406144283362665
-0.013392700656550006
-0.013397506548790261
-0.013409437093650922
-0.013419793540379032
-0.013427188314381056
-0.013431337030488067
-0.013440320186782628
-0.01345075830759015
-0.013456318850512617
-0.013467375552863814
-0.013466251123463734
-0.0134589296503691
-0.013442560110706835
-0.01344199628510978
-0.013421267704688943
-0.013433066764264368
-0.013427583037992009
-0.013433372124563903
-0.013431745202979073
-0.013433043638360686
-0.013426643385901115
-0.013413006058544851
-0.01340852286084555
-0.013411804713541642
-0.013411163401906378
-0.013406238835887051
-0.013414294813992455
-0.013418311334680766
-0.013421918018138967
-0.013421835456392727
-0.013433018155046739
-0.013430796127067879
-0.013418618257855997
-0.013414554309565573
-0.013425442922743969
-0.013417408429086208
-0.013420971657615155
-0.01342070467362646
-0.013421739512705245
-0.013411705428734422
-0.013403842155821622
-0.013402914511971176
-0.01340079408546444
-0.013396027270937338
-0.013401792090735398
-0.013411057036137208
-0.013410410910728388
-0.013424841588130221
-0.01342509501555469
-0.013429693214129656
-0.013432918180478736
-0.013443074977840298
-0.013455366098787636
-0.013442097627557815
-0.013460590399336069
-0.013453335929079912
-0.013451307223294861
-0.01345246946439147
-0.013459316242369823
-0.013444569657440297
-0.013443387029110455
-0.013435838386067189
-0.013440525406622328
-0.01345312710327562
-0.013437356779468246
-0.013441410564701073
-0.013437998178415001
-0.013442057344946079
-0.01343440054624807
-0.013445326220244169
-0.01344006854633335
-0.013439630693756043
-0.013428086912608706
-0.013437058101408184
-0.013445859515923076
-0.013445172080537304
-0.013433101697592065
-0.013437288891873322
-0.01342662144161295
-0.013427802349906415
-0.01343533152830787
-0.013450468651717529
-0.013443203413044103
-0.013452792217140085
-0.01345488493097946
-0.013463408124516718
-0.01346242887666449
-0.013450204287073575
-0.013437310003791936
-0.013436022037058137
-0.01343538039654959
-0.013436741847544908
-0.013432537912740372
-0.01342086610093247
-0.01340496986231301
-0.013415426856954581
-0.013433174806414172
-0.013420202877023257
-0.013419039887958206
-0.013421907406882382
-0.0134207858965965
-0.013423872555722482
-0.01341974621755071
-0.013429354477557354
-0.013441537882317788
-0.013434093477553689
-0.01343966279819142
-0.013441797671839594
-0.013442008581478149
-0.013450064283097163
-0.013447313697542995
-0.013446283660596237
-0.013448132589110174
