1.075563717028126
0.31341995345428586
0.19222375380340964
0.1362066862406209
0.09886490260250866
0.07651659660041332
0.06585112012689934
0.059020654798951
0.04424955153954215
0.03351427155430429
0.025814047291351016
0.019707102181564552
0.01919832701969426
0.019582453653856646
0.014934395761520136
0.018198881365242413
0.016429746838548455
0.013942771824076772
0.01065268494639895
0.01197801451344276
0.010392327930458124
0.010470965645072283
0.008478201895013627
0.007248100104698096
0.008327195762467455
0.009463518385746283
0.007809957805875456
0.008054044763412094
0.006800576046589413
0.006621182104208856
0.005509420026282896
0.007586297159286914
0.00557837869728246
0.005144920999373426
0.00569346619740827
0.00560146991701913
0.0049239551846767425
0.0053136020487727365
0.005138052899565082
0.008850116499525029
0.005162500034566619
0.005300283697215491
0.004958898366749054
0.004922985471785069
0.005369169794357731
0.004935538020799868
0.004688373109638632
0.004912689506818424
0.004519489347876516
0.004688662083935924
0.004516989458716125
0.004444235664414009
0.004906307343298976
0.00507107618777809
0.004657439460788737
0.004223334496782627
0.004580211531720124
0.004683693501465314
0.004468603967870877
0.004914972673395824
0.004937719035478949
0.004235324976707489
0.004674564497327083
0.0045280385291334825
0.004726768601722142
0.004736961779053672
0.004422313656505139
0.004066676634010946
0.004531520330783678
0.0048562876435426
0.004131088767280744
0.0040457053394675315
0.0039036080070218304
0.004145246561711247
0.004031215372833685
0.004101239475858165
0.004177980257281888
0.0042258430526999295
0.004157808325544465
0.004330599982677086
0.00401566572199954
0.003747297635072755
0.0036380967047989544
0.0038060120372392704
0.003945054734867881
0.0039029339061926295
0.003930340612532746
0.00391009365366699
0.0038148230129991132
0.003707656154529104
0.004063118558133283
0.0038666405390358704
0.003759180882389046
0.0037279280421898876
0.003782094126654556
0.004180697905485431
0.003654417784036923
0.0039038077401528427
0.003535264757920231
0.003877991856643348
0.003578202089283877
0.003792708930268418
0.004477252520064212
0.00406515383747319
0.003854851516734925
0.0038074418810538193
0.0036657036734141003
0.003915950590089779
0.003624971854060277
0.004504303002613596
0.003685460957876785
0.004103823121113237
0.003729927358472196
0.003679750383071223
0.004548425226948894
0.00390670494330152
0.004216657140023017
0.004118855654451181
0.0039210005317727335
0.003654136456862034
0.003972677512501832
0.0036322483020740036
0.003665456679664203
0.0037782447484460135
0.004316416954134183
0.003742432700619247
0.0039127175049543435
0.0037303866400179688
0.004491427347147692
0.003884582661521563
0.0038591449302657565
0.0039493730123467685
0.0038491131507726096
0.004835137501140707
0.004174079228505434
0.0037089253073645523
0.0038132455902996298
0.004561062916855008
0.0038975339171884115
0.005096007673819259
0.0038594440661654517
0.00381094737267631
0.003914529586927529
0.0037154361959437663
0.004178657575630495
0.003876090700214263
0.0037169424771491323
0.0036817743123719994
0.004206998887639202
0.003613012446930952
0.0035467556632283958
0.00464840301519871
0.0035963887517027615
0.0037508229931518143
0.003781034508665471
0.003665190420451836
0.0035755973572122457
0.0038585450485697946
0.0036900286191666964
0.003459820872922137
0.004117626684455899
0.0038981814948783724
0.003719762144419292
0.003421044667493334
0.0038300815614093152
0.003863572132831905
0.0035125841734043204
0.0038286670025627243
0.0034544856155662275
0.004878496241872199
0.0034695114143687535
0.0035067540213731263
0.004085803296857193
0.003855601858685986
0.003648170336327894
0.0040471076835729035
0.003679977214051178
0.0037100997517882208
0.0034948833452290275
0.00343859472600343
0.0034267465573975643
0.004270939794514561
0.0032884815017041546
0.003988990602374542
0.0035959876017841452
0.004126237706896063
0.004485741649659758
0.003738854148195969
0.0040579943945886045
0.0034373035660792083
0.003997628553861432
0.0034834858519388946
0.0038083184380411695
0.0036844840909907362
0.003316589084033694
0.003187253004489321
0.0035935432914811828
0.0034805153330125906
0.003464649152556376
0.0033045972566469574
0.004058992719910748
0.0032366177047151723
0.0033445264658439554
0.0036492799633379034
0.0032440444036637927
0.0032213918379511595
0.0032454703372422956
0.003252839659944584
0.0032767647137916358
0.004005895310001506
0.0033778792984776374
0.003432904148576199
0.0032124252059929858
0.0038670679794449827
0.003342166304219063
0.003365537828722154
0.003344839732562832
0.003392146927808426
0.003391760623298978
0.0032580946376583597
0.0030951229496622547
0.003440398559541791
0.003237303852711193
0.003105382352032393
0.003141799763079689
0.0034323091241276415
0.0032286787117300265
0.003187702079958399
0.003316190781151818
0.002971176203845971
0.003220661715113238
0.003164339576915154
0.003318087830075456
0.003082368057494023
0.0031805939660443983
0.0031429555212071137
0.0032165293187972565
0.0031790241257112937
0.003221241992559953
0.003106387972184166
0.0033897906710990354
0.00317855588632483
0.0031434276875188516
0.0031841669119785365
0.0031776354393969084
0.0031518260844222825
0.0031564535032430284
0.003026564593119474
0.0029973511541811606
0.0030482241223580785
0.0035932799092734057
0.0031528721543509163
0.003022646173621979
0.002910816690473439
0.003080372989506941
0.0030488194764984656
0.002956001295206079
0.0029920892969130366
0.003036836673709331
0.0030742512216420438
0.003047887834100038
0.003051384353375397
0.0029874602549625705
0.002971520835535557
0.0030172542206855723
0.0029348022496833437
0.003107510677546088
0.00307064348280619
0.004958434702075465
0.0031444977928003935
0.0030110364389202005
0.0029520540390421957
0.003041656671985038
0.003055851972021628
0.002999784506710057
0.003011505050562846
0.0029627113426158756
0.003043270670241327
0.0030736159112620953
0.0030304369492114348
0.0032604974832338486
0.0030172229062372935
0.002997759356867391
0.00297115138796471
0.002894226372382036
0.0029022284883467365
0.0030317543739784014
0.0029638495479957783
0.0028560137157455758
0.002944869238854153
0.0029612156371513266
0.003081402000998423
0.003039195690416818
0.002931474576735127
0.0029631449038333814
0.002973829496477265
0.0028768559309810373
0.0029643854290497982
0.0029807430003984336
0.0029850494457605236
0.0029182931813465985
0.0029136886425931152
0.002921560670984036
0.0029249703308778406
0.002958065803613863
0.0029554670931702274
0.0028968465672733145
0.002995529426652865
0.0029488164845133725
0.0029346738385811477
0.0029437789678468107
0.002900904027001161
0.002896921746514636
0.003006133242024589
0.002945655885787346
0.0029607951863908966
0.003012671049145865
0.002899152686450179
0.0029729022817264195
0.0030187455266514006
0.0029272062654399633
0.0028595095267519356
0.002916476902919385
0.0029524841884267516
0.0029191071902459954
0.0028866018029930275
0.002905494660853947
0.0029766738490252464
0.002970435012321104
0.0028464840301239747
0.0029873165881781462
0.002853590044969678
0.00302434573127357
0.0028453653733322426
0.003030737570952624
0.0028156390701042254
0.00288606789640653
0.0029194981565979104
0.004692320192316401
0.0028039304966114287
0.0028639247250794144
0.0028421544943967093
0.0029065299030662573
0.0027830638609430023
0.002881656158842816
0.0029126249370619917
0.0028668578388078457
0.0029368834780143516
0.0029263540405281676
0.0028671747560110815
0.0028393130215590644
0.002864959739576989
0.002855458254225596
0.002886326654061122
0.0028064989211543435
0.002941238019229786
0.0028452928604110637
0.002926021862276684
0.0028357695618069557
0.0028981765787648326
0.002854188509445521
0.002924213378082641
0.0028864766897640946
0.0028838022985837597
0.0028599190492514027
0.0028777139148132846
0.002808258620552806
0.002951923664750211
0.0028179012817872717
0.002831104017468533
0.0029442187972108513
0.002812606881479951
0.0029850632719899293
0.0028194672559038736
0.0029880335327561623
0.00277588766007284
0.0029956131507788085
0.0027721791552721697
0.0028708735863347103
0.002710522949928418
0.0028822098349792213
0.0027228676662616634
0.0028614687254503225
0.002795052114242935
0.002753178082366503
0.002883757952167798
0.002802757643394216
0.0028595083451136817
0.002796267320650259
0.002790931040067335
0.0027988601882952937
0.0028388439932768962
0.002776716628477516
0.002758229021810621
0.0027583261645304446
0.002960772637197806
0.002691858834214145
0.0028106367602049433
0.0027945111830376844
0.002750174856464582
0.0028102859147111302
0.0041424852004638526
0.002782328083912944
0.002752461909562953
0.0036060641239146207
0.002752355251868721
0.0026696182602336193
0.0027391632755552563
0.0027435514084572787
0.0027576684534778907
0.002782185995602049
0.0029120514573151013
0.002732447871085242
0.002762291784802073
0.002733611919916257
0.0026910841365406666
0.0028231716687969312
0.0027019225282174375
0.0027265459590580577
0.003854490654566689
0.0028195012509513616
0.0028252077404431475
0.0026411169297716696
0.0028037024246259533
0.002671855736844009
0.0026797390877618455
0.003703217510246759
0.002738004078673839
0.0027383129249301417
0.0026995308026698693
0.0027243975937835787
0.0027847459724398504
0.002723752916790545
0.0040238072338524946
0.002766505901990968
0.0027173972269338266
0.002666702131364218
0.002742249904440541
0.002785386850382565
0.002680456238090301
0.002879444382233487
0.002764393925122022
0.00276151612247304
0.0027285939455850895
0.0027193187798729922
0.002738917624583337
0.0027310333448667735
0.0027234279338699706
0.002768628065723533
0.0026912201033155725
0.002807225261722124
0.002668877793462343
0.0027455441528672964
0.0027030963148263255
0.0027108587921702565
0.0027557537462143955
0.0027365428018583772
0.002676945996449831
0.0027486832525028147
0.002693638757182271
0.002695427788739835
0.002727114026356503
0.002723178254791492
0.00268583598681289
0.0026952636497298956
0.002731503075301589
0.0027437246361841972
0.0026902838799287565
0.002695576417409029
0.0027862181007549227
0.0026794280513513513
0.0027082193743353856
0.0026942686263282667
0.0026689609829190887
0.0027569666290219175
0.002772154572812724
0.0027667478658258914
0.0026579604675589508
0.0027142147941958683
0.0027526227395810567
0.00276047000206745
0.0027155789886819546
0.0027867503607012624
0.0026708923985552246
0.002717214248377786
0.002744779069416836
0.002735769841046931
0.003559809634407429
0.002617664385752505
0.0027042611535762263
0.0026133243170534115
0.0027249339603258706
0.002710454475482038
0.0026566630935121794
0.0026575736556196717
0.002636997564286503
0.002604165291427307
0.002713319008216786
0.0026024490528925525
0.002677809158490163
0.0026640820334705496
0.0026480026337594607
0.0026556464875284293
0.002657517722900593
0.002651645179821571
0.0026412904771859758
0.0026722388371126725
0.0026365659939983745
0.0026433110261223193
0.0026907671398930686
0.0026139338286611745
0.002623195564956404
0.002646093794146509
0.0026320253311496343
0.0026810054571342334
0.002656964721109034
0.002587704333086549
0.002670476828052415
0.002618074121346581
0.002628848823314911
0.0025932113271210254
0.0026178441406500496
0.003716711002834927
0.0025775529165912303
0.002616547064940278
0.0025845820844779153
0.0026255691109099643
0.002631986992764723
0.002581866488480955
0.002570825764109941
0.002662334672959332
0.002590045450915568
0.0026102237580516883
0.002625007313918104
0.0026183863120422756
0.002649254630978248
0.002609322179341689
0.0026655563709255146
0.002649682241917617
0.0025512129629532863
0.002679796964139314
0.0025833000063585133
0.002636940668548959
0.0026387722098206723
0.0026286974979029764
0.002661954936502298
0.0035318108940828098
0.0025811145781517554
0.0025977349356026023
0.0026227513965295657
0.0026003728853766007
0.002616840534801668
0.0026637113225206122
0.0025566421447820176
0.0026498539809836075
0.002605957170999318
0.0026257850043748475
0.002621436484287187
0.0026227375259168183
0.0026136306291618893
0.002648352874302873
0.002601004363827997
0.0026390483471459445
0.002627202165331255
0.002631014508779117
0.0026112026783721375
0.0035324668337580077
0.0025976569315389495
0.0026269618456353783
0.0025942440831613566
0.002647509380130941
0.0026340035567727683
0.002615316472815721
0.002614422880242273
0.0026556876629001635
0.0026649456910945446
0.002596962055372387
0.0025992342931203893
0.0026854518465370346
0.0025847607100331514
0.0026367426604792855
0.002671544717713914
0.00260176267049701
0.0026698022300479353
0.0026083581127750223
0.002664423662781701
0.0026221428626058696
0.0026084369425007025
0.0026144547974581655
0.002657807866353323
0.00253112984839845
0.002680298733048403
0.0026287057291938254
0.002635596354639347
0.0025878421182596867
0.0026272997378555376
0.0026255892731569474
0.002623025670277457
0.0025546846227371134
0.0025524503305405233
