1.0605808726977557
0.29835613903123887
0.17730748660396783
0.12117131217382848
0.08398321614367887
0.06166112899081781
0.05126139307103585
0.0442817149712937
0.02994913607253693
0.019066420491435566
0.01154091270873323
0.005429986517992802
0.005036787891003769
0.005723805449088104
0.0010192595611442812
0.004295226918475237
0.0026973556785378607
0.0004970402209437452
-0.0028367028848151677
-0.0010488385014468804
-0.0026961722323903814
-0.0027430632238974796
-0.004578150768065825
-0.005723184227827005
-0.004483732905646321
-0.0032872613752260803
-0.004942281352123245
-0.00461871901206905
-0.005824804739677347
-0.006021043090731837
-0.006965378085442353
-0.004943334600829985
-0.007010800286661833
-0.007340462646970991
-0.006777094030985609
-0.0069679090156569146
-0.00753194105491275
-0.007135942242166493
-0.007352939753036481
-0.0036464047952904366
-0.007255857407290023
-0.0072782340634148564
-0.007633090490708127
-0.007624453655444086
-0.007291733405145351
-0.007653623804799281
-0.008024197115446441
-0.0077757975304848514
-0.008096216872218065
-0.007982353096303995
-0.008279522976954468
-0.008409778238274157
-0.008041350021085237
-0.007892485795309767
-0.008487340350984595
-0.00886932629509829
-0.00849631283635972
-0.00855403596360702
-0.008917899684456642
-0.008487037323357071
-0.008447739992698189
-0.009227156826818827
-0.008791976030624937
-0.008933092388906516
-0.00891979112784611
-0.008816830461728386
-0.009210286044981331
-0.009624150983290747
-0.009243365148722659
-0.008924879763799253
-0.009575688725453802
-0.00973091199703049
-0.009818200244626495
-0.009637839591596276
-0.009770397335523739
-0.009693462995346635
-0.009662681234476622
-0.009619783378730063
-0.009725203254492953
-0.009512618981534614
-0.009816890691581648
-0.010064720401715022
-0.010360500946990214
-0.010172684487770312
-0.009890561857901048
-0.00996994285233086
-0.009962589699716773
-0.01003775725257583
-0.010227661288809031
-0.010155311231210362
-0.009910990495700388
-0.010034828557400033
-0.010161369005800225
-0.010124094971979502
-0.01013540923158871
-0.009738633547385689
-0.010374317516107113
-0.01007789845316438
-0.010446784645318985
-0.010149281028134283
-0.010297255906334613
-0.010206671139167156
-0.00952363292890368
-0.009835633331385906
-0.010195269781979733
-0.010239004017785191
-0.01031754509313032
-0.01026238383492455
-0.01050128026836319
-0.00953206276462879
-0.010400895909697283
-0.010033826540166046
-0.010336495547380763
-0.010394186625489965
-0.009495361568406224
-0.010110396657546516
-0.009827702591428534
-0.00989630518888589
-0.00995440840779338
-0.010293523498694413
-0.010230354753730353
-0.01063947433285648
-0.010380494406854268
-0.010246141962124967
-0.009655833938450088
-0.010206934507004916
-0.009975591886905022
-0.010267439743620344
-0.009563181280100252
-0.010242001943697687
-0.010073683877999428
-0.010031514959700871
-0.0101783040779992
-0.009215226712694858
-0.009864653380645905
-0.01028110185143305
-0.010222077653452288
-0.009468397979799193
-0.010101398795086425
-0.008865497414080891
-0.010119340420351364
-0.010126511909766123
-0.010159379594551866
-0.010226659523323179
-0.009777808134094812
-0.010232873073255178
-0.01039308606996201
-0.01028592309448868
-0.009820795644191093
-0.010395273445465137
-0.010482428772957065
-0.00942634229286341
-0.010425049749028404
-0.010264740779530258
-0.010197832624544389
-0.01027042497153161
-0.010468730401771608
-0.010095510695828125
-0.010358309307775926
-0.01054936789732892
-0.009833973304193933
-0.010106175862892997
-0.010288080708414781
-0.01054872713139048
-0.010216655780095608
-0.010183482806314714
-0.010541726231167559
-0.010105994356854353
-0.010586900860653259
-0.009155154546897392
-0.010519816740998066
-0.010458148147154133
-0.009834108258655761
-0.010150932004034986
-0.010360116796800867
-0.009852881176630034
-0.010338396549923346
-0.01021576494385954
-0.01050700177293038
-0.010628587201063055
-0.010483716346789152
-0.009751871498883702
-0.010722647157672327
-0.010003900922311005
-0.010458934777125251
-0.009913981994031928
-0.009458587851258925
-0.010242855911201332
-0.010000230741570703
-0.010463151578733232
-0.009991499059833587
-0.010628541032201611
-0.010222023508686107
-0.010389648654381745
-0.010667221366020385
-0.010857232559646945
-0.010457670957839582
-0.010530415817629545
-0.010501387917611283
-0.010857063574076165
-0.0099500980853918
-0.010735057813872118
-0.010742974924505688
-0.010305967305612285
-0.010733448948303703
-0.010820246541697998
-0.010569551319349557
-0.010741418878023979
-0.010713547354680487
-0.009903999826929067
-0.010554487272747793
-0.01053666108782636
-0.010708649885782507
-0.010071028163656593
-0.010713652797858231
-0.010534123667457606
-0.010686765910941176
-0.010571429425908718
-0.010666577021765988
-0.010739613132318481
-0.010953878115105908
-0.010516020731301978
-0.01074910603056196
-0.010778007181943394
-0.01073131138109602
-0.010460115756723098
-0.010737600027641746
-0.010808774227916729
-0.010659987603139598
-0.011049935496703255
-0.010788662757840939
-0.01084254001325462
-0.010610947196255438
-0.01094696751970332
-0.010698152969416697
-0.010829787523834965
-0.010724930906144436
-0.010858254677441437
-0.010843706878949888
-0.010857139057770837
-0.010585734849155416
-0.010763560987834353
-0.0108553994767135
-0.010755755587888416
-0.010752127460727933
-0.010855085085495375
-0.01077120291593019
-0.010870121080370155
-0.010899464816611725
-0.010931906389305367
-0.010242879170982632
-0.010768468504829798
-0.010858476006251293
-0.011036504662479274
-0.010819712102238555
-0.010848872986389323
-0.01096358071663417
-0.010946683767542709
-0.010875092874630354
-0.010815408962662332
-0.010898194753099232
-0.0108444878278533
-0.010926319917780347
-0.010928202244394924
-0.010952996929700021
-0.010903773918107618
-0.01077888560394058
-0.010817123895685654
-0.00928929241199512
-0.010802972999226768
-0.010908536778879352
-0.01095426907413639
-0.010903145874908659
-0.010884910900495015
-0.010884791301214137
-0.010962589774862863
-0.011043507415161002
-0.011025635623082054
-0.01077559567784192
-0.010896793910069391
-0.010781754592608194
-0.010955281923816073
-0.010939099609095138
-0.010963411784905475
-0.011185541303711943
-0.011047917119867634
-0.010897067504993174
-0.010968473146203906
-0.011019444902194664
-0.010928996172151529
-0.011006448164698668
-0.01085348845081171
-0.010892564660753123
-0.011099013379134704
-0.011043220752617345
-0.010874908047844656
-0.011065907809825148
-0.011024925805395469
-0.010977733589243144
-0.010921229381347075
-0.010913851158693432
-0.011028940758842509
-0.011028699368762319
-0.011068229406373576
-0.010960751076345332
-0.01101261100557167
-0.011151685913500842
-0.010935381868330296
-0.010988459375221282
-0.011001426608709152
-0.01096983463066863
-0.010951468856364954
-0.011110313702374697
-0.010958226927323267
-0.01085537156322971
-0.011101976256759372
-0.010907974673318676
-0.011077864488470368
-0.010882617621973623
-0.010875409001891967
-0.01096864956052741
-0.011007795255864039
-0.01084954278630903
-0.010884972754865885
-0.01092565018334426
-0.010995755248586647
-0.010963944465038367
-0.010989493387751282
-0.010919653277960606
-0.011034790112171322
-0.010932906497328077
-0.011112340714316816
-0.01088492289854912
-0.011091311454947572
-0.010852333645743784
-0.011098400915216189
-0.011086067416181322
-0.011035972682293504
-0.009355221145960968
-0.011094259834499099
-0.011022442425019107
-0.011050611941027456
-0.01097977476165397
-0.011169983168656472
-0.010944116217433474
-0.010993644033442251
-0.011091997675248422
-0.010972873462014832
-0.010989717599295545
-0.010959930869285017
-0.011122997409256642
-0.010980222701618914
-0.010994627296167892
-0.011024486702808645
-0.01107810484827496
-0.01101381537882844
-0.010920795022684615
-0.010965624207165093
-0.010983279792708345
-0.010954339693125804
-0.011036564206006006
-0.010896079290250781
-0.011028747879026923
-0.010942136615631171
-0.010941556553007104
-0.010987079642654862
-0.011123583833978046
-0.010987476630543825
-0.01107474279415328
-0.010986282955855131
-0.010980498847493437
-0.010988256800919772
-0.0109536375690368
-0.010970192460808903
-0.010847496977658012
-0.01104881634528283
-0.010987532901344821
-0.011140827558119782
-0.010986926873738413
-0.011121979090967215
-0.011091869667870924
-0.011195332508941646
-0.011132394857122562
-0.011131465007201769
-0.011171783247846179
-0.010964229420642369
-0.011123205047624651
-0.011068381533550564
-0.011147218906262423
-0.011182936976547353
-0.011103061308676842
-0.011055373026465531
-0.011152895851409994
-0.011190283842734062
-0.011104090845037717
-0.010949068014451769
-0.011243350349832325
-0.011128013911365997
-0.011030504075461068
-0.011077670184022281
-0.011107084820105228
-0.009949168216553516
-0.011060323841229546
-0.011073649962781928
-0.010406682430766524
-0.011139078382984734
-0.011226165205880535
-0.01118473818351049
-0.011108491430059075
-0.01124940997979138
-0.011258362446096726
-0.010937041476427111
-0.011109867792401928
-0.011078448299667799
-0.011072926397901028
-0.011217765772016719
-0.011166852343012578
-0.011251547253050376
-0.011100194024038501
-0.010062114869651851
-0.011026120455062483
-0.011025414543109947
-0.01121630312409252
-0.011064801206521225
-0.01125387497304473
-0.011243225994985551
-0.010326680874277372
-0.011178544760332443
-0.011164238139463123
-0.011236152664059773
-0.011027349534560926
-0.011010703686042688
-0.01113934441964375
-0.01007696177402977
-0.011118813756911549
-0.011109661747468635
-0.011121488855860662
-0.011145154183031991
-0.011106549596297555
-0.011097286320000422
-0.011008489095547701
-0.011169664144108537
-0.011069259326905011
-0.011193690347135998
-0.011221772024873644
-0.011151787752169184
-0.01132494419143768
-0.01120523108402267
-0.011157944881415461
-0.011340743605978787
-0.011004521866561845
-0.011305759091919753
-0.011225020237907302
-0.011146224857657216
-0.011137209371372591
-0.011094888136722148
-0.011181799368932844
-0.011257263725565281
-0.011114331707358361
-0.011277985647029708
-0.011065591652004514
-0.011090596586291213
-0.011226136522600428
-0.011306274311209563
-0.011215152587101328
-0.011141410046548117
-0.011067576227651444
-0.011136202582565601
-0.01126234755065525
-0.010970855568302795
-0.011230312890256755
-0.011164564252248965
-0.011159420998592396
-0.011296119165490382
-0.011156058905180543
-0.011120784578088206
-0.011137335638341028
-0.011260503929224796
-0.011154595055268146
-0.01104455045569921
-0.011045661919342819
-0.011116216910886578
-0.011086015701584984
-0.011259223709930665
-0.011136466370953713
-0.011073097116604914
-0.011209753654839005
-0.010425495626986959
-0.011326926962647121
-0.011097864340990781
-0.01129508753947448
-0.01117072961787926
-0.011244981831987388
-0.011288699808937963
-0.01122035883454373
-0.011259015406540129
-0.011397090437822045
-0.011264255628339015
-0.011366562203329522
-0.011200274706061464
-0.011281643543043174
-0.011199131356261206
-0.011382717320520897
-0.011191458099347074
-0.011261827326961793
-0.011256465550104622
-0.011258645654015709
-0.011289180131279863
-0.011267398843483534
-0.011193880514474586
-0.01131626989954384
-0.01117229847004637
-0.011218573500809726
-0.011284885896020568
-0.011189759524131659
-0.011189703912532423
-0.011205881454225164
-0.011159197485540062
-0.011202280518773478
-0.01126114723738283
-0.011241698788944631
-0.011273841850925236
-0.010316750239871908
-0.01141533818881726
-0.011239717011631001
-0.011330602430098225
-0.011162838600284886
-0.011243963678134605
-0.011320357069780584
-0.011345345865993294
-0.011227560852421447
-0.01125502619688632
-0.011199281949666328
-0.011186665337299928
-0.01123470819729846
-0.01122853326232871
-0.011270936075015925
-0.01125827130599646
-0.011236904482939281
-0.011446422940935008
-0.011186383418680635
-0.011345123921637423
-0.011333715915679932
-0.011292329055140726
-0.01120599050045712
-0.011273870005970821
-0.010531587431614753
-0.011303859982581344
-0.011322320820181631
-0.011255852731119375
-0.011349378984596115
-0.011307763672084548
-0.011352670751512051
-0.011298066773451864
-0.011219710425939411
-0.011395397516025696
-0.011257365802885033
-0.011161760899994988
-0.011198473507829477
-0.011265527526848017
-0.011254880907654297
-0.011334480668301694
-0.011392677469120826
-0.011299985267396551
-0.011187679020804354
-0.011270924634300173
-0.010414880226016976
-0.011212249870004598
-0.011276950160390698
-0.011363410571357235
-0.011231694818707182
-0.011239778877643403
-0.0113859190401854
-0.011276015150360762
-0.011189910415851045
-0.011319994278892409
-0.011316324704966973
-0.01134981234499719
-0.011196742864558473
-0.011305005058238749
-0.011231557004794012
-0.011209963832516222
-0.01136921828147024
-0.011214950610883534
-0.011242503618996124
-0.011179214908042922
-0.011223666799196508
-0.011284902834449894
-0.011200543810264207
-0.011276356357848271
-0.0113096075510839
-0.011228488794586156
-0.011248922314553055
-0.011280986353813204
-0.011209605574549641
-0.011263373539259191
-0.01128831803362118
-0.0112432226393139
-0.011296385941386688
-0.01129057651560288
