-0.0013306159978057827
-0.0015102892507616815
-0.00145676213491589
-0.001680254872444334
-0.0016286715498972683
-0.0016953092886504927
-0.0014982126067956368
-0.0017310727605541142
-0.0013817202440204567
-0.0016362422581027672
-0.0015806820493985975
-0.001684041048696619
-0.0016958425214250645
-0.001448789502989095
-0.0015715449906498146
-0.0016241352273186627
-0.0016084296446719833
-0.0014464501165824062
-0.0015668206668410817
-0.0011444255733155148
-0.0012710801158045265
-0.001439937605970873
-0.0013462513771267677
-0.0013122357261108066
-0.0011844577528814597
-0.0011736927980103176
-0.0012038019233576557
-0.0011421243915167953
-0.0010998196446107861
-0.0011540814601727362
-0.0009670767856448769
-0.0010074968177010701
-0.001080282446018059
-0.0009588474030422289
-0.0009199019100547245
-0.0009822291553729643
-0.0008588879081989964
-0.0008474490204824034
-0.0008673081346930025
-0.0008384371139142333
-0.0007178347707537784
-0.0008438213997811305
-0.000820524290283911
-0.0007494562209939438
-0.0008144823975386537
-0.0006976200427926682
-0.0007898269594782823
-0.0007275934914629356
-0.0006110798770318537
-0.0006028481771490381
-0.0006783054686774048
-0.0007016906860676013
-0.000749874886030295
-0.0006780327458713487
-0.0007924378994039298
-0.0006732190652498325
-0.0005879437277114694
-0.0006981943433181526
-0.0008138138154889993
-0.0007966507069812667
-0.0007261325465876004
-0.0007385009589978217
-0.0006745581091157839
-0.0006278330852013015
-0.0007846478662656573
-0.000661786979603629
-0.0007069464696246207
-0.0007447980675469687
-0.0008019346351799128
-0.0007855317688295081
-0.0006817719365046805
-0.0007534646645105489
-0.0006735106118937906
-0.0007104035797718532
-0.0007051533244129597
-0.0006715463531185697
-0.0006955966561025771
-0.0006759056651075839
-0.0006981248985809014
-0.0006503683956130036
-0.0006258903089893248
-0.0006059599602757454
-0.0007793267336412959
-0.0007414898097016731
-0.0005895341540154454
-0.0006183267723105356
-0.0006163726050176632
-0.0006686930910914928
-0.000767086837333273
-0.0005890135858802982
-0.0006917437075649082
-0.0006109206263406719
-0.0006211522613954357
-0.0005395097563063583
-0.0006059391022504024
-0.0005952652169669538
-0.0006983255988137916
-0.0006434976295871447
-0.0006444155414048247
-0.0006736279475738627
-0.0004993069978925857
-0.0006171732968798416
-0.000616369962025573
-0.0005056126943078065
-0.0006488356915886936
-0.0006443438979026744
-0.00058676355060896
-0.0007668564540896955
-0.0007211573965408967
-0.000634139664125561
-0.0006700586158902656
-0.0007142716667834254
-0.0006537593452518642
-0.0006540257421704332
-0.0006160381289357808
-0.0006108513263168656
-0.000634696117682132
-0.0006033893774616314
-0.0004619167075705623
-0.0005179484412796813
-0.0007726120612468739
-0.0008574629186152552
-0.0006413338204262741
-0.0006280105103464786
-0.0005893555953844415
-0.000559997259830719
-0.0004924666682712831
-0.0005904870269429492
-0.00064619619304511
-0.0007241268209333101
-0.0005271308433474252
-0.0005668709913130232
-0.0006058831209710208
-0.0006241440327951385
-0.0005991232132967229
-0.0005516585519042786
-0.0006006081892684361
-0.0005992329689840182
-0.0005718399184260093
-0.0005343914597108569
-0.0005599836533011562
-0.0005272668220297032
-0.0006715379414587212
-0.0005320180583740598
-0.0005531605785867907
-0.0007036988870407896
-0.0006975772521609386
-0.0005599735454411062
-0.0006075533290480861
-0.0005910471038375386
-0.0006160670911113407
-0.0006618396318353403
-0.000608960025205792
-0.0006232958669168676
-0.0005857570624174657
-0.000535316912901708
-0.0006446074249882208
-0.0005722854750230662
-0.0006575444521723448
-0.0006092891602628249
-0.0005457597871128567
-0.0005938164874406633
-0.000594473196382815
-0.0005501515377437071
-0.000635414846145109
-0.0006289269759387816
-0.0006216808735581329
-0.0005129158538036312
-0.000632843476768144
-0.0006321375842922736
-0.0005994245882174918
-0.0005760148121445867
-0.0005489534483968967
-0.0006397257299044611
-0.0006380013856864125
-0.0005367996455084983
-0.0006444420669814571
-0.0005303757741998399
-0.0006196112630511702
-0.0006810463489703266
-0.0005028566815795027
-0.0006023498717951132
-0.0005978366801671832
-0.000579682890993608
-0.0006355653656798733
-0.0006353433963645582
-0.0005328143134427698
-0.0005660272033368708
-0.0006437130333035196
-0.0004791260150854219
-0.0005721847299150644
-0.0006855764327783232
-0.0005881190644699295
-0.0006426586184244208
-0.000550197325907903
-0.000607104759348908
-0.0006172284657408863
-0.0005788483670267103
-0.0005416999925588875
-0.0007421913994241983
-0.0005902364409765195
-0.0005504427569924242
-0.0006613756190419686
-0.0005190930015245216
-0.0005419033058905356
-0.0006240887374894657
-0.00041520329723111933
-0.0005901943261155867
-0.0005876782589413904
-0.0005151353836989336
-0.0005380402208310531
-0.0005765292126917807
-0.0005182752850923309
-0.0005334659921400354
-0.0006414581015651691
-0.00048817993798504764
-0.0006275989183162814
-0.0005591769303484505
-0.0006507909561655576
-0.000594584831210765
-0.0006506112786301144
-0.0005675006606601994
-0.0005955293857783813
-0.00047553968251339007
-0.000462502583393018
-0.00048346379139335845
-0.000563794791125154
-0.0005903374365243466
-0.0005760823022833469
-0.0006187809629863029
-0.0006086492076319089
-0.0006169687212899822
-0.0005428467710361468
-0.0006366895012834842
-0.00047157989248690845
-0.0005715089076339692
-0.0005443815937858267
-0.0006463766653101513
-0.0006767895656023482
-0.0005621595919513285
-0.000575051023535042
-0.0005558731670902539
-0.0005944056241014878
-0.0005439362494644065
-0.0005421870082923059
-0.000624923503434468
-0.0005547264580776003
-0.0005218063803099709
-0.0005202111424197243
-0.0006023069666956288
-0.00046296543254987707
-0.0005594916258926597
-0.0005139003097905575
-0.000573117371919388
-0.0005309451892850127
-0.0005292488717724052
-0.0005366714351675239
-0.000570920314318528
-0.0005493284114004092
-0.0005146006743523155
-0.0005672720339535253
-0.0005373160507095229
-0.0005563087837323205
-0.0005326001175875242
-0.000597605435275821
-0.00046261626754505735
-0.0005077710489368233
-0.0004931694724859742
-0.0008700575960716168
-0.0005734354607282855
-0.0005326536100970982
-0.0004917746675155909
-0.0005154974099159631
-0.0005066592613120077
-0.0004547880928760302
-0.0005548203365177979
-0.0005775115480972124
-0.000642337458374986
-0.00041514543683050765
-0.0004909094451784675
-0.0006060105585336525
-0.0005364226259642168
-0.0005009750407979341
-0.00048820476349099585
-0.0006426546867653942
-0.0005198625720644647
-0.0004941696381791441
-0.0005074103189473114
-0.0004514692128411768
-0.00045463044267818055
-0.0005541292123554293
-0.0005315833763746228
-0.000523490946413821
-0.0006248472640490735
-0.0006101813413531332
-0.00046284679185416356
-0.0005561494993223309
-0.0005901420787129297
-0.0005540958978960148
-0.0005044824675368723
-0.00042900547053709577
-0.0005415943544188808
-0.0005494376904331591
-0.0005933473443681496
-0.0005126238441900813
-0.0005481004086733971
-0.0006457151483051898
-0.0005268254479930262
-0.0005222693959590977
-0.0005222378885627585
-0.0005050086750154073
-0.00043769472172033413
-0.000593815265495376
-0.000550691284206661
-0.0003919218479628759
-0.000658131209930338
-0.0005185320837930177
-0.0005678261905774654
-0.0004577118646936558
-0.0004906458499248278
-0.0005040312012154789
-0.00047551300040236526
-0.00036593148162264026
-0.0004365704301928574
-0.0004422262393360063
-0.0004773458039295103
-0.0004661957297083776
-0.0005626695288392609
-0.0005006252100133446
-0.0004763893023862806
-0.000504960942498979
-0.0005548999681079067
-0.0004948246943713937
-0.0005210153220225916
-0.00046450832248423715
-0.0004897079664536308
-0.0005506424481322603
-0.000539295673499901
-0.0006543561031063114
-0.000522061930669003
-0.0005031627757930157
-0.0005087566338695271
-0.0004972188672455246
-0.0005507721399180307
-0.00042422516546924554
-0.000494409604531218
-0.0005501058114104014
-0.0005047585754847962
-0.0005238835497195545
-0.0004434997399713148
-0.0005932553200199947
-0.0004561770881850325
-0.00044267397026674925
-0.0005143953995489697
-0.0004988858329445005
-0.000580292245673567
-0.00039765865578032745
-0.0005186907928777767
-0.00044919331209261685
-0.00048003343887822005
-0.0005282338921955333
-0.00046241214971257333
-0.000565872069413838
-0.0004647610292635121
-0.0004338493303899602
-0.0004979946508334443
-0.000560722134712275
-0.00057313940007922
-0.0005332692016229611
-0.00044574843806318223
-0.0005446669770022283
-0.00042385815015909197
-0.0005607624437966273
-0.0004089249861256569
-0.0004510010487078403
-0.0004398175305658714
-0.0006037521889699874
-0.0005310055325716745
-0.00047971964676248973
-0.0004566903386185907
-0.0005998030626402258
-0.0005430512742874294
-0.0006120703814993716
-0.0005596701488764539
-0.0005619490634995751
-0.00048235489937340225
-0.000559008668522986
-0.0005621393265535033
-0.0005586800773466096
-0.0005868114362895815
-0.0005026316539917079
-0.0004964965427403225
-0.0005455544161723741
-0.0005662778014454501
-0.0004717413436556857
-0.0005171659884655629
-0.0005398491619583423
-0.0005452129465145167
-0.00042575576914947316
-0.0004146724037835434
-0.0005074168756918093
-0.0007129489298612332
-0.00047779604542930957
-0.00045554473513651216
-0.0006428573499896353
-0.0005327457389094466
-0.0005285221892947934
-0.0005681744817516585
-0.0004839518959573262
-0.0006349147114072161
-0.0006720158577246046
-0.0004863982505012014
-0.00046829657353381695
-0.0004596411925220123
-0.00041925034152558713
-0.0005129762817639841
-0.0005864543497003334
-0.00057099900449756
-0.00044761552488273087
-0.0005573247888002769
-0.00048132402995635927
-0.0004641673797851781
-0.000473760950113955
-0.0004832442224844566
-0.0005295339243435341
-0.0005232965340678838
-0.000644505509896167
-0.0005310181870729135
-0.0005300654604674549
-0.0005584201949495736
-0.00037428399865422344
-0.00041936602532656047
-0.0004933585305407107
-0.0007482213016662232
-0.0005337679856851713
-0.0004727791961874752
-0.00043026801813801917
-0.0005124748119671752
-0.0005042225032411204
-0.00037657193288199233
-0.00048763087942356594
-0.0005360506976403891
-0.00043299437204269013
-0.000514807955460251
-0.0005213886992638583
-0.00046868406596860116
-0.0006310693465553886
-0.0005054870626258834
-0.0005029895812962849
-0.0006119591846996148
-0.00039513602396768556
-0.0005574669731284105
-0.0005723563053243142
-0.00044482046514221984
-0.0004280100628268337
-0.00043146863701508663
-0.0004932706497484396
-0.00050919319860162
-0.0004471147455416285
-0.0005683738321864432
-0.0003607284381837335
-0.000411878986283536
-0.000540561142302512
-0.0005889365957415571
-0.0005003426211040038
-0.00046219556167445
-0.00041141908437748314
-0.0004268183588752205
-0.0005508365123425507
-0.000352939963594363
-0.0005065137977241429
-0.00046119881698909184
-0.0004422991188263975
-0.0005475243907430247
-0.0004948237559340395
-0.000484375182743485
-0.00048324511454663627
-0.0005085801601380745
-0.000448657207117516
-0.0003824417412127641
-0.0003917556420660301
-0.00042575393534406757
-0.0004854868456609214
-0.0005269351610659764
-0.00045325139624640965
-0.00041815785925047725
-0.0005393792270300811
-0.0005926045932592216
-0.0005470847912821201
-0.0003926884163189936
-0.0004886183028483162
-0.00046847526624035213
-0.0005240992807158389
-0.00050504274068807
-0.00042717416009986213
-0.00043969410165467445
-0.0005338801630452438
-0.0005113235225772483
-0.0005100815966766103
-0.00043552373681515836
-0.0005037293007886162
-0.0004258662856540064
-0.000605297047870106
-0.00042139277218644356
-0.0004801003933301514
-0.0004660108188709017
-0.0004978408655265359
-0.000499102751696151
-0.0004977038339396833
-0.00047612479128561274
-0.0005183990234923164
-0.00038433061757083724
-0.0004584284764837729
-0.0005026164418493004
-0.0004524536487064412
-0.0004247505692705836
-0.0003717503197740092
-0.00039665615676468923
-0.00038955850230135494
-0.00047137777921294025
-0.00042035580631607714
-0.0004662430843116336
-0.0006160528366235624
-0.0005719194326643126
-0.00043555940722160515
-0.0004934449722540875
-0.0003767022946621915
-0.0004721085236325584
-0.0004993090571945739
-0.0005153775452119355
-0.0004938682444196709
-0.00044327954082127864
-0.0003984486640676707
-0.0004012617416021099
-0.0004282529414627055
-0.00045269287412622267
-0.0004505650466417311
-0.0004909094840377097
-0.0004435117582624673
-0.0005422698108171371
-0.0004240827442945461
-0.00046783351895513523
-0.0005173206615959075
-0.00047979405604081925
-0.0003822185360114201
-0.00047650870486764114
-0.0006188286913834454
-0.0004415875110058046
-0.00048421735654981463
-0.0004380787564939909
-0.0004966247668601774
-0.00048724743192751633
-0.0005749714937051404
-0.0004167107293697236
-0.00042750703960085513
-0.0005669541361090005
-0.00043782456120524115
-0.00034312882430425907
-0.00038158034858003925
-0.00045107122888995917
-0.0004661756631030939
-0.0004896255178887884
-0.0005865537461303451
-0.0004940857400077463
-0.0003814046112716199
-0.000455505868331256
-0.0005195446784760204
-0.00037457524695527625
-0.00045344333368371596
-0.0005144512478351931
-0.0004264119787421181
-0.0004188975272380109
-0.0005378273755137225
-0.0004280091768486732
-0.00039539377529509284
-0.0005476299530766896
-0.00047726470733609543
-0.0005136662333787491
-0.00044545284398499473
-0.00045722787680037844
-0.0004474335691942749
-0.0004765387119122294
-0.0005555541100836531
-0.0004515780472656654
-0.0004306588469835351
-0.00042459871063986324
-0.0004239022628504993
-0.0004725538933824325
-0.00039112605937256936
-0.0005144180215078609
-0.0004113829303670026
-0.00046724963355366524
-0.0004435345720098634
-0.000476919889815787
-0.0003556500081728246
-0.0004486646902711177
-0.00046384304526143216
-0.0004189346343853789
-0.0004047869060577941
-0.0003948942862108961
