6.761801278141438e+22
4.355149804088782e+21
1.5441958284012219e+22
2.5862329986218914e+22
2.9043888883810934e+22
2.9610296839598437e+22
2.9617230538280895e+22
2.926358147153503e+22
2.888786385723435e+22
2.8555885566266972e+22
2.807672064093864e+22
2.7686226335186746e+22
2.745128851709559e+22
2.708871652903339e+22
2.6679599163282377e+22
2.6284841966642422e+22
2.6105041017266913e+22
2.5688526099393358e+22
2.5289835268301956e+22
2.50080785654523e+22
2.464055585692742e+22
2.4194903957240824e+22
2.3845664685338548e+22
2.355005814916253e+22
2.31915178527729e+22
2.2782285489337553e+22
2.2523998594423694e+22
2.234034875621664e+22
2.195075174072589e+22
2.1639205900194075e+22
2.1312982230883635e+22
2.0907283772789737e+22
2.0621548356188517e+22
2.034637553058988e+22
2.0013416481204803e+22
1.9724966862028538e+22
1.9415837501493325e+22
1.9109814212995727e+22
1.8760742470669207e+22
1.8540672251785975e+22
1.8162747029242958e+22
1.7849557379177538e+22
1.7548777991147983e+22
1.7311948700186789e+22
1.7026677743279443e+22
1.669613678479391e+22
1.6403719931714741e+22
1.608710848995629e+22
1.5963836225109346e+22
1.5618808273549008e+22
1.5357969678059738e+22
1.5071144961959413e+22
1.479745484693925e+22
1.4634374381587587e+22
1.4295403113307657e+22
1.4020569880772846e+22
1.3895962458860603e+22
1.347873202293548e+22
1.3309564132905571e+22
1.3060866362943688e+22
1.2813430986600427e+22
1.251401053810651e+22
1.2312046855318598e+22
1.20691244885277e+22
1.192515695356386e+22
1.1658454861896657e+22
1.1386689282230335e+22
1.1193587232830363e+22
1.0880581665234522e+22
1.070363958574612e+22
1.0495660083348844e+22
1.0265684931085343e+22
1.0087950806994785e+22
9.826134603442363e+21
9.596973169354226e+21
9.479738720303477e+21
9.240461045239671e+21
8.989218308449896e+21
8.865294351084949e+21
8.64729855731104e+21
8.411756763206009e+21
8.245422626834519e+21
8.023715295356935e+21
7.866050350096999e+21
7.734526637647012e+21
7.576108164387692e+21
7.359762714697234e+21
7.220513133381487e+21
6.987251384021459e+21
6.828811810964846e+21
6.738896933419052e+21
6.525006527962193e+21
6.369453053166303e+21
6.151852478407193e+21
6.020353031265391e+21
5.877964052357382e+21
5.721380615152672e+21
5.541068075263626e+21
5.500121451380795e+21
5.237558504458524e+21
5.142725954860101e+21
4.954157708435096e+21
4.798430815823458e+21
4.7133581436412483e+21
4.564076776833998e+21
4.4475059342709395e+21
4.2701068963967905e+21
4.2346704764574667e+21
4.08862683078223e+21
3.912914766629365e+21
3.7879109781504944e+21
3.71622597470443e+21
3.667022533000782e+21
3.602036962027039e+21
3.4600177010422364e+21
3.24776704863153e+21
3.124366876683485e+21
3.0543894796157966e+21
3.054578209128979e+21
2.8940951753756744e+21
2.812995052643044e+21
2.767820628599687e+21
2.630395747252628e+21
2.5554775517151856e+21
2.4921494872804536e+21
2.6302835442900365e+21
2.3350206500871212e+21
2.2133544616999086e+21
2.2144272421363146e+21
2.157041201338279e+21
2.0655905164780917e+21
2.030866451244635e+21
1.9365229539982595e+21
1.84258527492345e+21
1.826992586296828e+21
1.797618161666149e+21
1.8058043478072707e+21
1.6645518501000354e+21
1.6324335110453312e+21
1.7964203599237774e+21
1.5664637753330366e+21
1.5571441962317382e+21
1.599688422215297e+21
1.4687760140072667e+21
1.4590841838094637e+21
1.5049471204102402e+21
1.4312184691475203e+21
1.3490522640679958e+21
1.397781827914896e+21
1.3401753947474305e+21
1.4173648961199155e+21
1.3925239120609427e+21
1.3354606031340778e+21
1.406138246874144e+21
1.4214550764107897e+21
1.3671280030350364e+21
1.267003453760391e+21
1.3490487006523034e+21
1.4069263960292427e+21
1.3548906590213384e+21
1.3695327453580642e+21
1.3327828274088672e+21
1.4137316585890384e+21
1.371960935343798e+21
1.4874921972747977e+21
1.3392366557978828e+21
1.3908403994288778e+21
1.3191882961279538e+21
1.3840701147613453e+21
1.3417476923746196e+21
1.371263073406419e+21
1.4054104722915842e+21
1.364302402917159e+21
1.2805798179290874e+21
1.3588920812994937e+21
1.3582547176720008e+21
1.5095070058478017e+21
1.3221977545567038e+21
1.303932190267247e+21
1.444133321647683e+21
1.2868535680171987e+21
1.2633638625810493e+21
1.320675717815616e+21
1.4021026653028192e+21
1.34279864374573e+21
1.3381632604564273e+21
1.3919831281963895e+21
1.3789208977517988e+21
1.3275173916481225e+21
1.4049791995293097e+21
1.385653615452063e+21
1.240579037311517e+21
1.4015197682970114e+21
1.301805542330762e+21
1.376584304244171e+21
1.3780868795089237e+21
1.4425597507268248e+21
1.2850185150443815e+21
1.5094007438129554e+21
1.4007492572537118e+21
1.3356518708529377e+21
1.4207414766940754e+21
1.4124537235765406e+21
1.3467982329202142e+21
1.4759198805652024e+21
1.372359632316863e+21
1.352546428035295e+21
1.3498630563371968e+21
1.4821254947212296e+21
1.3759055317020485e+21
1.3858973104184408e+21
1.3547983732001887e+21
1.4051318502092364e+21
1.4640374902177732e+21
1.3916218098717392e+21
1.436922186038004e+21
1.372178743772096e+21
1.2985658956747815e+21
1.2443953490809528e+21
1.3400961507411648e+21
1.3425910042775884e+21
1.3213124187315052e+21
1.352990099829498e+21
1.4224770442578766e+21
1.375519995578688e+21
1.4449757138430064e+21
1.4405014425761085e+21
1.3565598541639844e+21
1.4117322661111713e+21
1.278518200586683e+21
1.3625764066126497e+21
1.3412497290178978e+21
1.33117742061092e+21
1.3909229252193904e+21
1.3935869414531046e+21
1.4410623157508228e+21
1.3190896742695554e+21
1.4044015980379214e+21
1.371873637283763e+21
1.4964634171893987e+21
1.6635102222238438e+21
1.4691464121475714e+21
1.300765645373437e+21
1.2803659776044232e+21
1.3402818150992647e+21
1.318340999594846e+21
1.3875307596557228e+21
1.5467777850754135e+21
1.3187237153397856e+21
1.4057215220504676e+21
1.4313818440198306e+21
1.3869582517999614e+21
1.2857756332817263e+21
1.3580754539199697e+21
1.3368605307970163e+21
1.3659738486713e+21
1.3380191154673576e+21
1.3805230377738332e+21
1.374981360775159e+21
1.3073516323166185e+21
1.3737046400379296e+21
1.3211926324625906e+21
1.4910563214331274e+21
1.3590724853317753e+21
1.3830973547536704e+21
1.456544040018931e+21
1.370936311561884e+21
1.4236869472252236e+21
1.4348249757872787e+21
1.3522183387641157e+21
1.3632325177486022e+21
1.4430642344158592e+21
1.3674307941675547e+21
1.4914692141204693e+21
1.4652180815625978e+21
1.361577558837237e+21
1.4109187357027902e+21
1.5826108975781047e+21
1.4395588356260605e+21
1.3896366936389184e+21
1.3220675940234386e+21
1.3505314336756156e+21
1.4029416288952627e+21
1.3875717984387927e+21
1.3552793687877482e+21
1.3893810975967417e+21
1.5643803616950123e+21
1.353901687530888e+21
1.4543675908704402e+21
1.5099565944270118e+21
1.2712760500756454e+21
1.3505633709467063e+21
1.4518023888250814e+21
1.3727373596071496e+21
1.426120417340672e+21
1.3514687769273046e+21
1.4537783967035776e+21
1.446164988517478e+21
1.3688427822657013e+21
1.3711121627247875e+21
