15.208942951979461
2.1245635173938893
1.3813477224773831
1.134373426437378
0.9244263536400266
0.7424513730737898
0.6508527983117987
0.48315813364806
0.47009605555622663
0.38533415424603
0.33800108785982486
0.23098712166150412
0.254722118653633
0.205520187539083
0.17342514682699134
0.16880684166594787
0.1510146845270086
0.13196926936507225
0.13827145651534753
0.11443558942388606
0.1051119579071248
0.10572338097349361
0.12191306606486992
0.119367900683924
0.11368050184790734
0.09669276878789619
0.09189834073185921
0.0886393182531551
0.09216456280814277
0.09489746895377282
0.07431696307052064
0.0907539543868215
0.0900784432888031
0.07761503121367207
0.08804289768967363
0.07311261086552232
0.07801447291341093
0.08367109191776426
0.06862132872144382
0.0813437789954521
0.08681771786952461
0.07048805051103786
0.07990029040310118
0.07738209012205954
0.08817742892575485
0.07033872307726631
0.0664948670676461
0.0847375427407247
0.07032365903810218
0.0754050032960044
0.07792039822649073
0.06661549176054972
0.06046932735652835
0.07233537671466668
0.062194267425824096
0.06633631774672756
0.06871498145025086
0.05900387859178914
0.06006709844977767
0.06835276254073337
0.05641576599467684
0.08025852266561102
0.06711299099993927
0.07779136755400234
0.08044130520688163
0.08088357294737189
0.07245864712253765
0.09731492069032457
0.0882453729433042
0.0922113080267553
0.08543827115661567
0.08068513835745829
0.09078946295711729
0.07376897448880805
0.08430108020978945
0.08502127381938475
0.07629788239245061
0.07746901107883011
0.07762735926856597
0.07362040497914508
0.0726754321820206
0.07281605730316153
0.07369405010508166
0.08213792379117674
0.07066153438278923
0.06377976743021498
0.08019481557938787
0.08420802121637044
0.07749797893619095
0.08287409561927672
0.0769430694549724
0.08062628739409977
0.07763464086585575
0.0680510204423357
0.06635854482926705
0.06731903463326118
0.06910495942941418
0.07001927156967146
0.06377874100925746
0.06529967831792655
0.08016373527546723
0.06394582181410105
0.08029338393222403
0.0624583274539974
0.05841336896022161
0.06860995465130718
0.06248450479297726
0.06423733417910558
0.06789023780988322
0.06186617628015854
0.06996139697730541
0.07493822725006828
0.07611025752568687
0.07856021379982983
0.07590964577954125
0.07303762415217029
0.06666347315465962
0.07785566627151436
0.08329302327776397
0.0760602629226115
0.07415817367533843
0.08155074563843233
0.0791493753247239
0.08293402388140007
0.0756286850406064
0.07395092687673038
0.08426585489953006
0.07396278157830238
0.0762948713230866
0.08874403492168144
0.07617513400812943
0.07686502410581818
0.07870634176112988
0.08459016494452953
0.06135081137633986
0.07181734339920459
0.05755383241921663
0.06185527194153379
0.06862711161375046
0.07542273450504851
0.06568860124658656
0.06713899238793938
0.07220543510522004
0.08185750694462547
0.07260432142626357
0.08209889989208292
0.09011433473615735
0.08973604337208801
0.07653967829214202
0.07870501007332846
0.07995487590906797
0.07733504556947285
0.06654832905365361
0.0725413480842555
0.06874727223206449
0.08496520475105003
0.08090777798659271
0.0716091230235718
0.06963549957921107
0.0825794757930217
0.0764322064265057
0.08055024035274982
0.0728445008604063
0.06749467875946451
0.06961217777872528
0.06965931294554914
0.07018616902469485
0.07043680507275793
0.06972040912067448
0.0879943334945926
0.08413165345512054
0.07924009528425005
0.08279545543094476
0.07929723896086216
0.07793390502532323
0.07316643047939848
0.08152008229107768
0.07401317647761768
0.08082801724473636
0.0651970435347822
0.08370308691842689
0.0630796376477789
0.06990289646718237
0.0590361452282027
0.0749024986806843
0.07857516911570672
0.08802508293754524
0.07424051314592361
0.07416410516533586
0.07371756282669527
0.0697471235913259
0.07088865574311327
0.0663535154114167
0.06845386960992107
0.07492846802428917
0.07427844536249284
0.08061003829869959
0.0807754469483539
0.07596781905050631
0.08363009028619638
0.07676447258779297
0.07482237355024726
0.09725801674304185
0.07154367550241726
0.0932131315133086
0.08162330956784664
0.06806136240009908
0.084332553324876
0.08173348740847022
0.08103232002920574
0.0749305648798192
0.06712090293014492
0.07211675888134374
0.07966083177813778
0.0717610938957444
0.07339600418452863
0.06255280968077757
0.06869308671189679
0.059218648476181204
0.06784459203481674
0.05954879950042124
0.05549836462294614
0.06674541122521516
0.06365966824469743
0.06872708053776512
0.06469934088764367
0.06986730104243313
0.07353762468254124
0.0705837731215137
0.07413274594755084
0.0781627964504339
0.08085651723323045
0.07723186151297004
0.07059776731249359
0.07171567981303842
0.07344122762205424
0.0698778353355549
0.06790471684049677
0.06723917551614621
0.07550472641984622
0.0746253544671668
0.07418214667726446
0.06825989505483045
0.08282159910433823
0.0650057068646506
0.06802587335308392
0.07746290905332123
0.07342215234206782
0.07570999695195092
0.07268908744057019
0.07114168898098999
0.07569214746493984
0.07000081896505973
0.07019266506863965
0.06370006191233794
0.06428678050913193
0.06645325433324885
0.06402562396531855
0.06778550120415511
0.0653381291087027
0.06897353305032959
0.07162479690655514
0.06881509196979028
0.06612351909279823
0.06862593890616188
0.0754709761865713
0.07706682694454987
0.0868302782031673
0.07412500231078377
0.08851732630972509
0.06964615473730697
0.07428730058449286
0.08345491170055336
0.06693339458218327
0.07008844413967044
0.0800252910013552
0.08675358568628629
0.08017563930264225
0.07026226418437781
0.07947500305319274
0.07506870071369189
0.07535647404276663
0.07369390530166803
0.07409497516022788
0.0698854732154696
0.07394367684092787
0.0725716660834021
0.09044180437922478
0.08043412408894962
0.07411931034315515
0.07481589361473366
0.07155194637124185
0.07932108102573289
0.06608179932529176
0.07351552681238563
0.06743105218090394
0.06051934489773379
0.07077887933701277
0.06566925091599976
0.0793553354839484
0.06563022301566822
0.06721530109643936
0.07844918207437904
0.06540947635140684
0.06442369568955016
0.059636311157158124
0.06696502795373951
0.06447134780938979
0.06721284650956039
0.06773156665817455
0.06814825410644214
0.06945053577699044
0.06784415341637752
0.07010245768146382
0.07041360913879341
0.08412090054264774
0.07388907050093015
0.07124613639381197
0.0758725621358112
0.06910522537374938
0.056776543975704245
0.06364291864964697
0.07396703385920436
0.0689326000434381
0.06987679080554733
0.0744567323062155
0.06954107074825852
0.07423746661731491
0.07272182625752908
0.07270097532482059
0.07637497451570299
0.07827800146683499
0.07779969623381341
0.0826965531817189
0.09128508371887384
0.08953584375342837
0.08392619962493579
0.08120450725847925
0.07984008567614688
0.08596691572003895
0.08018089706699054
0.06669025447357584
0.07843672063339639
0.07194222437424792
0.07597677951195726
0.07084104715398064
0.08301808271143171
0.07968864403665066
0.07661158205182464
0.07988532108289224
0.07911627263658577
0.08536597941484717
0.07035634059596944
0.07981913678210091
0.06940161671351504
0.07842879821718843
0.07914348808979546
0.07038085507573905
0.0759143861769526
0.07604801565132759
0.0687448821823906
0.07105198978549904
0.08139651427390399
0.08107364115615685
0.07657919023875837
0.08292082069372689
0.06982162667231427
0.07198053853655303
0.0777957244189801
0.06676585213453681
0.06304326522405501
0.06693288704587354
0.07205947198801571
0.06590049996696136
0.06213288947387978
0.051671244479991774
0.05811107365621461
0.07065132467283143
0.048993944086962275
0.06882031113599185
0.07282309461798933
0.056679100867498805
0.06542189122626076
0.06628812887464408
0.06665020794780166
0.062261389913382356
0.06811707504783515
0.08015936406122313
0.07315974458362218
0.08122856232027213
0.0728427939530876
0.07626565463013119
0.07413571120964156
0.06961701279161153
0.07268007389373249
0.06699434819596785
0.07510537874919397
0.07638540567347298
0.07131498714012129
0.08339124248811493
0.07586572933252211
0.07328766339493019
0.06862864822701172
0.09246469799567152
0.08165863152869322
0.062011356155077614
0.07419480466180378
0.07738161245705905
0.06898606547878848
0.06652212042913393
0.07104820144121293
0.07345399888301338
0.06925112115978091
0.07485883413917488
0.07401828260885344
0.07875525661640698
0.0787342188672887
0.07250239948431651
0.0756045904148508
0.07775181283553441
0.07857718332498162
0.0767384373617393
0.0808019582182169
0.07670059296543952
0.08467375797530015
0.07022824345363511
0.07681762282219198
0.07205721584183199
0.07141602491201074
0.07582399214583414
0.06741180857298551
0.08214968056590469
0.06603689933264698
0.08053071238100529
0.07308566570281982
0.07746724742982122
0.06869072439493956
0.07786790854125111
0.06306130483884502
0.06433047492195058
0.061982227523845655
0.06335136929044018
0.07351813927568772
0.05844164174050093
0.06170363041261832
0.0690978532312093
0.06656727857059902
0.07726680183852161
0.06331245135515928
0.07051320643060738
0.06608777927855651
0.06257351391293385
0.07573812510128375
0.06710610704289542
0.06890262566782811
0.06905985923690929
0.07052745021603725
0.06746786750025219
0.07944286711238048
0.06884113402554283
0.07199714505286128
0.0818423301809364
0.06773788640620532
0.06779983605223673
0.051448422449606436
0.06873856774634785
0.08627217552728123
0.06745736494108483
0.07419521465069717
0.059587875795033246
0.06886589313270869
0.07134165635539426
0.07678787327475017
0.06372127661274539
0.0710003141451765
0.06500298788564073
0.06835062839780692
0.07579766196647177
0.06982632550514406
0.06382873233545709
0.06419045284942344
0.06479509512859362
0.059529428404790384
0.07591439438638864
0.0613006349928953
0.0733414691079546
0.07454442067278756
0.08207524636829341
0.06325790051508833
0.07012284450508931
0.0720780814687411
0.07304895714063335
0.07671436074155348
0.06982844495386989
0.07826377092688172
0.08146113598788227
0.0777243097761163
0.05830541460050477
0.06808178637314725
0.07418426823008943
0.06743304948839876
0.055946092362757084
0.05943358703343957
0.061247651637704285
0.06641018218188374
0.06297274747932399
0.06347246437023084
0.06149259016469673
0.06476885190716496
0.06412314044104682
0.06650759010679191
0.06276022039215874
0.07402871907861144
0.07014365921969767
0.07952435224972389
0.07073576306855237
0.07411049147722898
0.06469660286826116
0.07880948897865084
0.07267101109027863
0.06739052136739095
0.05963029733134641
0.07146099354657862
0.07274921838608053
0.05880602176680609
0.07054197146660751
0.07024814222973806
0.06328619647495172
0.06986094804273711
0.07318083507319291
0.06673573454221089
0.07360263220551941
0.06816965776185195
0.0671451831995337
0.07101079925066894
0.06234038662579325
0.07646838116838976
0.07885896449011785
0.07265640664155837
0.07503090971321971
0.07302096382611328
0.07032231438077158
0.07580170659693303
0.06859393093597006
0.06645704564396981
0.0655060576757899
0.07275013204801965
0.06705157217328195
0.06358462420326692
0.07314234220043377
0.07098578240860391
0.06939405496059745
0.07145677865655334
0.07167951721284124
0.06385173545115524
0.07574725268339669
0.07055675348749867
0.06828758293003948
0.08243798157545151
0.06664006660381953
0.07110327765069625
0.06661131333007857
0.06754020356607658
0.06334383275221896
0.08495346560246414
0.07187865312314695
0.07166447607731377
0.07476288080215454
0.06959132967447793
0.075911244791415
0.08724801911524048
0.06717524836184802
0.07257097248953802
0.07633514357385812
0.06805317676453679
0.06908741358805585
0.07078706624883192
0.07957490637070602
0.06252850861185127
0.07422023873638224
0.06312170407424371
0.07008256335501317
0.06913581935481893
0.07427745712576089
0.07005604228901642
0.07036772011606782
0.07216562537683381
0.06563133794676375
0.0685909031027997
0.07163135828105388
0.06763631867727747
0.07513146295591637
0.07208528393810545
0.06449630270125689
0.07963981017194412
0.06228354421478731
0.07116193213948498
0.07278921179197452
0.0708394577657735
0.0698993146005604
