0.809719048164509
0.758716101999636
0.637528986842544
0.5874417733263086
0.5523596483248251
0.502344395827364
0.4914191249344084
0.39941000828036555
0.3830845623656555
0.3268878464069631
0.29058674143420327
0.20686297311826987
0.23967264985872638
0.1899324552052551
0.1694579672853083
0.1806983057823446
0.16001922106025396
0.11671858903503528
0.1253356378249548
0.10909102256927225
0.08721587793142707
0.09606247085698501
0.12381381165512183
0.1188940818214582
0.08762508168540618
0.057286767935794264
0.05937315478136211
0.041527107927120395
0.04001992257932822
0.039016132794872475
0.011469897969315449
0.03890238985143326
0.04089841001701576
0.0359771452387105
0.04083494390404128
0.006940741734406738
0.013445645764780542
0.025487595009272574
0.003064176951604033
0.013269195126162635
0.02277286796554647
-0.031532226923715184
0.020391930472450675
0.020972492686403846
0.03404524150580444
0.002190229396715208
-0.006455172271536732
0.026415385111855965
-0.0014472601297139019
0.008783330236501232
0.010045439117001715
-0.01732264252172576
-0.0316183437006893
-0.0015799898516248773
-0.026908739995970217
-0.01614540962812801
-0.013425602232692417
-0.03227530492262708
-0.03702553999782712
-0.003316588872284801
-0.03152849594200099
0.00958949223988586
-0.006930402997467253
0.01112895167467219
0.02417897162269111
0.029459591135727586
0.018366942734078125
0.039304781782751284
0.055848608485474766
0.07274078029929486
0.04245902420263047
0.04299320807439034
0.059241557325650424
0.019112607490064368
0.04480895050370169
0.03177703990325056
0.026242441601223417
0.033082546580030965
0.01586807836537008
0.011117684520016794
0.007706994678031791
-0.010951684632649025
-0.00020280463138112314
0.012821534777349033
0.002774251176527253
-0.009940412723355822
0.023089016563500517
0.03710399421645518
0.03202493040374032
0.03820983103166024
0.04223177694129171
0.017168156811277622
0.02223075062243475
0.0033717778170722777
-0.0014286571768698869
-0.0016390548467084213
-0.0069723121748581805
-0.00826121267164126
-0.01947018828434887
-0.005852163700317895
0.03060598661088281
-0.016523243678319786
0.01511313410958758
-0.026238672083881857
-0.036138309065049896
-0.007323893395045565
-0.019106944264085206
-0.01459725995233317
0.003015603889555981
-0.024480763374379388
0.0016704939448067711
0.01600924179095913
0.018983720594810113
0.02856768102005676
0.014799247012922057
0.01711315928130514
0.0014749579907705386
0.027503772513699478
0.03072611480968556
0.02000986598432064
-0.0024456799858146245
0.014723319008394523
0.01850418874097091
0.03422314198946373
0.02482956815058262
0.00945012937558608
0.030503097783636163
0.0202920349849457
0.019645386466032103
0.041400433862926786
0.020862023268515866
0.02210783253044442
0.030143222048300906
0.031306212638608284
-0.026381656863830157
-0.0008299645226172827
-0.024222611354801943
-0.015557074168033001
-0.007479979898090716
0.006475283384875015
-0.014373731730436837
-0.001496372584369965
-0.00017713494943799796
0.02159292864854689
0.021620744804817217
0.03616687415719584
0.04982718128357427
0.05339376037752825
0.03656346906683649
0.04540519112790072
0.0432980606953303
0.022060861306575436
0.00743249496789994
0.012533047426216028
0.004102608352830565
0.03265922709747597
0.04161167972617679
0.013538512013231715
0.01383140473626554
0.044255730521938486
0.019793122489419248
0.05005918731438686
0.019736604644330562
0.003676858402926613
0.00267959922267538
0.004597744426401159
0.011324057178744287
0.013195608348016523
0.010295967666294288
0.014347514617299937
0.03205728945667269
0.03841889267183702
0.04015702411696246
0.03766380386702992
0.037971484812226626
0.023914454815288384
0.03986563119623396
0.026660897691423695
0.035949108327730316
0.013291321643110778
0.034299341575846215
-0.0020814325091325575
0.004779208279042332
-0.016044666417184526
0.02820243529923674
0.026801719709678932
0.05196972635436665
0.028305220193471068
0.02815488805666704
0.020669186056626064
0.007251490808643952
-0.005088887065304098
0.0019084716267469856
0.0023557516677236118
0.023397829814779537
0.028953950045871788
0.044314785112402645
0.04532475131822543
0.0332992154656461
0.038969497411960256
0.036012003947689664
0.0195440259941043
0.06948936621968944
0.02644040076349349
0.0735164744331053
0.02967606046392272
0.018638027609860594
0.048646413134755914
0.040051339821527816
0.04159539488696114
0.03017278374816804
0.012282536104369987
0.021916528792913864
0.02989772671005792
0.011506145449217272
0.008919923514541652
-0.0015866777911368343
-0.0005689504452877574
-0.011169701308298736
-0.001134376662472884
-0.016319504917461286
-0.02912799634160129
-0.005685660574171279
-0.010009892750531435
0.002843401118837021
-0.00047716423351731565
0.01106415886035258
0.017140908149519452
0.01724788125311197
0.03610043107807912
0.03490404105590036
0.04443895897862536
0.02350510075619375
0.015836572438409482
0.012910176034050959
0.02616611391487014
0.011934981784886785
0.01016509938226254
0.011162320376132373
0.02472108414750201
0.017353983457993577
0.02543603549754523
0.008639362908002955
0.05391352144242437
0.0032165547944950283
0.00804888021903699
0.018712713038203894
0.016526286214314127
0.03158370257113819
0.019233646927642876
0.0213074979406816
0.02162093241457586
0.011628314844091181
0.012141441633704946
0.005376177000504901
-0.004589997020688046
0.0014024989817429472
0.004894385170363994
0.0064925023939900305
-0.0009580796446513246
0.007106362497089086
0.009901720444085422
0.02246190055221733
0.0048540091504239375
0.012467683706846502
0.012564253968540233
0.04336763516551367
0.05326173634320083
0.023707800702174642
0.060244195866053576
0.020464364077068038
0.03317238380313264
0.04969828503413333
0.0065775127667519785
0.024357741887528123
0.03970136531818382
0.04946221364662051
0.041545616635293874
0.019633741359467858
0.04436793370081836
0.03127337286046154
0.030920973513275385
0.024858489169101057
0.03422328598659347
0.012917894214667656
0.025433121283573133
0.033965208835003
0.04199590597569046
0.03979522006206766
0.019810836688891328
0.03202707161781965
0.019427157334845374
0.03617995124551709
0.0026604394531912273
0.023849003284272773
0.00560253611938269
-0.013529242050868494
0.016931947885529586
0.005286552555238207
0.02613353063524873
-0.011515622441139486
0.004343719670066127
0.02775389628691806
0.003928544068778002
-0.00405910543890463
-0.02187258334554456
0.006287252526143911
-0.005759517696720583
0.006243851346274217
0.0067068864612978086
0.008456889669307403
0.005902357390840296
0.007555351696080632
0.013663924262531239
0.017110886836976365
0.03975496987846715
0.03290009866382375
0.018443741033681564
0.0322956511647337
0.01027503144858336
-0.017122679978557345
-0.01427150531499474
0.023805628095201595
0.012196697355075567
0.007701849142365434
0.030679833937298367
0.016192813472891296
0.029719762997788
0.02324073187385996
0.020152837150143803
0.031096077006724145
0.050415641609342185
0.03201409227525195
0.05034802190493792
0.07679661587139384
0.065625443364735
0.05579947305981208
0.04912002894518621
0.0435667517422526
0.04707490962917089
0.040104034520616685
0.014487710285552399
0.034886194000675996
0.020437337415016913
0.02607423046396838
0.02093260281684774
0.04362823689977328
0.03497216214115421
0.036387635550151266
0.04515059804570801
0.03722657703070177
0.052689759940322906
0.029425468183708964
0.03291507110137631
0.02109231309171904
0.03318250684619502
0.040706718599216804
0.0158659562089101
0.03425941883620841
0.0260677397320116
0.01462793409936475
0.01381633932598763
0.03639315410368403
0.039612713218149215
0.03306303182789297
0.045760675264453446
0.021697197596680512
0.019808736026149104
0.03232997114213908
0.010676365253015387
-0.013966275448048557
0.006012429862662598
0.01652660211375742
-0.010862814538456776
-0.0163778820057848
-0.025464824625049478
-0.02230143420294755
-0.003982101646855612
-0.042751145805663394
-0.0015381015955763697
0.009776123713150068
-0.022104868878765654
-0.002470947715833231
0.001554083881071872
-0.002746773577571191
0.005000778059992526
0.005017126927635184
0.04211475767833353
0.026021341379317973
0.04063227203571134
0.029231565107625944
0.02621225645351741
0.025891655383424625
0.014126996781366566
0.020171801904561342
0.010688751616894646
0.01836599329383009
0.02825851556500075
0.022009990919657326
0.0512692472656016
0.03654627505413912
0.025758141556892683
0.02496084751975205
0.06534307416424984
0.03790505421002982
0.001303372076816029
0.0256197967294914
0.03476709058277602
0.010145443526131136
0.0158440252928779
0.017435574485851382
0.02315323694643599
0.018855552249415604
0.027953268856638007
0.030111572433573503
0.03596125327533594
0.044876050738686765
0.026731144895570144
0.026975263220568497
0.03232131791473539
0.03606175281607581
0.035986066312977565
0.04969853072274149
0.04026918211780463
0.05406147805559966
0.0235384392521896
0.02801466893611683
0.023114791213258826
0.021135937629474535
0.03369998961419764
0.010898762710254502
0.04665211062119515
0.01979474173815645
0.03786761432679163
0.0275123978326856
0.036625136673036546
0.013355407553414503
0.022458467803921342
-0.0009720049350074043
-0.005295226092803878
-0.011021968244609458
0.000612814212217927
0.021250494652324252
-0.0034698457284658042
-0.0053725210902350095
0.01426964712273157
0.006251915151046382
0.021019862412854477
-0.004039497632119391
0.010144595712147377
0.00505905593228009
0.0029844125146391213
0.026926046556413726
0.008377919215019103
0.014148495470484098
0.011981678763900331
0.01858140265580409
0.0051632384776086025
0.030929115275352227
0.015415774510647342
0.023975118399701185
0.04362361027462477
-0.007723308978947224
0.009622123963372023
-0.021692013143803233
0.014940104839667954
0.0529592362129026
0.023640117803653184
0.013030392635199759
0.004729097333943678
0.012126779511432957
0.020248871934772643
0.034273230166743614
0.0012234340732296307
0.021025100171014114
0.005434885448603718
0.017292647003799816
0.021894294003248906
0.02135165242793004
0.005652432405407092
0.004598873158640883
0.009681626326507993
-0.011246666292815158
0.018584035095517284
0.002947346652271571
0.015789770124549116
0.04047764835154845
0.037613941339293015
0.013541612791380397
0.024685387853188096
0.0213942557392228
0.03396818826526955
0.04385416920262354
0.022059217548101313
0.03952117546254562
0.044368888173873224
0.034305049313439265
-0.012852288881226236
0.009422567948974945
0.014276335041763054
0.015646549490392552
-0.01897402216908867
-0.009508145585035285
-0.006500347000029352
0.0025294242314649403
-0.0030703599892418693
-0.003786700174074482
-0.006035510088420576
-0.003887846758718499
0.0013475415158878874
0.001632711401692143
-0.0056290014784921094
0.029325103749417596
0.021715591256334273
0.04111640006993656
0.01648227991891973
0.02637379806212805
0.010750706359330151
0.04028464009968081
0.01842924645515504
0.016269933854885125
-0.005241203190827811
0.018074374837818107
0.020254983247637196
-0.008501606051275437
0.005460770028919258
0.020587898454525404
-0.0016823011812650496
0.017530218258293137
0.02571470468710349
0.010688295430521032
0.021572496017648116
0.013875548227655667
0.010672916990221926
0.01927248485541592
0.004668015527487215
0.03292084171833402
0.03753672506125575
0.02486252360890999
0.03585570049472153
0.0248088241658277
0.02645863054527177
0.02415291851179467
0.01774908231864511
0.011765377919396592
0.008723977487534285
0.02025292406755465
0.008770558288907286
0.010418597488077703
0.014997829553774662
0.019724154913866962
0.020005129795107577
0.019725945760944375
0.01653739742727743
0.004505463964219585
0.027151962793949578
0.02403797110956576
0.01714240195427987
0.03424815217860871
0.013640482879795687
0.021755989584899334
0.0072087986412009706
0.011157292131058595
0.0072231987465379965
0.035476781289886544
0.026164710435464426
0.027280202971909334
0.029344423915500992
0.02055353582491753
0.03070373530930805
0.055165806923199584
0.01756738685933804
0.02213361354424032
0.032905281034160266
0.024188402466717416
0.012507963908353337
0.01819089629376928
0.036809861043433624
0.0006275862774432257
0.02057844552392554
-0.001525186899083632
0.014610521702302827
0.016610407270491123
0.030298368746621743
0.015224571753707197
0.02339453857254099
0.015255569049191696
0.006854564136894488
0.012554777900395156
0.018180487177300232
0.008586153508750376
0.028336663221664452
0.01905517871664078
0.013610708833396159
0.035116585764895986
0.0007855549262819329
0.019967560376109625
0.02164510173585128
0.020378402408419385
0.016843064653652685
