-0.00013438181647668697
-0.0001339376801668011
-0.00013245744264201708
-0.0001298910846580165
-0.00012753014420417862
-0.0001268350213110723
-0.00012455707905313897
-0.0001229421349880458
-0.00012071543029311147
-0.00011834417172293697
-0.00011812986351152951
-0.00011561383871594444
-0.00011421168676827586
-0.00011358329922788673
-0.0001135760777052147
-0.0001127970112806738
-0.00011214035152483525
-0.00011129321339669534
-0.00011035386840511044
-0.00010952257300097565
-0.00010932242083880637
-0.00010729971567073974
-0.00010668443805857182
-0.0001069507537370858
-0.00010669483917472125
-0.00010572159630505161
-0.00010522397847294255
-0.00010390503895770828
-0.00010360884146023266
-0.00010217887891620328
-0.00010147209886107939
-0.00010006159977314787
-9.968547884555947e-05
-9.933074384375855e-05
-9.859824139210914e-05
-9.748110595090245e-05
-9.650207788648981e-05
-9.520971286326164e-05
-9.429293411947717e-05
-9.339888438935978e-05
-9.266814298893291e-05
-9.278753309950439e-05
-9.134769088295461e-05
-9.046932946485295e-05
-9.010742036884444e-05
-8.962118590716273e-05
-8.884357305726519e-05
-8.856194687757158e-05
-8.831526631385916e-05
-8.738545929426673e-05
-8.602495115526297e-05
-8.50637591577618e-05
-8.418840055431549e-05
-8.228636390952117e-05
-8.231162064475939e-05
-8.138040101147015e-05
-8.000213252941009e-05
-7.896547780277345e-05
-7.86126711992202e-05
-7.739451151185979e-05
-7.647643171906195e-05
-7.617258072261595e-05
-7.600122248900502e-05
-7.596216730437138e-05
-7.515570016241529e-05
-7.420148365242683e-05
-7.465127930993697e-05
-7.318029949803733e-05
-7.327693903654883e-05
-7.434504476367254e-05
-7.418338106988274e-05
-7.343205302108631e-05
-7.29644471667362e-05
-7.370616313656447e-05
-7.338011481031706e-05
-7.198264857935201e-05
-7.2640392722355e-05
-7.134741463232785e-05
-7.1225829877356e-05
-7.007737197758009e-05
-6.947462033066485e-05
-6.906235810472733e-05
-6.809556577570254e-05
-6.78183601444794e-05
-6.465548331443979e-05
-6.36111314330871e-05
-6.265124183199886e-05
-6.245581634747968e-05
-6.130450425121967e-05
-6.110003151762713e-05
-6.04155904039982e-05
-5.9092889218677386e-05
-5.798768244049926e-05
-5.759891953655622e-05
-5.597483269176101e-05
-5.471166999389728e-05
-5.401791794510144e-05
-5.4207762904870494e-05
-5.3200647218747894e-05
-5.266033635793806e-05
-5.228750173787207e-05
-5.172462085654304e-05
-5.06945741815596e-05
-5.023864596970035e-05
-4.9185640414685215e-05
-4.7868422471866426e-05
-4.686239157712812e-05
-4.594416720835768e-05
-4.5847254686695694e-05
-4.4922602413592996e-05
-4.4469962530355486e-05
-4.4763997047320355e-05
-4.4922912854451203e-05
-4.3763437672707905e-05
-4.379348912927391e-05
-4.335524823141491e-05
-4.287827997123478e-05
-4.2646415682544034e-05
-4.3046281024106533e-05
-4.28027138965532e-05
-4.340659857175692e-05
-4.261712712360787e-05
-4.160284165495627e-05
-4.1104994091222545e-05
-4.079402599557027e-05
-4.083480773799777e-05
-4.046292855895849e-05
-4.048672350041603e-05
-3.964725018940279e-05
-3.9861676702491456e-05
-4.060400439171914e-05
-4.019449045666045e-05
-3.9700263625019475e-05
-4.0102782535271855e-05
-3.9333974267787266e-05
-3.7692982813395145e-05
-3.682395968267142e-05
-3.548886848471334e-05
-3.463728339907161e-05
-3.300112250683553e-05
-3.221295951839743e-05
-3.146106630285633e-05
-3.006555225174115e-05
-3.0062791160566525e-05
-2.9556103038851654e-05
-2.9244549969681195e-05
-2.929424166116708e-05
-2.9723741708612243e-05
-2.9037844797130674e-05
-2.932402788213006e-05
-2.845118507576882e-05
-2.881241764245917e-05
-2.8138115306285693e-05
-2.739828852537795e-05
-2.7293080536226086e-05
-2.609942997945904e-05
-2.6514942537350753e-05
-2.5937795995829488e-05
-2.6039548039854572e-05
-2.6572749549005595e-05
-2.74974222352116e-05
-2.6425972464494407e-05
-2.671060125673345e-05
-2.7158159220427343e-05
-2.6622972048547428e-05
-2.5751765322099715e-05
-2.3920192688819952e-05
-2.379212377558428e-05
-2.2853313634254004e-05
-2.183115793741308e-05
-2.1550261374580225e-05
-2.139129807161495e-05
-2.0830892767494164e-05
-2.0879563803814732e-05
-2.070662560948188e-05
-2.1411721145678138e-05
-2.0301462023376695e-05
-1.9878304253021877e-05
-1.9583317057199395e-05
-2.0038717425281733e-05
-1.966793705058215e-05
-1.9752789739868604e-05
-1.9467642805129463e-05
-1.848980334923706e-05
-1.7655382988676945e-05
-1.7161944318407524e-05
-1.6535933388729097e-05
-1.7210226023625756e-05
-1.7072698230751688e-05
-1.7310657683453798e-05
-1.6221409370902824e-05
-1.613953746628896e-05
-1.4694533429401755e-05
-1.5120813899287626e-05
-1.4276375959862318e-05
-1.2727812746662596e-05
-1.2642079161229992e-05
-1.2609117961633106e-05
-1.233263494079303e-05
-1.192409999256833e-05
-1.1132497564648037e-05
-1.0838591488546055e-05
-1.0771645133058041e-05
-1.0779108244470856e-05
-1.2184441941456128e-05
-1.1728418838982987e-05
-1.0876791310255174e-05
-1.1392424211307014e-05
-1.21159826920592e-05
-1.1562607781983118e-05
-1.2226660853937372e-05
-1.2850360083878817e-05
-1.2285239487634195e-05
-1.165057363794875e-05
-1.151937791561337e-05
-1.0694465783200468e-05
-1.0495984800703203e-05
-9.749524603345586e-06
-9.62394416866893e-06
-9.171837619861537e-06
-8.8451590137858e-06
-8.85894496605033e-06
-8.794253382667969e-06
-7.721817332316681e-06
-7.33042651080285e-06
-7.818963206739648e-06
-7.860093875125232e-06
-7.945809034868876e-06
-7.675259894313058e-06
-7.143705934814298e-06
-6.930482363208688e-06
-7.330416523203624e-06
-7.917184457592494e-06
-7.75861904171675e-06
-7.234214569541143e-06
-7.496256886143884e-06
-8.031027627347848e-06
-8.322258104777171e-06
-8.09422319300076e-06
-7.618854178198725e-06
-7.505338460220999e-06
-7.352817074543391e-06
-7.045164457613956e-06
-7.22947404736058e-06
-7.525060162286671e-06
-7.3475832020146e-06
-7.3122577035704765e-06
-7.6067329886158135e-06
-7.046970006706909e-06
-6.61017776548289e-06
-6.142258438625571e-06
-5.800306401700557e-06
-5.690977879432332e-06
-5.593999149924558e-06
-5.658126341316987e-06
-5.424012383796422e-06
-5.305743006492439e-06
-5.282393346903889e-06
-5.131708382611612e-06
-5.001918452762766e-06
-4.9150113328424695e-06
-4.984689355667258e-06
-4.860234521739012e-06
-4.930590067589138e-06
-4.550225858784634e-06
-4.967937541180247e-06
-4.94778408176865e-06
-5.323855526108269e-06
-5.969895129156713e-06
-5.299738909848707e-06
-5.765736962833519e-06
-4.972695461657605e-06
-5.0746611527251335e-06
-5.425884005995209e-06
-5.110155514018886e-06
-5.260201895133058e-06
-5.6268833287942e-06
-5.442875809186026e-06
-5.192916146538833e-06
-5.6321830217914085e-06
-5.3405444844058905e-06
-5.1820779002877386e-06
-5.7843859495834395e-06
-5.674311826927199e-06
-5.794698878431788e-06
-5.518968683409858e-06
-5.975288415895732e-06
-5.777922676012774e-06
-5.053868065900773e-06
-5.463335380934748e-06
-5.2840412165635456e-06
-6.114527507263658e-06
-5.498012426499001e-06
-5.266484954012816e-06
-5.517835537223921e-06
-4.879744665231556e-06
-4.725484612006565e-06
-4.510256547763237e-06
-4.324855497004508e-06
-4.277087066805473e-06
-3.896254367174589e-06
-3.498588124852244e-06
-3.340355264029953e-06
-3.666087296652323e-06
-3.505578905349938e-06
-3.42447058890819e-06
-2.8744755295688434e-06
-2.826647527466843e-06
-2.551422152531881e-06
-2.4589296151168163e-06
-2.6277215241592515e-06
-2.4203858949342113e-06
-2.40201476723693e-06
-1.9605328765869167e-06
-1.7418524041406474e-06
-1.806085349555899e-06
-1.8037163137570907e-06
-1.5304380238174215e-06
-1.5663522306028796e-06
-1.6819695718839757e-06
-1.44517746826346e-06
-1.4739205409097377e-06
-1.7381849551788441e-06
-1.37965415618695e-06
-1.7299069617769824e-06
-1.2823550487492294e-06
-1.3807276757318135e-06
-1.3864500816554128e-06
-1.229504892695264e-06
-1.594926031969037e-06
-1.6065284516689307e-06
-1.5970135960001411e-06
-1.481325844670883e-06
-1.4113130688471116e-06
-1.2654959096767858e-06
-1.8170428406678926e-06
-1.8118282991121372e-06
-1.8680875276307536e-06
-2.0759630345950157e-06
-1.8003512296773906e-06
-1.6236677572157565e-06
-1.970679999498383e-06
-1.9836152752624777e-06
-1.6980038582106417e-06
-1.7391318402183565e-06
-1.4705762278363519e-06
-1.5057258106362834e-06
-1.3166610078432886e-06
-1.0364256497639332e-06
-1.3433326178831824e-06
-8.74427440875378e-07
-1.3161510718486237e-06
-1.1804550813057748e-06
-9.057614365533313e-07
-8.950288369541576e-07
-1.9098246563468515e-06
-1.6357859572558987e-06
-1.5849515277834683e-06
-1.7340967343881385e-06
-1.6635143832967582e-06
-1.6564037895039764e-06
-1.614905567361415e-06
-1.7217020774330227e-06
-2.054827308273633e-06
-1.8454904412229318e-06
-1.7590112848766794e-06
-1.5861123377665838e-06
-1.4489730801869882e-06
-1.4336817289235856e-06
-1.4091837733253164e-06
-1.089836273506619e-06
-1.1561814087852124e-06
-1.0583379898215988e-06
-1.4067095645697446e-06
-1.2379587680563283e-06
-1.2088378845739364e-06
-1.3577580417674014e-06
-1.2139101386310358e-06
-9.85864496080332e-07
-9.59696219777268e-07
-8.966726202035918e-07
-8.765050657294287e-07
-8.015056399320505e-07
-8.293734102456559e-07
-6.633933998677498e-07
-7.51515987876364e-07
-6.058716579631167e-07
-7.81308324770146e-07
-1.057135052549172e-06
-9.145122914088899e-07
-8.5248738649305e-07
-9.94957466210272e-07
-1.078781188560377e-06
-1.0966643134014265e-06
-1.1019703749668594e-06
-6.644904989048815e-07
-4.913874386568716e-07
-3.641093226431419e-07
-3.580528016300377e-07
-4.957727778926508e-07
-3.7124909711026167e-07
-2.945210892617238e-07
-4.0059082148555145e-07
-3.789891159747775e-07
-6.64226406486166e-07
-6.191854277370078e-07
-6.577487199508512e-07
-8.348377133626384e-07
-6.458915080471612e-07
-3.865871189258609e-07
-3.5017941020972404e-07
-3.463624577930373e-07
-3.812018681620194e-07
-5.493847273404148e-07
-9.357657488719808e-07
-9.937127384984234e-07
-5.136067079126439e-07
-4.618652774802791e-07
-6.703382477250367e-07
-5.698470170466829e-07
-5.028095415582357e-07
-1.0548075377098737e-06
-6.881129100596203e-07
-1.0000972649861609e-06
-1.046125183384666e-06
-1.1404167160570203e-06
-1.343452001694661e-06
-1.2597700405152594e-06
-8.753796881440697e-07
-7.364286855388652e-07
-5.204260760281075e-07
-3.898415709752751e-07
-3.8886065883363903e-07
-2.9282911595129447e-07
-2.398727406005963e-07
-2.089167189204225e-07
-1.397802844007014e-07
-1.872987909294992e-07
-2.2327722340967874e-07
-1.005888636714021e-06
-8.751568114146519e-07
-8.728652763541808e-07
-1.0105703806941704e-06
-5.903934044858438e-07
-3.5634061048397225e-07
-2.2203764265887677e-07
-2.7724070361256493e-07
-2.0706210974636901e-07
-2.0298134597009333e-07
-3.899164832327423e-07
-3.5358381467176514e-07
-1.1661196295007257e-07
-1.1847712289426016e-07
-1.3647789387505327e-07
-1.505116013386551e-07
-2.059912018408054e-07
-4.788389813054689e-07
-4.202051526489312e-07
-5.338001240370769e-07
-3.9907225481396447e-07
-9.421136197758002e-07
-1.4343653952487834e-06
-1.335073323860814e-06
-1.6946953985973745e-06
-1.6122059555022538e-06
-1.5039595719254404e-06
-1.5917841488367735e-06
-1.5395911827066879e-06
-1.4300684412133975e-06
-1.2742377159021864e-06
-1.0996127520633713e-06
-1.185531188083486e-06
-1.2891009456931595e-06
-8.432560847453445e-07
-1.05610427714998e-06
-5.907995854512491e-07
-5.345894538566898e-07
-7.478074032271117e-07
-4.750361239513478e-07
-4.066917624725277e-07
-5.584234330584607e-07
-9.431655093471313e-07
-5.869544039611625e-07
-4.484714005920304e-07
-4.170388310571811e-07
-7.098877437817498e-07
-7.808136417595422e-07
-5.808312466713149e-07
-1.2217562946851238e-06
-9.480545465386833e-07
-7.826984895271178e-07
-7.639797306385137e-07
-9.460485486030208e-07
-1.426349504745977e-06
-1.8937601040576098e-06
-1.7397626800596267e-06
-8.948369798889433e-07
-1.0860397394565183e-06
-1.0008080308849727e-06
-1.0201318921779737e-06
-1.4683573849820445e-06
-1.4932399515735732e-06
-1.761424262743579e-06
-1.7767683099615776e-06
-1.5750914767691196e-06
-1.5426310003224191e-06
-9.526674889288929e-07
-9.596157379174084e-07
-8.505193157496386e-07
-9.57622533961613e-07
-9.229620866756671e-07
-9.92437037439231e-07
-1.075739743538617e-06
-1.000521841113503e-06
-9.372124812519663e-07
-8.256975421419257e-07
-8.831642996180259e-07
-1.2864517055243563e-06
-1.890871304668609e-06
-1.5871595451244502e-06
-1.5897119451606326e-06
-1.7136987640629673e-06
-1.5962729515161267e-06
-1.4061472021003957e-06
-1.203840013288384e-06
-1.1326146220737968e-06
-1.2768298726465825e-06
-1.1757930325176048e-06
-1.034268536757197e-06
-1.0673688700956485e-06
-9.983304388933228e-07
-8.682462327703467e-07
-8.709197240258854e-07
-8.55014971218932e-07
-7.28075606191312e-07
-6.591096219263246e-07
-3.370403844740024e-07
-4.3327364412309384e-07
-5.974229258788034e-07
-3.1378326176073407e-07
-2.9450898056085054e-07
-3.303661555020409e-07
-3.5720358200537534e-07
-5.627310210237974e-07
-8.010841101908968e-07
-4.049966338260236e-07
-3.3739971172508376e-07
-2.845181296817356e-07
-2.4917755720505534e-07
-1.4638696812754563e-07
-1.7868708771065603e-07
-3.24747559872136e-07
-4.2566742256103343e-07
-4.5780668158470316e-07
-3.3063978287794235e-07
-3.886367789231439e-07
-4.7577659053651454e-07
-7.280818273877095e-07
-3.979889250423959e-07
-1.7747609235727766e-07
-1.398062107893094e-07
-5.622189186632804e-07
-2.966176677116689e-07
-2.707959938919447e-07
-7.7706287034592e-08
-6.353184237131817e-08
-6.251593415779806e-08
-6.397599131939084e-08
-7.707494560278334e-08
-2.0060185571916614e-07
-1.0011488382343925e-07
-1.0292410900513426e-07
-3.5208537320209467e-07
-6.156408521410075e-07
-1.9486737741132215e-07
-1.890543572884511e-07
-1.740374149979592e-07
-3.690400060602567e-07
-1.4339429875926051e-06
-7.885457657047718e-07
-2.6758957426830385e-07
-4.36262704776406e-07
-8.11846313632082e-07
-7.314715088779378e-07
-5.268429506318002e-07
-3.225618604153203e-07
-4.866400605284003e-07
-5.429350656632542e-07
-3.774068804634428e-07
-4.4992438259012283e-07
-3.97571556976362e-07
-2.660081882502844e-07
-3.3207891718760677e-07
-4.983336854938561e-07
-8.034557271019838e-07
-7.013376409338013e-07
-5.629979503501764e-07
-8.320654766672911e-07
-5.46243896864056e-07
-4.157846420740599e-07
