16.018527666727703
2.8831456590581825
2.01874429208261
1.7216853146199826
1.4766584546477706
1.2446689340803359
1.142147375477685
0.8824452029334174
0.8530598989239445
0.7121036538371334
0.6284696928880833
0.4377344791535978
0.4942805594592183
0.3953390543659528
0.3427695372590312
0.3493923533845831
0.31092177441826574
0.24857656768074743
0.26349673944490926
0.22341708921723896
0.19221851471121665
0.2016785509315216
0.24562019482254982
0.23815503088688408
0.20119889059828389
0.15387381730532204
0.15116626921075363
0.1300625205255562
0.13208087844153246
0.1338114221213834
0.08568539059962388
0.12955628266489064
0.1308771664345706
0.11349284562661692
0.12877924540252597
0.07995587220001552
0.09136361712201808
0.10906347692771642
0.07159121371633201
0.09451957532480636
0.10949791653978604
0.038863037514534814
0.10020087424803663
0.09826411282712663
0.12213256118681144
0.07243933171654741
0.0599508521285046
0.11106436599597887
0.06878808187751996
0.08410094917107253
0.08787981216381821
0.049207784269970876
0.028766794820074684
0.07067310046059666
0.03520321683889186
0.050109527824032635
0.05520937619385896
0.026649608759692422
0.02296294639300969
0.06495877943450103
0.024810793861332867
0.08977184217009279
0.060106588130885805
0.08884435736453505
0.10454512138299092
0.1102689619831465
0.09075093985086789
0.1365465217752865
0.14402070307793716
0.16487774494345542
0.1278231121185753
0.12360491620859614
0.14995805586308794
0.09280787433359634
0.12903665247614737
0.1167263316542462
0.10246768485133846
0.11048021095080508
0.09342421048872725
0.08466801340519278
0.08031295260621442
0.06179530985860361
0.07342314844330151
0.09489164144421618
0.0733711307833868
0.05377574394353562
0.10322117940867664
0.12124956206039146
0.10946160651144089
0.12102282764735045
0.11911442987965765
0.09773535244339318
0.0998074026660847
0.07136519801699454
0.06487391442405405
0.06562526933676391
0.062078629766970324
0.06170385160172979
0.04425535085438578
0.05939485339654817
0.11071743478101713
0.04737085386834763
0.09535582298067985
0.03616941669585045
0.022225874855562492
0.06123819422942621
0.04333069745916873
0.04959413021182021
0.07085999466168384
0.03734049000949771
0.07158742070680967
0.09090270456444058
0.09504905579335711
0.10708412969553913
0.09066509876693427
0.09010742820316443
0.06809555158812415
0.1053167903813085
0.11397609204329827
0.09602732561459695
0.07166908871106527
0.09623144924558734
0.09761196109293788
0.11711606038389383
0.10041745883171205
0.08336022132317777
0.11472848956300705
0.09421432871130053
0.09590060864057806
0.13010460588460168
0.09699655338018029
0.09893266001233349
0.10880986373457643
0.11585627422081651
0.03492982050886861
0.07094968487810413
0.033294397587370544
0.04626270874265443
0.061112495005579186
0.08186501634514166
0.05128265543047477
0.06561115917025341
0.07199823535564873
0.1034203724314769
0.0941955067176389
0.11823652839908998
0.1399122194421512
0.1431000811841201
0.11307410923419176
0.12408087623340112
0.12322448454452334
0.09936709349966366
0.07395268800771898
0.08504699584726175
0.07282258621934387
0.11759833159858654
0.12249294192426735
0.08512169712533553
0.08344086521753559
0.12680863285506214
0.09619783154792255
0.13058300250796256
0.09255439408675388
0.07114437753679576
0.07226515438890567
0.07423130517687511
0.08148630404482698
0.08360862006709256
0.0799935219326505
0.10232001462093278
0.1161673923747407
0.11763759745560863
0.12293164652806741
0.11694016497306249
0.11588468546634195
0.09705947455950081
0.12136541060344488
0.10065419678748758
0.11675754215361343
0.07846832603078198
0.11798276086510331
0.06097845365810725
0.07466263641361837
0.042972987690181645
0.10308727773803252
0.10535972613703322
0.1399782721505121
0.1025285226189428
0.10230192176445767
0.0943694372350971
0.07698239374871331
0.06578362981478374
0.06824729239775075
0.07079450022946629
0.09831202119218048
0.10321966675972497
0.12491218124826749
0.12608758912042337
0.10925470246217663
0.12258766515663376
0.11276534404950561
0.09435556066670904
0.166736610337264
0.09797329655675976
0.1667174231476599
0.11128764134762739
0.08668851410901104
0.13296757430847114
0.12177271320036163
0.12261615127876953
0.10509112118570893
0.0793905884751843
0.0940210045211845
0.10954690966927619
0.08325572036577526
0.08230523402906126
0.06095563734157218
0.0681143860479265
0.048039323245002714
0.06670104475536694
0.043220448918334486
0.026361509174522426
0.06105095731887828
0.053642053668025054
0.0715631506604108
0.06421435539420971
0.08092360086016857
0.0906705869430745
0.08782397997048166
0.11022603429026073
0.11305990718581059
0.125288146375506
0.10072904407840085
0.08642658007037998
0.08461862173862755
0.09959984562118296
0.08180478753315078
0.07806149457960769
0.07839340394086859
0.10021819205333789
0.09197183194811698
0.09961083045022355
0.07689221391316366
0.13672789148296471
0.06821473743507846
0.0760674054423968
0.09616830868267075
0.08994083093582755
0.10728665298126915
0.09191612599210607
0.09244304413786503
0.09730727894714584
0.08162344316089595
0.08232851348886336
0.06907057943236497
0.05969135962530143
0.06785044869132063
0.0689147260143525
0.07427287122441663
0.06437504802468336
0.07607498097543915
0.08152153122204321
0.09127213308777384
0.07097259646764507
0.08108907227438909
0.08803026378154755
0.12042951478657347
0.14008669086076594
0.09782683325223236
0.14875622192846127
0.09010475344473014
0.10745471121777815
0.1331481206084222
0.07350548070476011
0.09444107619735102
0.11972139902516371
0.1362101712126147
0.12171581166761893
0.08989081179067769
0.12383730569854379
0.10633673230013638
0.10627226666892292
0.09854661268009632
0.1083125868268932
0.08279757298037617
0.0993712794346114
0.10653089957863644
0.13243193427721658
0.12022428869925163
0.0939246844155369
0.10683768150327658
0.09097298952164473
0.11549553328573152
0.06873697225280383
0.09735901144126223
0.07302870863565693
0.046985377574822414
0.08770631688336532
0.07095147884899268
0.10548458992788154
0.054110704360667755
0.07155552202904666
0.10619973943189338
0.06933435511395887
0.06036108571829067
0.03776030307441639
0.07324940700911814
0.0587090024103721
0.07345414582501959
0.07443599416701882
0.07660251498412064
0.07535047285879652
0.07539710209325508
0.08376442078776934
0.08752275313492175
0.12387406528944632
0.1067873656715232
0.0896883453414948
0.10816664745787555
0.07937857588856584
0.03965241952230119
0.049369937705772894
0.09777092343817155
0.08112791867029888
0.07757691219793977
0.10513528250157833
0.08573250269034395
0.10395584374459253
0.09596133018257441
0.09285221827492394
0.10746944333530134
0.12869204594581216
0.10981230503293099
0.13304316379880118
0.1680804319093349
0.15515947045275458
0.1397238604927056
0.13032266820233349
0.12340476094417412
0.13304002387276678
0.1202833064124678
0.08117599393396328
0.11332092903278491
0.09237786447974267
0.10204927040332998
0.09177217946422321
0.1266448153441565
0.11465949047177909
0.11299818059692539
0.12503457676481317
0.1163419753925323
0.13805442194764814
0.0997806290095603
0.11273330185752085
0.09049303512330409
0.11160939585641716
0.11984857013966474
0.08624522489305862
0.11017207321883352
0.10211409076496407
0.08337115898245463
0.08486671299087228
0.11778794629154382
0.12068429916959118
0.10964037831527768
0.1286797391043769
0.09151723884322026
0.09178782699422704
0.11012426296387005
0.07744080888935262
0.04907589893857086
0.07294415999893789
0.08858501569462802
0.055036276768617054
0.04575376964553639
0.026205210959435336
0.03580828166256348
0.06666800793674257
0.006241813177001421
0.06728125073843533
0.08259832066121614
0.03457335644850024
0.06295014230568928
0.06784138410714352
0.06390277190237409
0.06726141574068202
0.07313359589143484
0.12227334130417418
0.09918003067098281
0.12185991927981377
0.10207350586575491
0.10247691813856363
0.10002628830261528
0.08374291299669831
0.09285077306062535
0.07768243516760844
0.09347088033057473
0.10464355713446383
0.09332461834505752
0.13465999622173883
0.11241163288381088
0.09904550981742365
0.09358909618350919
0.15780739855297185
0.11956302047366518
0.06331410763474803
0.09981394210761343
0.11214786961122795
0.07913086340003819
0.08236576037274466
0.08848342566785437
0.09660688877381661
0.08810629385213058
0.1028115537310778
0.10412892011097735
0.11471551577388137
0.12360975474843548
0.09923308452211872
0.10257918345828161
0.11007256164318985
0.11463843161861102
0.11272344993496383
0.130499802098644
0.11696877606489041
0.13873419041434923
0.09376554001398661
0.10483094839933242
0.09517074840281296
0.09255108532185356
0.1095232448833822
0.07831004966283217
0.12880140163556295
0.085831251271345
0.1183980321770327
0.10059782436669425
0.11409217617646963
0.08204599283366136
0.10032618840880415
0.06208907699221055
0.05903424268924735
0.05095938324531609
0.06396331037049768
0.09476762478826223
0.05497120551040603
0.056330752472772645
0.08336727647973155
0.07281891644621889
0.09828645775646523
0.05927275027432996
0.0806574108492997
0.07114648249396985
0.06555781052965257
0.10266405183614956
0.07548388947422306
0.08305097167720776
0.08104133162716473
0.08910837569446475
0.0726306859438342
0.1103714485825212
0.08425650914648065
0.09597132342902047
0.12546450472264378
0.060013240151521235
0.07742026380125296
0.02975479554798868
0.08367716907351105
0.13922982032117606
0.09109594345230747
0.0872241760155669
0.0643156983855146
0.08099157401119117
0.09158934200240765
0.11105981396718158
0.06494386798025246
0.09202435838610486
0.07043728244456428
0.08564273975962014
0.09769120833112134
0.09117750278932767
0.06948075750497756
0.06878876710241591
0.07447577943094075
0.04828217401410694
0.09449797987730967
0.06424756488693809
0.08913052937498799
0.11502128839492798
0.11968860761434943
0.07679829127327711
0.09480728365963807
0.09347155493580633
0.10701638225603986
0.12056758351348064
0.09188623447833513
0.11778305288128278
0.12582828521004152
0.11202846253635707
0.04545203993243545
0.07750335420240406
0.08845958210251949
0.08307812942398919
0.03697057772013876
0.04992367895492525
0.05474552765695585
0.06893803047326703
0.05990084425408255
0.05968481141004573
0.05545612071054401
0.06088015402632731
0.06546972242735878
0.06813937832635862
0.05713022735694216
0.10335274751263636
0.09185824847642195
0.12063981606452553
0.08721721711292586
0.10048340633511543
0.07544602375667266
0.11909223872202414
0.09109867133062195
0.08365886673089806
0.05438738061046159
0.0895337716296867
0.09300279627657598
0.050303211358065404
0.07600160941688551
0.09083476500516688
0.06160271814506915
0.08739013079967764
0.09889447242582079
0.07742303149360749
0.09517426052156629
0.08204433462513541
0.07781724361012932
0.0902825559972337
0.06700774294289726
0.10938888631278167
0.11639525787042523
0.09751833257851777
0.11088629639535039
0.09782949433213582
0.0967806150653848
0.09995426877436263
0.0863424507196113
0.07822162174205813
0.0742296302449648
0.09300271878708843
0.07582184505924859
0.07400297120006548
0.08814002525199342
0.09070976102655684
0.08939886330713138
0.09118229948432634
0.08821645756985096
0.06835686682757956
0.10289882809889538
0.09459424919138353
0.08542925717645428
0.11668573609656757
0.08028037020186377
0.0928591280416758
0.07381955011644298
0.07869719884668787
0.070566760574433
0.12043016969605728
0.09804330200508789
0.09894461837959373
0.10410724039603439
0.09014478955348884
0.10661477986205783
0.1424137272492603
0.08474253339011704
0.09470423402402688
0.1092398084734601
0.09224138298520336
0.08159518779979812
0.088977788596552
0.11638439835169939
0.06315466095865876
0.09479789541068452
0.06159624940267316
0.0846926494570518
0.08574541398168851
0.10457509359413827
0.0852800885008441
0.09376193593359655
0.0874207071201117
0.07248535979953077
0.08114530267172355
0.08981139616419871
0.07622207371793964
0.10346786046607627
0.09114013156957096
0.07810651124627502
0.11475559307641729
0.06306839767946965
0.09112893007005807
0.09443347975590129
0.0912173137249839
0.08674196400507181
