-0.013626181619132266
-0.013489603716880082
-0.013329137511113111
-0.013194479891920791
-0.013109644524314824
-0.012983342764132164
-0.012852939809946453
-0.012720505690530818
-0.012669892609119415
-0.012575653743217972
-0.012464457925628213
-0.012358928384149776
-0.012243103926234386
-0.012145706162075786
-0.01206818648668773
-0.01197446216007366
-0.011887747854651774
-0.01185195332064348
-0.011804897091625369
-0.011754242571837761
-0.011760156218181638
-0.011754901389427044
-0.01173180009731475
-0.011674129639697425
-0.01168007732314222
-0.011661556993118103
-0.01162759299554369
-0.01163519408334704
-0.011646687968031448
-0.01164420255295494
-0.011678433286793091
-0.011711369312423118
-0.011693646846448674
-0.011674129245254924
-0.011688172362525673
-0.011652979506727527
-0.011590430836248047
-0.011594398730598829
-0.011584378702237325
-0.011600780235055615
-0.01157484566245009
-0.011562760492019793
-0.011542731967261608
-0.011537687288706794
-0.01150952338186257
-0.011503986121319672
-0.011523296514197307
-0.011594257635228774
-0.011599792918080793
-0.011605570284540163
-0.011600789690718932
-0.01161411350373836
-0.011625001749352498
-0.011606133038945058
-0.01156287668272853
-0.011575731618658585
-0.011596669453908415
-0.01157719923512024
-0.011542165958706071
-0.011527872616972993
-0.011513650406371145
-0.01153075800222509
-0.011524594903868788
-0.011519623553270802
-0.011504504955647622
-0.01149153400431661
-0.011482360630350954
-0.011513280397390618
-0.011558360847480157
-0.011561326748308013
-0.011609740511459462
-0.011627481927109115
-0.01160946076954989
-0.011669663569944746
-0.011704433862777317
-0.011717054987435832
-0.011737502711441587
-0.011732500265626347
-0.01173127992078662
-0.011753694932250416
-0.011753082510960453
-0.011735430551583275
-0.011775855342035785
-0.01180095437585431
-0.011776822849231608
-0.01173977307317888
-0.011725007633075995
-0.011736237849382793
-0.01170659514472765
-0.011750995433505844
-0.011752887092092459
-0.011775310983990922
-0.011748735814848367
-0.01172323226380874
-0.011705948993125383
-0.011712613860693048
-0.01173778145628817
-0.011761410583687178
-0.01177036326707286
-0.01174334447063944
-0.01180851490729872
-0.011833423852701398
-0.011827453762731132
-0.011808444345917771
-0.011818776991875732
-0.011816956437028505
-0.011828924452557283
-0.011861899144509259
-0.011855821771656765
-0.011881464862209909
-0.011930303352282328
-0.011923823774080066
-0.011884859620648272
-0.011890809741966865
-0.011878909017233288
-0.011877951666931896
-0.01187373852247701
-0.011881175637245178
-0.011897732301012558
-0.01191426895230132
-0.011919578153859167
-0.011948345974087716
-0.01193470592774889
-0.011961593051605365
-0.011963296961039305
-0.0119638252291171
-0.011983893039252827
-0.011997277481371865
-0.01198290502652526
-0.011984728282207951
-0.01199290797333507
-0.01196654405006591
-0.011975141894072294
-0.011967938634402611
-0.011963948437615352
-0.011928038655177635
-0.011901476562899702
-0.01192762338939835
-0.011945911387310309
-0.011983064337469198
-0.011987234290470095
-0.011973742340855738
-0.012003278611775707
-0.012013936820713913
-0.011992944010040339
-0.011970675210742389
-0.011962100140312138
-0.011969966545481893
-0.011966148785808508
-0.012014657434295205
-0.01204702949480099
-0.012069120849756634
-0.012050783015130198
-0.012022885696633774
-0.012048299418871894
-0.012071684232967742
-0.012051606649423346
-0.012051957790904186
-0.012043893118115032
-0.012076336868545588
-0.012068702587310005
-0.012061025235144532
-0.012095706509974073
-0.01204248462420176
-0.012078330802785999
-0.01206465882851797
-0.012116710030857255
-0.01210087709238424
-0.01215390982106328
-0.012159685489228543
-0.012166132810799514
-0.01219846155932721
-0.012216433712883907
-0.012238740564926583
-0.01222999822896193
-0.012205637996906743
-0.012235296818920795
-0.012266557165147627
-0.012243750669500408
-0.012267577894689406
-0.012236497742945657
-0.012193730309167329
-0.012167532725588364
-0.012184232007712126
-0.012166178045684801
-0.012179237971191897
-0.01222331654828261
-0.012213768470374977
-0.012223624722922549
-0.012199812316719223
-0.012187728691188728
-0.012186876865213409
-0.012217798226458184
-0.012205052249790991
-0.012221892397193347
-0.01220377939479316
-0.012181713968953666
-0.012169305240625844
-0.012160282565609496
-0.012164067860473604
-0.012125508629662149
-0.012105204526554135
-0.012123083306805177
-0.012100023831076482
-0.012101023238809669
-0.012138409101787736
-0.01213496423271649
-0.012126872014692602
-0.012112696819445667
-0.012124473722103764
-0.012136052012005273
-0.012152597905300997
-0.012166706560289158
-0.012153816935332382
-0.012198738326482913
-0.012192067471058929
-0.012162137891658965
-0.012164117006913704
-0.012141897041788873
-0.012143404590075508
-0.01211075007038958
-0.012096941635450897
-0.01205802989904495
-0.012027923949062824
-0.012012943625450134
-0.012047820384888087
-0.012055059703176512
-0.012069293982623255
-0.012079054237726856
-0.012092960176660734
-0.012075656619580353
-0.012113792750546162
-0.01208125699640197
-0.012035500959438436
-0.012039541765390073
-0.012061221985255971
-0.012051019362886162
-0.012050820793956519
-0.012065268061397707
-0.01205201525350704
-0.012035785774316857
-0.012042349544079865
-0.012025961740051999
-0.012050848832244382
-0.012051670631284223
-0.012046985810293872
-0.012052383794284919
-0.012012345135650214
-0.012008375964839668
-0.012033454997136312
-0.012074366726857775
-0.012058612791930929
-0.012026342596201335
-0.011997838745660641
-0.012043087370693683
-0.01204800130251576
-0.012063640892943915
-0.01206514781121822
-0.012070330111857723
-0.012096366236972458
-0.012105699902509941
-0.012133595572017571
-0.012092382526573013
-0.012071869226501268
-0.012036324725212419
-0.012029399076367126
-0.012056908471619382
-0.012044542370473638
-0.01197920348495245
-0.01196660787853248
-0.011979595358100007
-0.011953713596962831
-0.011975537191199906
-0.011980478191638694
-0.011966769298648133
-0.012004351528251873
-0.012007191996364033
-0.011968766662346966
-0.011979733412975774
-0.011986336983082926
-0.011934835518545964
-0.011937421839684248
-0.011956238374114036
-0.011985802316271207
-0.011978043582947816
-0.01201209381551427
-0.012026251600507428
-0.012022971487878
-0.012007140099783153
-0.0120224273763597
-0.01202562994816724
-0.01206012538579457
-0.012115706930703976
-0.012114121463588055
-0.012116339293253772
-0.012108413771014003
-0.01211907283457763
-0.012093920216840855
-0.012067863465670276
-0.012090116459876298
-0.012080478043678929
-0.012085314757902832
-0.01208166303113103
-0.01207633314325529
-0.012045372940380784
-0.012085123442332535
-0.012101421390167054
-0.012092373963883695
-0.012116340854588677
-0.012152596995891893
-0.012160751700182172
-0.012179274133899633
-0.012162325005320941
-0.012119456243646496
-0.012109569838160977
-0.012107222642311278
-0.01206701930393191
-0.01203946217565852
-0.01203459728618755
-0.01206339673303506
-0.012085946145303108
-0.01207900471327936
-0.012118356642039384
-0.012147040078964303
-0.01215623787001652
-0.012158196403042358
-0.01215398028931197
-0.012150161362746183
-0.012186387860599687
-0.01220218874514103
-0.012192685036536526
-0.012158955474767615
-0.012118847399730893
-0.012114491472568581
-0.012136585364008651
-0.012076749888193957
-0.012083800032954006
-0.012074481361709974
-0.012066156093907706
-0.012088863239349688
-0.012075001795721404
-0.012078894181724857
-0.012080136023680953
-0.012057203585829806
-0.012059846986085176
-0.012079874869874295
-0.012074381304795252
-0.012072021968881873
-0.0120806296246455
-0.012127735761596876
-0.012137154659585042
-0.012110754354473422
-0.012158904317766428
-0.012183824061032604
-0.012180793115540463
-0.012201098270495148
-0.01218707584502066
-0.012183574609020177
-0.012195063552216572
-0.012176430888254854
-0.012144881821073154
-0.012129822061123216
-0.012129683600848212
-0.012115596475846627
-0.012125079684397754
-0.012091107940410866
-0.012065533313023694
-0.012096194857183626
-0.012103426456451415
-0.012112690930199973
-0.012124091184095425
-0.012111169045024059
-0.012132608233129278
-0.012141918538905241
-0.012142925923142363
-0.01213329094736015
-0.01212762149379534
-0.012116230646257891
-0.012147691599367296
-0.012172057057785637
-0.012189059025224517
-0.012206806773867677
-0.012180115271578817
-0.012197059623020538
-0.012224144581705332
-0.01220482359366382
-0.01219198017326348
-0.012144477643510874
-0.012118083512520089
-0.012140770645483452
-0.012154026592479033
-0.012129625113790525
-0.012156033252968507
-0.0121673726805431
-0.012140557169914246
-0.01213855019715779
-0.012123841945739353
-0.01213736598215559
-0.012133882260497879
-0.012108834630207104
-0.012093598653069314
-0.012107884105952347
-0.012099144059945555
-0.01208539155914503
-0.012096872525837491
-0.012064312546349624
-0.012094745209769291
-0.012117410834659548
-0.012137934680589858
-0.012149977634715684
-0.012200376194189577
-0.012203066702932119
-0.012170113042435225
-0.012167771456434447
-0.012135406912249676
-0.012095552743138636
-0.012110539564095876
-0.012097624930388786
-0.012118328510619262
-0.012103783898055553
-0.01211451211505953
-0.012139382092830013
-0.012150464283631129
-0.01213832528275602
-0.0121446266058175
-0.012136357146150925
-0.012174745084827437
-0.012190054225571016
-0.012175300405086839
-0.012150113553027897
-0.012133112955181038
-0.012131608836352826
-0.012153286015724435
-0.012154528197339353
-0.012153498696930267
-0.012155671099967817
-0.012184805203886593
-0.012167060901136959
-0.012179078413721393
-0.012169353083214339
-0.012174404341289226
-0.012234187728780158
-0.01219804730704602
-0.012185924472835135
-0.012203058896257597
-0.012218486205400789
-0.012216546008472934
-0.012201018702677067
-0.012229088398025317
-0.01221650259788422
-0.012199046177899136
-0.012150672565707388
-0.012151542349773295
-0.012177509283099104
-0.012184759366380818
-0.012146958013010375
-0.012138898018747568
-0.012132276479593095
-0.012126547251554097
-0.012177303000627195
-0.012206408540334772
-0.012257642529028303
-0.012261619627037468
-0.012261384966618874
-0.012253955329823143
-0.01222184920026099
-0.012210193818763775
-0.01218199926045011
-0.01220748073366635
-0.012235791762085522
-0.01223652552922859
-0.012280218966086122
-0.012271012053551043
-0.012282966964823358
-0.012261087244705243
-0.012263363501166595
-0.012264165895826675
-0.012263460736721753
-0.01229245453963385
-0.012299500860492973
-0.012293930691392983
-0.012295453650329044
-0.012269205594544901
-0.012265862749122522
-0.012244336778188453
-0.012267777027890963
-0.012271128014168318
-0.012206745996852132
-0.012168470550985896
-0.01217115647981272
-0.012201103918692644
-0.012179036558989217
-0.012141010203563115
-0.012153684002730777
-0.012199219338157598
-0.012215858445886303
-0.012225257024607238
-0.012214335536255555
-0.012178808017907774
-0.012179442856679944
-0.01217790359412046
-0.012181283424005788
-0.01217434611171484
-0.01217954839744112
-0.012164797803715748
-0.01216587874600116
-0.01211834148339489
-0.012096920220510048
-0.012107993054258474
-0.012111715857377824
-0.01215432269827408
-0.012184671553618768
-0.012141356973306221
-0.012087740645031719
-0.012122665301841848
-0.01212726027759559
-0.012102190837921465
-0.012108901449862649
-0.012121264729648829
-0.012084966141949682
-0.012084530524032957
-0.01206843873266788
-0.012069602332570973
-0.012091012496282073
-0.012117989366764531
-0.012135468094664462
-0.012108651559580776
-0.01208893982693553
-0.01208667798406061
-0.012068671398960493
-0.012053385130403674
-0.012042043971664765
-0.012028831939267761
-0.01199967560960966
-0.012009384515969192
-0.012042708459365017
-0.012066012116916039
-0.012055575869539205
-0.012074651623911718
-0.012056614540736465
-0.012020688766942305
-0.012005954805542441
-0.012013379845987347
-0.011990681033143226
-0.011995356990134015
-0.012008126759353806
-0.012015692215851125
-0.01200982164043714
-0.011998814903199673
-0.011988352250088664
-0.012020214931929812
-0.012027510507580112
-0.012018035828848096
-0.012007232207585783
-0.012013755004633876
-0.012035668898812111
-0.012046829244012342
-0.012079200652592322
-0.012071747875169797
-0.012099190828773905
-0.01211109456660993
-0.012081123494050081
-0.012109175379223684
-0.012126468697234112
-0.01210461761254598
-0.01213657806682236
-0.012150327291558771
-0.012165354849661098
-0.01215796942329582
-0.012173066803199403
-0.012172300056280458
-0.012171060498803853
-0.012147068215862793
-0.012147651826414993
-0.012153507884153548
-0.012161593949970077
-0.012171807605773211
-0.012142340800560572
-0.012138829002266422
-0.01213522097643684
-0.012110661490655997
-0.012113444961826592
-0.012106571784790824
-0.012096995241282618
-0.012126877493060687
-0.012148404981502716
-0.012175079248845578
-0.012194977514445782
-0.012210307182634578
-0.012209918448591933
-0.01223061537808355
-0.012204614424091927
-0.012200978447628371
-0.012172322194365894
-0.012190848441027543
-0.012165253554635188
-0.012181508776677005
-0.012187288893277155
-0.012183227888582384
-0.012142331509248299
