1.4561489306828554
0.6326975177316104
0.5304034951855154
0.43357527405023577
0.377801550135893
0.3317171672687811
0.28536252559107894
0.25502508015317077
0.21951014323927023
0.19836685609291582
0.17477717631332138
0.16068070289843223
0.14125789328313926
0.13019148679724074
0.11976693589240313
0.11500255685737905
0.1076501845710856
0.10154988840222359
0.09111866653239464
0.08780675484415362
0.08248652165810413
0.0796078998978962
0.07735980305382434
0.07666252808754935
0.07390255862299133
0.0742244579418398
0.07128079568090684
0.07215172859620961
0.06995546890915755
0.06973265277440933
0.06628686639973345
0.07041562564451904
0.06797758602975484
0.0684921994640985
0.06408371248638586
0.06432310981018578
0.06180723082712468
0.06254174420336152
0.0638368151999791
0.06284132900045199
0.06397816326250048
0.0648726546424715
0.06314606852281619
0.06308355898705914
0.0642883602228454
0.0648070458925384
0.06242956704295734
0.06272896526874426
0.06377678506952875
0.06348914666347863
0.06431286596583531
0.06373424422653283
0.06468044119777487
0.06100361839703777
0.061676902313004524
0.06285496586933732
0.05955154870308059
0.06263921097304453
0.06342564837678391
0.06285151778994237
0.06239715654622106
0.06298243818147217
0.06198089713888133
0.06561991347219137
0.0631775309167364
0.06456286261022529
0.06572732984033577
0.062275252713109644
0.0660339860300369
0.06392157969393712
0.06447966367225437
0.06606193601208575
0.06366565527997034
0.06408706020618625
0.06518343814155635
0.06292329762021408
0.06473022895755574
0.06257351376664112
0.06403298542615683
0.062210794834091386
0.06374977530418512
0.06417930826325627
0.06542985104298328
0.06450699235805694
0.0645479592768585
0.0647653740228099
0.06315466146642233
0.06342524427044041
0.06467905382570975
0.062056139303261745
0.06437533802681547
0.06364372984013136
0.06590097753659767
0.06393590572235339
0.06732535499476773
0.06519035029033309
0.06329815945971538
0.06455389487502329
0.06342868168893105
0.06326316282262696
0.06261685583466554
0.06483100991531768
0.06484153823625735
0.06330651300411452
0.06292986609041691
0.06552205823964494
0.06345916192923837
0.06252456795807709
0.06146080518579659
0.0633152897346436
0.06417903060312657
0.06308343597852131
0.06247082355651347
0.06287383606164333
0.06522254276308505
0.06191674581564525
0.06593691262361757
0.06176917454611291
0.0656072292559068
0.06484655350008432
0.0625722406021155
0.0642482586835018
0.06223510241902926
0.06545099249273977
0.06449248006786494
0.06329385256120826
0.06360199221628993
0.06424505567890318
0.06384110688231885
0.06327543817734456
0.06499286923037075
0.06170809097067617
0.06370234836221618
0.06408031623920098
0.06258681223125143
0.06223742612774539
0.06432449222980614
0.06316774470512482
0.06272474318633185
0.06497865663567448
0.062162029529538226
0.06479600581121357
0.06363737173378467
0.0644064478959669
0.06212298320332432
0.06381298361811787
0.06418222994543613
0.06257009450072314
0.06507834719000932
0.06195327084895004
0.06522196529926184
0.06302135623169734
0.06276098201599191
0.0634600442738327
0.06334194078603211
0.06345447902293766
0.0644049953614526
0.06325690298724701
0.0626722697812297
0.06367201652268277
0.06239526708446005
0.06293468565187034
0.06288230883724549
0.06430830609820345
0.06345959797720699
0.06293115894967581
0.062129218495615264
0.06289118931847898
0.0625262637184385
0.06278596125159631
0.06413331435555045
0.062172268481706
0.06394360813805286
0.06289261373800828
0.06371874804882442
0.06310305036878323
0.06415137841284056
0.061240908533663437
0.06258804042111425
0.06324899141567157
0.06443936470348169
0.062006617567556745
0.06368969928966288
0.06359326112330617
0.06373551606255419
0.06308290562729406
0.06204814769683734
0.06360012162476777
0.06253741515033386
0.06259852993466399
0.062355355050086096
0.0624137728694169
0.06262648577856667
0.06300734422060059
0.06271250950829947
0.06329376840114813
0.06314138860496528
0.06331989470157115
0.06486714322886923
0.06288036962094552
0.06123773656128084
0.06293648712145274
0.06188903724884286
0.0640774660743773
0.06293314250651746
0.06409463295439148
0.06058056849493262
0.06472131643882569
0.06415974278523422
0.06176464157452916
0.063331417659955
0.06125085560933632
0.06326019940486945
0.06238358135554282
0.06255866512108375
0.06323911658049945
0.060623029230491204
0.06206440709476523
0.06237341625177685
0.06252841794698992
0.06217859769787858
0.0630702570450547
0.06250441888182917
0.06319145160069799
0.0627004903028993
0.061505691359257875
0.06374892046921612
0.06402898586409933
0.06294980993603959
0.06295168712899527
0.061132806961369864
0.06130734428434687
0.06216388708802269
0.06218928142505534
0.061990747340571355
0.0625319289180505
0.06163815576583147
0.06407333497944123
0.06406831235679633
0.06242131780120818
0.06272090202033082
0.0628977692740805
0.0636768988087116
0.0629557323299677
0.0632903898929191
0.0641989871092579
0.06362234588219401
0.06434943230329629
0.06114387391135097
0.06345811578828622
0.06270878506030012
0.06135774330674287
0.06218007655869074
0.06149401185650598
0.06155547018519
0.06228817642721183
0.0641484666889643
0.06317361226469717
0.06303131202345386
0.062279902379411986
0.0636005140210995
0.06263037958072827
0.06219023767420474
0.06484630764188136
0.061910127243027094
0.06342041942510096
0.062304977107080904
0.0629693353192552
0.06233854455845978
0.06320289966979009
0.06416586793630438
0.0628572900149533
0.06341169751112294
0.06370010085896972
0.0630003888214774
0.06228789002908503
0.0629673200988156
0.062231647612198314
0.06262576226281988
0.06281333510106539
0.06313282587729832
0.0626186134019757
0.061781220453079135
0.06222722643493291
0.06007596129715881
0.0619510054218528
0.06289093988290166
0.06205071818138309
0.06254572757410214
0.06241380885544726
0.06157302661689327
0.06127545778803965
0.06261194380794596
0.061326531115371515
0.06388782898292822
0.06187903324744719
0.06370278142036541
0.0605770543560057
0.06182812753078692
0.06507476694224512
0.06175671509631416
0.06175454000202829
0.06301862922058825
0.06292877209318035
0.06156590753234923
0.0625067642177729
0.06175493160536622
0.062344104733646794
0.062232884466100265
0.0639172500163755
0.06124595821122913
0.06297893105348681
0.06184115578036974
0.06279020699781969
0.06332057541893686
0.06384639908450053
0.06292367133394103
0.06272558233536342
0.06287455495227785
0.06344677771112936
0.061402174789348944
0.06265875329811345
0.061556052044034006
0.06195916669059764
0.062062593183808905
0.06531472649589619
0.06260699129334706
0.06235929205465843
0.06364053002668216
0.06411574363489361
0.06252039890352856
0.06310728087144739
0.06318247563287835
0.06420958497945001
0.06226510046433438
0.06350048413390623
0.06189317516708637
0.06476880666416357
0.06203684937482809
0.06414197884390459
0.061185054470072775
0.0636265688438845
0.06352698783088914
0.06231341147932279
0.066094442915774
0.06350288874305346
0.06401815351838355
0.06597550315508509
0.06301105841720367
0.06400064394590171
0.06435422518509715
0.06290066417251879
0.06482210276812753
0.06441148404470261
0.06321490378913415
0.0636132377145045
0.06302827935090617
0.06326059900525519
0.06583701990106526
0.06400429310331888
0.065248086906093
0.0633207072640824
0.0653643426759278
0.06652690294910879
0.0644998827647856
0.06381145675447496
0.06479204965426641
0.06285740311312325
0.06421102103503311
0.06467981477103689
0.06263621434815886
0.06375847893958801
0.06361694970058605
0.0632953464272706
0.0631866437547347
0.062187863571350185
0.06350063654758474
0.06497177184586797
0.06355360911556465
0.06428455234340885
0.0637410466942717
0.0653496404808453
0.06406140691765091
0.06552424411946799
0.06501442000050756
0.063624243894318
0.06333383542403359
0.06408438620650593
0.06401071576401592
0.06267807975356632
0.06544424537980162
0.06348743740852703
0.06346891501863651
0.06400649848339313
0.0635307378738242
0.06295041705426925
0.06644596526234904
0.06362298103049398
0.06477018119767308
0.06509432999745887
0.06343727183993905
0.0638887320562978
0.0630601622588823
0.06415411847479204
0.06337367376750883
0.06410221926155774
0.0644427521400811
0.06325745739535812
0.0632979313021197
0.06369067523354555
0.06299985872636385
0.06290636386667543
0.06436403720803997
0.06253039910978474
0.06403003990211907
0.06406279400621048
0.060404327465221286
0.06405906848719015
0.06497840335154358
0.06259069011053618
0.06294495386126286
0.06224218237569884
0.06272469181019594
0.06513103608261137
0.06369148846852649
0.06318440486485248
0.06375382671214859
0.06306111412944601
0.06421241689035122
0.06331033421789899
0.06472565072917325
0.06309421540457098
0.06355282890555614
0.06302289987147293
0.06311101635288009
0.06365472543710733
0.06378860815482981
0.06309222933452796
0.06237546480808626
0.06076720028923934
0.06390314273371854
0.06278157501536256
0.061587315814240894
0.06264952970805633
0.06307376381557654
0.06293000773910214
0.06484291563632295
0.062096595008145364
0.06349810579353396
0.06222897690227803
0.06321515486411312
0.0631574264179696
0.06407108193208629
0.06207075025612379
0.06164930358748225
0.06300683372571846
0.06358343506204513
0.06297345151576926
0.06190800843760371
0.06239988659234608
0.06413719614639002
0.06323605797198766
0.06365227708045174
0.0621254187570337
0.0622901619055911
0.06365505880128373
0.06389925686971229
0.06447605192935203
0.0629973523921388
0.06313742117901497
0.0632807703812004
0.06381057832280503
0.06375202072291251
0.06180041080943364
0.06186970240053009
0.06291581315043218
0.06204315970432671
0.06209383972043939
0.06370498268207644
0.061097402876133425
0.063936512676232
0.06372883934253717
0.0630191557109356
0.06294612435295302
0.06305053926566068
0.06157391095287441
0.06361474531483563
0.06454360178836129
0.06236431834644035
0.0636801314786734
0.0636440045268768
0.06140639921376372
0.0632082561524037
0.06432624972452793
0.06029778400244301
0.06330252532874618
0.06236237122622483
0.06290713867775219
0.062455126710290854
0.0632983963648953
0.06355382615755148
0.06152566503733396
0.06237190262250164
0.06359486238866606
0.06346162384074619
0.0618623395833899
0.06306017102016245
0.060808600055272964
0.06194614001604564
0.06352419028716053
0.061834230525966954
0.06259778867859174
0.06226262406391256
0.06165892738739357
0.061703588586191044
0.06333940697231275
0.06234984467600418
0.06189113609109293
0.061781030967283775
0.06249220892513061
0.06291939665508621
0.06217037101604921
0.06320291772238253
0.062385040266877585
0.061862892934175975
0.0613531002363957
0.06277251911267419
0.06125265558606342
0.06258621234446764
0.06301093349397621
0.06178378101493068
0.06454848534948028
0.06330953486099401
0.0633831477176179
0.06191973539945834
0.06467275546370622
0.06369194542057813
0.061890244779779634
0.06457004024893703
0.0637039902893936
0.06325297941837241
0.06489375075051451
0.06375629406641511
0.06370827565791413
0.06493714151301366
0.06388104465954444
0.0648240568664144
0.06395594398491085
0.062191785489866404
0.06470692257725578
0.06422833167016506
0.06361212285153349
0.062342404360499454
0.06284011770587633
0.06329474169487025
0.06127842835095875
0.06194158797426259
0.0635646124233437
0.06058388597824994
0.06140527403365602
0.06298808658988599
0.06115649249815546
0.06284341396325652
0.06406187450732378
0.06046221123131759
0.06411284023950643
0.06183993843904532
0.06339287449167494
0.0637463707367287
0.0633570154361865
0.06168073205934728
0.063503111466108
0.06210707763264723
0.0643249126342947
0.0637581914649619
0.06204390889581512
0.06345078984604162
0.06434454500456066
0.062237079741488045
0.06418030006701456
0.06258456165464048
0.06291748966939528
0.06488305220846087
0.06311964799430879
0.06487370608100558
0.0631458260858541
0.0648338933420532
0.06326616007341619
0.06341788365012582
0.0622272626058582
0.06266045757733724
0.06369331259937848
0.06408395997577292
0.060966359969118936
0.06276659792946541
0.061842365112320025
0.06246892491300755
0.06233755457215011
0.06248022646588438
0.06362191743956988
