1.4401856774792952
0.6163969197693993
0.5145301613737555
0.41794711027075265
0.36202214342706346
0.3164659239351749
0.2699395897414754
0.23945292677072919
0.20441124136833583
0.1832153516383294
0.16000919844407369
0.1455940481658806
0.12643537728444618
0.11571346701068037
0.10489219041979488
0.10027006958227824
0.09321229704381788
0.08720765266129199
0.07672486544093665
0.07377630614072961
0.06847204196212046
0.06545845269882943
0.06309410112855189
0.06285555648124393
0.05965341783731299
0.06032114053857239
0.057360837715404
0.05821132140288896
0.05622544332462199
0.05599630610633861
0.05243240761132363
0.056365448450121806
0.05378445531515514
0.05447864911573775
0.05035795150872539
0.050686578159494435
0.04800828441922717
0.04889514005249914
0.05014316633288913
0.04920023486346883
0.050216500869239955
0.051212093710680216
0.049721745177007774
0.04971053561962703
0.050604211448637
0.05117603595478132
0.04902918585302199
0.04923189542639782
0.05025599550674943
0.05004825514522107
0.05077952152008519
0.05000923268277856
0.05127453026635682
0.047604090523193865
0.04813840824234135
0.04928994591840926
0.04599721272037748
0.04913764472448212
0.04988896264420713
0.04956105895176092
0.048808482502970624
0.04976682495599722
0.048607903286157286
0.052277920066433795
0.04971319298972102
0.051150246342534525
0.05219218306079069
0.04869655734475921
0.05274089160649215
0.050580368801841843
0.05103178509127568
0.05257571211687344
0.05012382869334782
0.050424706757835606
0.051404365913613755
0.049195756396169174
0.05119535297100596
0.04893840694909587
0.05036586413488669
0.048527896335786753
0.04982317462015678
0.050545472333974696
0.051742542025578375
0.05076697552576661
0.050833571707720265
0.05095903307254262
0.04943131045986186
0.04955644472228254
0.05094481120981714
0.0484055357382578
0.050953416792018445
0.04980508021681624
0.05217884315780419
0.05016624872737071
0.05365928027997999
0.05139299906132852
0.04966814458808478
0.05076835744959467
0.04951603091321886
0.04929889653645018
0.048705490631982686
0.05113637263557928
0.05102814576752922
0.049437142133384064
0.04907689720720929
0.0516129000523292
0.04929763123338275
0.04853370167205439
0.047646692523951914
0.049415794738075315
0.05038888816557387
0.0490217588348862
0.04851123384638306
0.048877221260986786
0.05122780730564366
0.048056217250140275
0.05190490142113584
0.0476795218528851
0.05176992398851058
0.0508076815674191
0.04866821176153334
0.050266595833989625
0.04830982496359331
0.051367899150971105
0.050391452578718174
0.04924696323954884
0.049462945778470706
0.0502677833661437
0.04971756358795306
0.04913095218019889
0.05089205235297627
0.04758989627144354
0.04954760051058496
0.04972995506763896
0.04854736769955386
0.048291257330599954
0.05030937066630405
0.048917586531709224
0.048647544850759644
0.05090181827819085
0.04824095072005601
0.050590702705085276
0.04969775853130747
0.050378972716519935
0.048223532804781026
0.04953442533664844
0.049903368519838245
0.04850213770371149
0.05091260763652185
0.04788417686872622
0.051097333625725966
0.04900722975897438
0.04874080040711252
0.04941811477765441
0.049285998863770684
0.04907654103110818
0.050367444627644385
0.04912331185358412
0.048745818488190276
0.0496857134214438
0.04814454720574705
0.04882375482634148
0.04870911237564595
0.05001887243569774
0.04934478655786199
0.04881738165996092
0.04802925933207221
0.04869223638054203
0.04830345727010247
0.048255659149521415
0.04976478509933633
0.04775866685873446
0.04953545061323573
0.048662296909948485
0.04954953756019035
0.04876977020655485
0.04978288241990787
0.046742576631881735
0.04839818177142126
0.04876531161203542
0.050193451257313
0.04780793242046938
0.049543352931847466
0.049434298290597166
0.049326967141207524
0.04890488065121805
0.04767192045829314
0.049161831538795546
0.0481323377119706
0.04825522278380744
0.04814571725368938
0.0481763238854268
0.04837023881264031
0.04857439460945042
0.04842687388334204
0.04893318484811222
0.04871247088372269
0.04883893632110866
0.050247357982923
0.04857381734558765
0.04699680551557856
0.04868200106874985
0.04783773462233298
0.049869604277260164
0.04853519698714509
0.04993683038115063
0.046422187575851294
0.050411446524016995
0.04993614082169883
0.04755806253182099
0.049091344680089286
0.04703523580204038
0.048869718611240384
0.048254674933302925
0.04829081413610017
0.04894042319672949
0.04631955924663035
0.04792332759893993
0.0480422641041086
0.047998697346295506
0.047753077822134775
0.04882798011086004
0.048390681617071524
0.04920717213467202
0.04881160997456926
0.04744460165007588
0.04951270498499712
0.04990371779593475
0.0486847368260736
0.048701115410007975
0.04704744003110511
0.04708799768020125
0.047692195945145455
0.048026380523600996
0.04786865694777054
0.04829772099414292
0.04758075131925152
0.05016441675012603
0.04966903841396903
0.04815220018465291
0.04842711335102863
0.048857088970458686
0.04943347992375493
0.048783905048142465
0.049191405689891644
0.05006953243385343
0.049579052725697265
0.05012872781166259
0.04700596529223463
0.04939556119908743
0.04840771835571264
0.04710472718100337
0.048011374561225666
0.04727681594188599
0.04743475422865766
0.04822362518924124
0.04989577164216077
0.049198178519659186
0.048976367232663666
0.04826276934815242
0.04926797624896554
0.04828652719254879
0.047976268803262535
0.05061675212072099
0.04778178672251456
0.04931980194797849
0.048173584208330684
0.04908446283901439
0.04816210371551707
0.04930871049873531
0.04990792705622666
0.04884390250560554
0.049320477263673265
0.049482286633814085
0.04891516243052833
0.04833952403517769
0.048983938219573565
0.048137705764897606
0.04855124841937247
0.048787643437219017
0.04913754268713734
0.04849984478753279
0.047793579690487066
0.04811518753276152
0.04602295539396651
0.047740675207665735
0.04897749806918642
0.04777341115233653
0.04826308989568668
0.048106858594452635
0.04744123213869684
0.047024740574552734
0.04818779946140507
0.04735789423096268
0.04958533948725637
0.04761920564205331
0.0493220444111263
0.04627682964646203
0.04756322201231823
0.050763417057254734
0.047443332514889976
0.04755936839398654
0.04877418943352121
0.04876655193374437
0.04712780943852576
0.04833583684692926
0.04762563262518276
0.04800294441280558
0.048266643321360735
0.04954163300640443
0.046934804577818685
0.04850744211169727
0.047550717026323956
0.04877441827865208
0.04896305153310737
0.049556127472725864
0.04888511926812284
0.048525820072630746
0.04901223657104899
0.0491775536635781
0.04707625686081455
0.04835852848858956
0.04721472181708497
0.047713370267849636
0.047753129135269454
0.05081370582201463
0.048233113470761216
0.048336000515915016
0.04939048588549828
0.049925053987980764
0.04804262781022665
0.048656395159880905
0.04875044147757923
0.049926833515329394
0.04791108482681653
0.04921505730873083
0.047784167380236525
0.05045982681433944
0.04786467778989497
0.050232514103545865
0.04681450281675686
0.04934838931076228
0.04926733929554329
0.04801969692001448
0.05161312229876571
0.049342203104649394
0.049947795800535995
0.05187724911443451
0.048831456833902526
0.049786656125284295
0.050128245959058404
0.04876647063476198
0.05083717867622481
0.05012062729665023
0.04892499635872596
0.04935011506518897
0.04838558212744401
0.04896626733517384
0.05139420592938276
0.049434557907721575
0.050933567681075896
0.049112611203728354
0.05114508221090278
0.0522936664549086
0.05033548303112826
0.04949363942038925
0.05044684499118696
0.04848299938089708
0.05025203091037624
0.05025665215764414
0.048324425945825436
0.04971430684604189
0.04956578588222756
0.048989893512471634
0.048621993429739684
0.047914571290397466
0.04906430867884089
0.05086410590721404
0.04958194065839052
0.050084744903313765
0.04932115277111092
0.05104016440865748
0.0497976539629128
0.051197587537086184
0.05044587334782323
0.049349519344704114
0.04897088525433312
0.04965608138043214
0.049584988984005415
0.04843158902709975
0.05111739120500929
0.04934469779734226
0.04918952479355914
0.049753663505372754
0.04914620194638915
0.0487476542181171
0.051987209373756366
0.049439723770517634
0.05056836611098226
0.05080157364444698
0.04914041506400441
0.0494728248402038
0.04887695930733839
0.0499032791950466
0.04917767554905046
0.049996333484373545
0.05035086038577206
0.04894618565107093
0.04901287460918812
0.049204305206042
0.04852423347423182
0.048377947569550835
0.04997723917476833
0.04820414223324727
0.049846368828130996
0.04977142727824257
0.04616821397315053
0.04966031790656202
0.050910000429105234
0.048209299736053625
0.0485214129282052
0.048158452139400384
0.04833167857380913
0.05085601430276737
0.04954862711567651
0.048969418429495655
0.04943862290614668
0.04886212321272229
0.04978711303487858
0.0491867845713654
0.05025308062870275
0.04896647640887429
0.04936979483977398
0.04854107313132023
0.04876866082058234
0.04954352504847681
0.04946977326865582
0.0487297012059785
0.04813192409244092
0.046448880461428095
0.04978365649414413
0.048388855770120726
0.04713738936218707
0.04840057928334264
0.04857873847872457
0.0484235630288501
0.05039660822435775
0.04778464954784688
0.049329777527600524
0.04780454327187994
0.048871557209092906
0.048872829217682864
0.04975587342153577
0.04772843847544316
0.047345950574997596
0.04876905982108677
0.04956469620194505
0.04865906448651324
0.047615693386315425
0.048030917527263656
0.049809254182721766
0.04858687810106751
0.049411769386600045
0.04763708364711527
0.048044222382390325
0.04930207677295103
0.049637520789880964
0.050184454944203885
0.04870849225450965
0.048625815758372055
0.04875487201737569
0.049411601923844396
0.049231288020553834
0.047347496041808934
0.04716605071581024
0.04844296234385932
0.0477337485535399
0.04770133952500627
0.0492342179915046
0.04653860230053611
0.04964769141310278
0.04926403091453454
0.04846499202882543
0.048309190880835934
0.04860426142044803
0.047155642914859686
0.04906337664955679
0.05004378128796816
0.0481203784371781
0.04945830978891429
0.049433346268008736
0.047064232445486326
0.04887942416483865
0.04987022279323462
0.046259788434733363
0.048627413820256205
0.048004297334152984
0.04816082362085581
0.047871561118346805
0.04899114337201942
0.04912635874660576
0.04709934549515738
0.04777423391830834
0.04911201748284785
0.049280802209806795
0.04750593429266968
0.04888564802651458
0.04647700800012578
0.04764573659254786
0.04918909799033666
0.04747839040013359
0.04817598861477831
0.04786274745129049
0.04716028461287565
0.04758831533767721
0.04898548425339601
0.048252497372381825
0.04760315759819658
0.04767580289284096
0.04815458204213749
0.04866142966784537
0.04796488223433056
0.04897076506715487
0.04806353863712181
0.0474919757230536
0.047133229171638105
0.0482248351087465
0.04722382300259436
0.04827994468676693
0.04878264077500823
0.04754623228081447
0.05040049038772636
0.04925849556868129
0.04940070341724683
0.047820331312387304
0.050406212176141496
0.04942323495086064
0.04766258797882234
0.05053221955073669
0.04940536157501971
0.04905437280369156
0.05082244896056021
0.049596932724885204
0.049447696987429963
0.050681328096920074
0.049905593257726116
0.050591055309290395
0.05007427317254683
0.04781082047368674
0.050770182195393476
0.050084858069963316
0.049366045124171413
0.048117893649374736
0.04876329086940078
0.04919657866908785
0.04732414776021067
0.047738235569832956
0.04937503077363705
0.0467128028463134
0.047512462187339274
0.04857772847856669
0.04711482654161313
0.04858663483413265
0.049725662448498256
0.04593086248975905
0.05006701632074135
0.047625676950658946
0.04890858988168047
0.049446706692962084
0.0487798039938378
0.047189957758083066
0.048930749927154356
0.04771582241279676
0.0501827394891092
0.04972210538244861
0.04771569296717644
0.04917982230510782
0.04997378265320816
0.04813755112974083
0.0499769294360543
0.04841589146731969
0.04874548856716822
0.050569273698527144
0.04915638530681677
0.050597388543845975
0.048773475410416725
0.05042487797601258
0.04907041688668815
0.04907060350729701
0.047856691767297246
0.048322458220097946
0.04907474549048964
0.04972489996374968
0.04648726485286127
0.04844031574971536
0.04758161695893196
0.0481197781751261
0.047940870075870085
0.04819683079498217
0.04914659773109152
