-0.002337077376026213
-0.0028109963706023406
-0.0025441938340816637
-0.0024336829184291404
-0.002669763260815955
-0.0022679004702926228
-0.0025699977119306248
-0.0028516481762066773
-0.0024290095486840775
-0.0025758500789784334
-0.0023035204008768776
-0.00272772526195449
-0.00257941217659453
-0.002332313375699468
-0.0028065589079312955
-0.0027580253767072326
-0.002550139473460851
-0.002490282559533728
-0.0025889037153227277
-0.0022762059151095527
-0.002254323141801528
-0.002394545802905517
-0.002533901684393118
-0.0021328422260486067
-0.0025690635758552145
-0.002241760042889617
-0.002292364718676614
-0.002305213040046663
-0.002083338082256498
-0.0020921440242754395
-0.002176025481006573
-0.002338807835474121
-0.0024994838767711013
-0.0023394212040072984
-0.0020375883521477787
-0.0019835522680278317
-0.002208515343911547
-0.0020522052629192893
-0.0021092700944780347
-0.0020403138701995276
-0.0021868165708593956
-0.0020978002699787524
-0.0018815910568547281
-0.0018353360129816098
-0.0021746252488131948
-0.0021270235050148524
-0.0018770845860019993
-0.0019028125617579783
-0.0019209965547815236
-0.001835321163824003
-0.0019325548876583227
-0.00211089794060646
-0.001780909234078041
-0.0017933947354315507
-0.0019756173303195745
-0.0019892884686540623
-0.0019576665479797096
-0.001924367259835438
-0.001994519657081754
-0.0017625862578627312
-0.0020750237668699383
-0.0016848550629004289
-0.0018483985882786402
-0.0018223698336482113
-0.001959832875851905
-0.0019210820152283305
-0.0020527858383806584
-0.0020654148344914055
-0.0017347340074494108
-0.0017798838839662861
-0.001838138080482205
-0.0018587416554648945
-0.0019323658578516405
-0.0019926900657287385
-0.002074638629654149
-0.002010486394417593
-0.001797373207636365
-0.0019026062685895768
-0.0019358411708532064
-0.0019292036183920405
-0.002173518005529455
-0.0018984052084400774
-0.001911453651138397
-0.0019390623069211342
-0.0019375647605630127
-0.0020665678725779422
-0.0019983433063164562
-0.002132561831577598
-0.002027647466622302
-0.0018996082061897342
-0.0016690342034335615
-0.0020633383542958406
-0.0019733984673862685
-0.0020464248355258983
-0.0019601256615772336
-0.002084737136500473
-0.0018922337224375313
-0.0020241268145219167
-0.0021422876206935726
-0.00222092170627446
-0.0021028501500288048
-0.001861213317345288
-0.0019859388790913063
-0.0020609262826585865
-0.002034191732980998
-0.002092201839183061
-0.0023326063839581475
-0.002128967075153859
-0.001958290959427977
-0.0020180303841850003
-0.0018598389903669295
-0.0021378529613255604
-0.0020747302708633603
-0.0021058049494369095
-0.0021158262604906446
-0.001982576852355949
-0.002158272487593174
-0.0022084772101477437
-0.0019395727521224714
-0.0021246028758459164
-0.0019844504923018976
-0.0020333170674077497
-0.0019905719472791445
-0.0021215002992351593
-0.002137730329876311
-0.0020830642072729544
-0.002155153341697796
-0.0019799952711071606
-0.002140638021598651
-0.002159757723736076
-0.002107909100484429
-0.0021516503240168686
-0.002179606157943164
-0.002382422461940713
-0.002075495907027826
-0.0020181303402777807
-0.0021136448360587513
-0.0023225347483825922
-0.0021312869235620264
-0.002093774050930259
-0.0019338444679695092
-0.0022315608172713097
-0.0019363348067055236
-0.00201353850792417
-0.001906506330635291
-0.0023078829697270975
-0.0023167609051088453
-0.0020979905438606814
-0.002199590410253238
-0.0020544365858513746
-0.00207760247817795
-0.0019450056770495931
-0.001969398272459851
-0.0020190439350015617
-0.002007642714869086
-0.002306253605406701
-0.0019859438972233603
-0.0020816333720969286
-0.0018825586005143315
-0.0019099665258229827
-0.0021820173517016496
-0.0020499056025358358
-0.002077489748888758
-0.0022469492850552128
-0.002036480771759812
-0.0020491182955449127
-0.0019832491054700765
-0.002098075776844117
-0.002068896776643546
-0.00237061656791096
-0.0022023961771212536
-0.0022151403038984194
-0.002191723740050271
-0.001991576054756654
-0.0019392124716784557
-0.0021276422086151736
-0.002133199070524404
-0.002231775249217115
-0.0019461080201104832
-0.002216101764972911
-0.0020094157228904333
-0.0020049549794667436
-0.0019788135587798746
-0.001974730902906696
-0.002242370652469226
-0.001998787166401745
-0.002152910643464609
-0.0022245215863727617
-0.002181452914942011
-0.0021434948017456973
-0.0020219092721292108
-0.0020505720974407908
-0.0020384483778035823
-0.002227897482481989
-0.0020637428406138853
-0.0021568039847771167
-0.002247203637988621
-0.0023116530326773494
-0.002459502845201175
-0.002142484399855487
-0.0021154223314726254
-0.0021492812187544645
-0.0019282191744526866
-0.0021078377879089347
-0.0022969226795192155
-0.0020193934753594406
-0.0020234163268188043
-0.0021829977680504864
-0.0021109051082956365
-0.002082105419720329
-0.0021040210934010714
-0.0020630216169651118
-0.0022237742050084737
-0.0019750898862537654
-0.002069112833858431
-0.0021066262817547904
-0.002141331881852726
-0.001976962549292826
-0.0021892553122763053
-0.002386316062382294
-0.0023147696969941308
-0.002145335166633747
-0.0020557073152478404
-0.001956355421030251
-0.0018759367677657819
-0.0020132696896338073
-0.002181155686414021
-0.002055974020722364
-0.002186019080800595
-0.002157611751317118
-0.0020097101734261845
-0.0021055541159093506
-0.002390434121083687
-0.002127399746137058
-0.0020825485116684602
-0.0021729859705502557
-0.002006384831270528
-0.0018580978009212924
-0.00233400573031669
-0.0022171024551839837
-0.0022580025870054038
-0.0019983305752937146
-0.002217457393631968
-0.0021209783560750227
-0.0020473134622852646
-0.0020824688228250174
-0.00199090923777979
-0.002208359395436014
-0.002129532557210488
-0.0020290997561044524
-0.002226699975066609
-0.002194403281454449
-0.0021423591972502907
-0.002219357201553547
-0.0020776288459392867
-0.0020165497936867477
-0.002189054173656475
-0.0019102857439726036
-0.001984614638187197
-0.0019207665876220267
-0.002226837957589494
-0.002210256743195128
-0.00212158637869705
-0.002157686157075154
-0.0020920156994626016
-0.002071218413549294
-0.0020744843691542347
-0.0018403301203132722
-0.0021972374000272634
-0.001927581289295189
-0.002278345484382728
-0.0020596737947212846
-0.0021156833430389516
-0.0022373358256146765
-0.0021184568585101635
-0.0019440146195696072
-0.0019761898497062604
-0.002125175635356764
-0.0020947806370889247
-0.0020393548454120643
-0.0020604478455700983
-0.0021813467964973457
-0.00203140259693508
-0.0021262366526088733
-0.0020749624496647166
-0.00219823639662686
-0.0018871902171558339
-0.0022543353489919865
-0.002275497876861884
-0.002284522765598433
-0.002106164799752305
-0.00219059198686249
-0.00230843745425638
-0.001854515393488926
-0.0021861500508447316
-0.002151413897394798
-0.002261664518038118
-0.0022063040678391645
-0.0021970421266502248
-0.002221233246484602
-0.002232904775550652
-0.0021098571193508644
-0.0021627765600593313
-0.0020858870090507634
-0.0023927251410904805
-0.0020858036090008647
-0.0020278776211980994
-0.0022487861770472267
-0.0018499003651329335
-0.0022230199913186263
-0.0021504021248851183
-0.00229221501488855
-0.0021281135695766095
-0.0018963322864863508
-0.0022479540545338535
-0.002183049080717583
-0.001971532417403958
-0.0021603003609088844
-0.0018277210422220414
-0.002205827461818826
-0.0022399718341207177
-0.00222122023110763
-0.0022229736523636814
-0.0020987561088250716
-0.0021532263042269564
-0.0023428240990629756
-0.0022198976152085965
-0.0018731302579242722
-0.0020636560154788887
-0.0019885008767748054
-0.002285086192118829
-0.002291930330978716
-0.002313186888151359
-0.002168260150721236
-0.002217430277685839
-0.0022086770011663826
-0.002025207449377826
-0.0022344985946346706
-0.0021060155964835164
-0.0018206017447426103
-0.0022955497905948765
-0.0021992855203207453
-0.0021795124678698546
-0.0022365115271256184
-0.002421473597956179
-0.0020808106394486193
-0.001995976873019689
-0.002026232325922173
-0.002098972201309678
-0.0020862520773341823
-0.0020888246396580427
-0.002023439423353538
-0.0018260197806041698
-0.00210703266997063
-0.0021091140735099113
-0.0020620241132985563
-0.002455621457600914
-0.002110756884933357
-0.0022477506392891045
-0.002393304210626535
-0.002169637347168836
-0.0020782737997620706
-0.0020895767580163694
-0.0021176399842636313
-0.0020393201842236414
-0.002226709553285663
-0.0022796715022180302
-0.0022782091527918345
-0.0018555636045067536
-0.002310471567783348
-0.0021876969132788287
-0.0019330031234255272
-0.001918555640692155
-0.002163534381656889
-0.002421724240185955
-0.00214000138656478
-0.0023087064134670165
-0.0019914354298412713
-0.00182397689434143
-0.0020277502428481023
-0.002230834884468227
-0.0021026691168006544
-0.0020836376978356865
-0.0021295970465459286
-0.002344402382341965
-0.0020699009379987242
-0.002170969787288926
-0.00228382701841218
-0.002307643473074721
-0.0021057203835157055
-0.0021728277342915846
-0.0020131145241289563
-0.002123356694349751
-0.002085462050817242
-0.0022439785502161203
-0.002064212450537853
-0.0023349141876341773
-0.0020458910299467658
-0.002067932901525466
-0.002183921659801011
-0.0022032583552006467
-0.0023080229387873246
-0.0020840590651059403
-0.002165447589957248
-0.002099125646226132
-0.0020415727741643214
-0.001997146592999026
-0.002193860831091436
-0.002147122040010172
-0.0023363926960379942
-0.002275248686003174
-0.002325349635667163
-0.0022166851951082897
-0.0021584854198520424
-0.002048264069078527
-0.0021958141408333527
-0.002125573962708513
-0.002301125657460932
-0.0019500745516382323
-0.002277606160651841
-0.0023090289851484397
-0.0019443483080202801
-0.0022425487036189847
-0.0021366963652727626
-0.001998234617806335
-0.002078629261556549
-0.002140458734244616
-0.0020089367707290507
-0.0022500037175232994
-0.0019734357510253044
-0.002339456848936905
-0.001996130392419888
-0.002029748140033874
-0.00232729851194407
-0.0021888568389027076
-0.0019555291692684167
-0.0021340297073178076
-0.002195467140245105
-0.0020644625363822364
-0.002148967065168694
-0.001945081811880911
-0.0021585313290507385
-0.002251879138493753
-0.002063025983587949
-0.0022919664490001247
-0.0022879583759171447
-0.002229761624432847
-0.0021109268789910244
-0.001939239814513568
-0.0022079309778326754
-0.002144551784908982
-0.0021339243768634516
-0.002163666190146709
-0.002164802175601313
-0.0021185936720760027
-0.0020908159947305993
-0.0018798409670900238
-0.002182110704635033
-0.0021657679338743466
-0.0021916661022679286
-0.002121533054447999
-0.002391537352504603
-0.0019788879190219748
-0.0022269499190143093
-0.001991983751489838
-0.0021311331683132235
-0.0020515422979812833
-0.002109597735806365
-0.002081379520686234
-0.0022758135762178627
-0.0022893729194050725
-0.0021187575516959096
-0.002249720509364099
-0.0021699477426012277
-0.002442564531156195
-0.002209487069888393
-0.0020452454833394538
-0.0021290392825340405
-0.0021783099234153917
-0.0022592994705472
-0.0019948904451476063
-0.00216935476526561
-0.0022849581989542833
-0.0023710708425436354
-0.0022019412687399884
-0.0021504911021580143
-0.0022802405895105044
-0.002293074372177231
-0.0020754693121092602
-0.0020506652398566937
-0.0020095543175162314
-0.002163130204393049
-0.0021878216820998783
-0.0023023428476951985
-0.0018387762390983807
-0.002459253090121401
-0.0021328164091682505
-0.002531979708443413
-0.0024047575500387277
-0.002127810026884016
-0.0022495641525202394
-0.0022450358438985815
-0.00242332259552491
-0.0023032964040602595
-0.002016024027507016
-0.0021905264364786817
-0.0020561813543065947
-0.002234671760881551
-0.002192410368155097
-0.0022233763669648014
-0.0022015174669022318
-0.0022371284606559298
-0.0022585196903899055
-0.0024109025826865456
-0.0019926077565584534
-0.002226662421865361
-0.001995156564209281
-0.0021790771470489466
-0.0019839633396104474
-0.002252660721643948
-0.002173436367645969
-0.0021370501450895035
-0.0021625502130282054
-0.0022304889605882605
-0.0022529276360260526
-0.0020844028665146087
-0.0024390324891701088
-0.0019398924617514697
-0.0022195894095969723
-0.002159621512967093
-0.002184163523705868
-0.002105951063806454
-0.0020222073203526726
-0.0019827684277161544
-0.0020900193841848947
-0.002223834773752883
-0.0022026984833229146
-0.0021720809827730954
-0.0019631687070908854
-0.0022420139680941705
-0.0021779176000531865
-0.0020653470706502265
-0.0021459816326873248
-0.0022698978134034387
-0.002260456343040069
-0.001967324225268766
-0.0022173091528740483
-0.0018718491615550463
-0.0023821501058321633
-0.0019483881521118202
-0.0021232585693332106
-0.002218567174302782
-0.002206474654416
-0.002069594832296219
-0.0020844079619584824
-0.0019186118884219178
-0.0021565233701078003
-0.0021103809633045904
-0.0017993354288818693
-0.0017936209252977055
-0.0022992635148556735
-0.001960542108832032
-0.0021476033716210674
-0.0022097430967725385
-0.0024267311827010675
-0.0019092456463328995
-0.002063934386012817
-0.0023189295920679576
-0.002141694475577198
-0.002404144478877183
-0.0023184742351413557
-0.002401301254121916
-0.002244186908078796
-0.001994521489506847
-0.001882578337403974
-0.002166622275692898
-0.00209915972279351
-0.002228421457422322
-0.00196069951893012
-0.0020681494547527364
-0.002058008577787184
-0.0020585562533536206
-0.0022072063636388774
-0.001866267539566082
-0.002149439742217673
-0.002223945773273684
-0.002233935916335391
-0.002000765656357055
-0.0021369729481143514
-0.0021606524316015834
-0.0021073838161151754
-0.002413952807943745
-0.0021580814470898825
-0.0023067729563980587
-0.00213543371780101
-0.002095494570007251
-0.0021676380726644343
-0.0022093955790512274
-0.002100168168718258
-0.0023329878582745494
