2.769188482944782
1.428309320486509
1.1727310515367069
0.9788266379099626
0.8496812902964078
0.7365354139071244
0.6193092410381024
0.534887715944877
0.4764719007106928
0.4031686863073936
0.3530810269025656
0.2883149708692844
0.26106986552476885
0.2258746923162387
0.19253634604123923
0.17757881501546272
0.14758234241834053
0.12854422537180094
0.12327699867578654
0.10976451664016797
0.09914184997861201
0.09738455100987967
0.0932857982814312
0.09140491915436891
0.08904729302112872
0.09177907693844575
0.08930146172642708
0.08217374192407498
0.0869133028273399
0.0739440420212654
0.05984229273520983
0.06344932250391978
0.06533833759335371
0.06440917350924932
0.055598278544270074
0.05762751907683336
0.06345498647827369
0.0697625593497203
0.0642504691791076
0.07142985285474704
0.07192460992015325
0.06968384471077185
0.07105365329636977
0.06793689710589555
0.06937578117045072
0.07254317993154892
0.06675415061987364
0.067785869166255
0.06465175114572048
0.058489979474017254
0.060933343808238324
0.059022370955118766
0.055152404637864
0.04954352052165912
0.05703643475874112
0.05690245608297678
0.055061456131247376
0.050847304211213036
0.05284941702221448
0.052424506599513386
0.04821468426917608
0.04061586124679217
0.040470087843445635
0.03808539982598561
0.04330167419348772
0.04708869569003582
0.0382190134233007
0.04098077374868668
0.04652109210594342
0.043865328540022556
0.04602563535937896
0.04957966768684296
0.03838152616069867
0.03740058197424962
0.03189371572091029
0.03365808018984703
0.037344720873695156
0.039875910631739175
0.04761824166545501
0.040971893731218116
0.045986152125092654
0.05010018875965705
0.04806658052481138
0.04730955670372798
0.04250803607014509
0.04790421944971268
0.042417270160065246
0.044078851118683815
0.03686639632170017
0.048709962803583876
0.04654682334512472
0.04693810810836462
0.03709776844256199
0.03772609966019025
0.03934110746933864
0.03190676985451808
0.03934315702376457
0.037543769424351364
0.034095513333494844
0.03784633191445699
0.03936172309689797
0.04680749387122118
0.0471495186480192
0.04249078021026575
0.045769933267281605
0.04069168004565514
0.04322651555904975
0.03982425269026023
0.038723671522278055
0.04421540333961065
0.054414951514739254
0.03603041702165054
0.036160191435080306
0.040213958976360466
0.03480819394955268
0.03013434666567124
0.031444109016313004
0.03528650596451301
0.029731643930650673
0.026861809093791704
0.0302043800170605
0.02743008595246535
0.028761701844632625
0.028263237341665304
0.03200308828113171
0.0309071406435508
0.026147600206045004
0.027825359914165276
0.028896409258819544
0.029789823250701793
0.026538907865492196
0.030830196434488664
0.037427449684876664
0.034255685700246924
0.0332431172235654
0.03139755232976033
0.03482432018678922
0.03318879465357615
0.028450418621874772
0.02725634271135697
0.03649175887784133
0.031053006992890285
0.03346093789889262
0.030853012218498267
0.030469281384004995
0.029935481055424762
0.028047105283118212
0.027359248454181046
0.02736986352560612
0.029078493181329507
0.03250961462752177
0.023499664764564773
0.02319515516551641
0.028100897601017586
0.034124893164978576
0.02605162774427579
0.028831291213058507
0.027964630035253672
0.03056600526548349
0.03134091179817915
0.02624315351534348
0.018932968793580165
0.020490128790529874
0.0199843131005764
0.021252132508044058
0.025845242105424403
0.026845537856794322
0.030373568188112515
0.03196398190294321
0.02872768001487622
0.027986488935465997
0.02761823658186656
0.03191567761107133
0.02432606705965904
0.02559221199212166
0.02769330691259641
0.02994483640560737
0.02763430721198137
0.027447847549158792
0.02348237531976058
0.025074082741943688
0.022051231735027755
0.026606317451940132
0.02055869377576388
0.019368194430493393
0.02319786223368003
0.021448869888599103
0.028836970059917522
0.022102041141344952
0.017783793692405406
0.022519318057367434
0.02494455990023338
0.022415980954582873
0.024255811021878168
0.028191325942484233
0.03247526164811391
0.02537823646114423
0.026267168370003882
0.02751616692313781
0.024852161138103557
0.026401716356094066
0.026336351266274087
0.027458379331689615
0.03503214000509335
0.020696563130387893
0.02368560264316889
0.025225789802005658
0.020896649546921255
0.020619602472736285
0.021987698399103604
0.01878367205365346
0.02107912561354729
0.018348383588286547
0.02390165734463013
0.02164894028638418
0.018172697450679082
0.016933656168671755
0.018760435154231696
0.020943691753424133
0.025435489115233606
0.023086785639707858
0.02273041603083794
0.021536391629622533
0.022530275139097986
0.020828715410943215
0.023124677315354347
0.022163057785767774
0.021148778956670028
0.02672846635373739
0.025246040566036333
0.022909506711249167
0.026870526631291095
0.027590229004048384
0.027155940822110727
0.02910911664366722
0.03145292417074625
0.03005356854544236
0.029075830128903572
0.02928965548769786
0.03085594270378351
0.03283444508337058
0.03753736404558787
0.027316972212149546
0.025987249985337257
0.02561992882536008
0.026088240112249667
0.023090386562622512
0.02444250692541783
0.022360041880836852
0.023064459702716422
0.021763538411603525
0.025599067672514
0.02251101418469961
0.02005777552437324
0.02223922105935904
0.02127194986320459
0.021005488473635453
0.018929696957079262
0.024450719399520985
0.024388012963418776
0.024242577845087418
0.02879723674402787
0.03206791675721223
0.028765962803019927
0.03414117819987811
0.03118599487038759
0.02636943685893829
0.025628725410653995
0.02637294430572253
0.02546166069805622
0.024139976558777
0.02453579530119896
0.02360886215017392
0.023711859692747778
0.02435443212206547
0.02367819079126303
0.025200649852362964
0.026447347580240324
0.024494149134709285
0.023639267238859948
0.025813988023079357
0.02441899892515861
0.0262659394970307
0.025208962207230238
0.03145665646745609
0.02645159663202671
0.026608609995589807
0.025859517245911633
0.028577596880495548
0.029589974923202624
0.024925524942003764
0.02918558530509472
0.026523202600387426
0.02819387213541911
0.028736374297967323
0.037679870827839926
0.03136668145083464
0.030257970653474332
0.031969020042855005
0.028607034898148132
0.030909171184668176
0.029674825760034416
0.02919482462681257
0.027396339722550834
0.030823508377831717
0.024943717683737095
0.022971299648858034
0.02554885223507881
0.02242046891210171
0.028386213487157454
0.024170608431673967
0.025445924871242965
0.02719929228321864
0.027402672415169384
0.0294144326247848
0.02770297220693185
0.029018363284950072
0.02765920041845395
0.030022446911495467
0.028096591853178466
0.023099768677583107
0.02375157637378344
0.024945840540413673
0.02209019291286285
0.02462728158212625
0.02643681480907477
0.02636581427202775
0.025535752438008784
0.022746265049164112
0.0244283974600526
0.02400456969268047
0.025583064642090064
0.024247615325909393
0.026111164216238717
0.024040535307274416
0.026030454354790542
0.024653986354286853
0.027214306965470315
0.025272122870844144
0.0267892883803982
0.02350091373977753
0.03342264351936487
0.024524061453457063
0.025840256764338567
0.02542856017557474
0.03099614357432494
0.027025510728932344
0.02542957586164658
0.024635202222718644
0.02362607572800838
0.027732176090089173
0.025500644442553705
0.027262261825112197
0.03168949198264342
0.02803840863590057
0.028351711410169417
0.02544724286462252
0.033154937653587416
0.02559808226158986
0.02301427237689495
0.02883770182155646
0.024617510045377107
0.027850967144163755
0.024338942766189576
0.025824657856271818
0.023870788199397235
0.027258986320633154
0.027338585930948074
0.02683044267961612
0.028479052492632315
0.026686420220022017
0.028505687329631584
0.029929599323524878
0.03112474068139608
0.03131644565325517
0.030716964029348814
0.029637028090655805
0.029746260737570432
0.029359530958418662
0.02611523257711759
0.028006353286596446
0.02807709862692998
0.02520521618425846
0.02573561307329398
0.0240756497790034
0.02684464898820107
0.025066766443733984
0.02618815784270947
0.024493381323722693
0.027824425038236837
0.028608481170466313
0.02809058721535481
0.0277809086184089
0.025964630137269313
0.027772516270096484
0.025882198905142453
0.027896640019921155
0.027211695809203844
0.026273404147762518
0.026309625388911136
0.027346471381875185
0.025784473679959775
0.025238045720526806
0.028662612260534213
0.02783203852864412
0.027241092877319226
0.026759651804772706
0.02799947246049459
0.029875351990071627
0.028468050277576998
0.03176714965643791
0.027672671225781625
0.026107033886588537
0.027620230686779206
0.02677430216796123
0.030385588166805415
0.026794505463196682
0.029646465841394205
0.031009026946356662
0.029436449735210493
0.02871146428470428
0.026327672844322827
0.027624415162091073
0.02759325924114539
0.024488972328030146
0.024851641044593774
0.026514946010250312
0.026873502163932875
0.02842324052292567
0.03462633757063976
0.027931051185497872
0.028667601914359974
0.028429780599589533
0.029025938018010213
0.030290395909777054
0.030582134955777572
0.029810367137766802
0.030438730149314953
0.02365756153773803
0.025311644232043854
0.02274224984531219
0.02406851278188137
0.021841882799680416
0.022502004355192184
0.02200149568514182
0.023682429168659907
0.025143410723942976
0.026785715239552352
0.02466057954499355
0.026658998716336032
0.024929982996903934
0.02378626659225959
0.024723422169112243
0.027146676612588076
0.025636300043417857
0.024136047552411374
0.02829935675343642
0.027175827825871798
0.027021684010441485
0.025877513320973287
0.028247510541517
0.028100250346156267
0.027145932715099592
0.025617693952069833
0.028812564407976773
0.03079267298946014
0.02968498828032842
0.028481793933762954
0.028251861694913644
0.02861600307604441
0.0293880132241891
0.029889411006409388
0.031367771341823614
0.029022226453973697
0.02937032636255026
0.02847956632478879
0.028656442936223287
0.0260717510460661
0.026386417276584185
0.026437182896412337
0.028912127060958973
0.027953444693524104
0.02577668270812585
0.02771803537526956
0.028842451179829927
0.02943386035756423
0.030819711662255802
0.028035427142794316
0.0297948214583672
0.02944191722915723
0.03090601397248415
0.029055732660568677
0.032659052914151776
0.031189790568672694
0.031113390151697857
0.0328687486740259
0.0329022294196945
0.029363631672010972
0.029632741298813086
0.030028384666030222
0.03489002859076629
0.03032467199059633
0.031908548809587954
0.03099547944103296
0.0284651656420185
0.029078965275906598
0.030691894616645118
0.03307348324988897
0.036476947008990325
0.032530662087866896
0.03198204370072255
0.033102624390560845
0.0305049770583327
0.03104287073589288
0.028654281279215446
0.03378225560658253
0.03147636280896572
0.030819335422263696
0.03051466466142581
0.029991077531415684
0.028109957521351484
0.03133368889013162
0.030461066416822946
0.028647878751731835
0.028647533059120177
0.027943443435315903
0.027753677348104806
0.028904227081399697
0.02857491967196648
0.03084121895237611
0.03202284070161673
0.030157165974378584
0.030931741085190038
0.029818917352419632
0.0263675762913548
0.02676261836806169
0.028130828460248617
0.027317717413489637
0.02852297041278619
0.026371465866955428
0.028108081637093656
0.03041044887728416
0.03255701645349081
0.030676011870113703
0.031001087894233375
0.02863596981534591
0.02972498044658166
0.029432397292783626
0.031176161407851257
0.03085760664767944
0.033408010220871524
0.03178264167732917
0.030039289937569547
0.03397994317974035
0.030022803163872316
0.028887359282145135
0.02783220330109963
0.030202293324355894
0.030709674338308665
0.030375755220078505
0.02924089514865325
0.033540648537186475
0.032866147619027355
0.0305799436253997
0.03416543786342328
0.030262258806480813
0.02753772456198931
0.02904264607395117
0.027974880615679116
0.0288067967702563
0.030707959400919766
0.02875925488770008
0.03101532318844245
0.030773023129082644
0.03057356759046133
0.03310503140091896
0.03271746029360936
0.0304318684941301
0.033842102366571244
0.031894728125861055
0.030664914115690268
0.03088462892919779
0.03303485024147309
0.033177830894979145
0.031027096696197985
0.032846564527314444
0.030372759255652245
0.030978930469315786
0.030667419731616973
0.030533517266695315
0.03228266842376727
0.029066554485605314
0.03382631937185159
0.028154767218690653
0.02925215820566966
0.02906242676365834
0.02788311247355663
0.02861399080317754
0.027730490596821675
0.029044539180512613
