-0.013632607116149022
-0.013449885997061546
-0.013311336619349627
-0.013205777796415182
-0.013038223165159043
-0.012928000192802686
-0.012748406182688016
-0.012644595509538283
-0.012641386171946158
-0.012558368077644934
-0.012394172340058364
-0.012384870777336451
-0.012317876761349348
-0.012233701061743957
-0.012148227299062106
-0.01201449532348376
-0.011936304832880313
-0.011859617439600137
-0.011789440721846544
-0.011717614875389979
-0.011646272442661799
-0.01157968736325319
-0.011590731974977713
-0.011550004336123283
-0.011517578864899965
-0.011565520929602476
-0.011534994281828404
-0.01159186285848801
-0.011570707823221501
-0.011584018572018696
-0.01153963991942314
-0.011482093096352541
-0.011468874591474349
-0.011421618682260697
-0.0114186614465255
-0.011401137594993298
-0.011399967280717996
-0.011501779622183397
-0.011393845453858376
-0.011339056936021035
-0.011325084346418197
-0.01137771627937372
-0.011384754470334603
-0.011404123114278684
-0.01133322657014315
-0.011333198931354743
-0.011320025359208768
-0.011288672055189426
-0.011250706403874433
-0.011317139176221994
-0.011351371183991432
-0.011313304376716796
-0.011340459163945455
-0.011411777310646498
-0.011346399511855383
-0.011385216692892405
-0.011406816327227997
-0.011315536713944032
-0.01129959186968895
-0.011394895455585077
-0.011410200237654723
-0.011366005800664426
-0.011325859436048911
-0.011280503998009058
-0.011288246197196154
-0.01127176983998372
-0.01129103464862475
-0.011280374085673919
-0.011273894258416616
-0.011230988470980753
-0.011201155214355543
-0.011221513997476834
-0.011233162879943848
-0.011301691414645085
-0.011289554232588182
-0.011212132842494891
-0.011253583588852333
-0.011312969745351719
-0.011352140714342778
-0.011398818229253475
-0.0114030064871678
-0.011455101720415629
-0.01147027757878487
-0.011479455117995922
-0.011532487691595004
-0.011511187069118023
-0.0115090115282398
-0.011449445225298404
-0.011426955232253441
-0.011422806791961193
-0.011455825343728066
-0.011495843758949867
-0.011505599993352707
-0.011601102653031166
-0.011638870577399547
-0.011662484218294803
-0.011642514928602255
-0.011697481930829012
-0.011697194281105812
-0.011598125300728358
-0.01159179568863832
-0.01160922503242126
-0.011627852214643589
-0.011637914854173478
-0.011595338153151365
-0.0115619553396335
-0.011586490860925272
-0.011670121192359008
-0.011762443815286343
-0.011807771370961116
-0.011828016174527315
-0.011902784642118674
-0.011947819189383433
-0.011930371104524686
-0.011919467036540692
-0.01191922053694725
-0.011869339401332231
-0.011882927240087436
-0.011905792685082326
-0.01195623827381776
-0.011936536374000403
-0.011936471797525883
-0.011938887977829346
-0.011906662640663293
-0.011909605877903792
-0.011931460537016391
-0.01198898429194322
-0.011937402876523825
-0.011896598998170633
-0.011836466580056227
-0.011835972850139324
-0.011813204477612789
-0.011789788850224935
-0.011784495427631415
-0.01177753541045464
-0.011768600803155166
-0.011821109400345729
-0.011872514007756343
-0.011859968734475283
-0.01183694378974346
-0.011744462139904498
-0.011695256442404711
-0.011709002276452688
-0.011696420810543574
-0.011622535079144514
-0.011573044697825725
-0.01155376428594956
-0.011621636123611378
-0.011592516790215786
-0.011602503476807705
-0.011684771383611056
-0.011736687530691807
-0.011715192763278117
-0.011716638333522357
-0.011773772595020441
-0.011771813966333866
-0.011758343846752093
-0.011747616185591772
-0.011738734506070613
-0.0117931838792104
-0.011865276614060769
-0.011855812399433209
-0.011829228054445523
-0.011850315418380957
-0.011857782791440303
-0.01181527070987683
-0.011751357122109486
-0.011753342443933853
-0.0116974104482394
-0.011677991269299618
-0.011666212890010614
-0.011607439916294355
-0.011595309955569413
-0.011547837850566093
-0.011543252448049875
-0.011555958883120464
-0.011506049865140365
-0.011530828475952149
-0.011550343480820839
-0.011523524012703162
-0.011626162709524998
-0.011703314818441867
-0.011753581220713946
-0.011766673882420246
-0.011755834691799603
-0.011767163858390772
-0.0117304815695836
-0.011718129753493345
-0.011718492152599187
-0.011660278001083777
-0.011658066640106532
-0.011638601812032552
-0.011641040702278798
-0.01159220697501531
-0.011570870532439305
-0.011552406403307732
-0.011476152318601425
-0.011453346764812102
-0.011488773688100851
-0.01144772289464107
-0.011412559177439946
-0.011455140492090812
-0.01150887647213844
-0.011471768439962313
-0.011433635609081158
-0.011403674446046352
-0.011386212763878016
-0.011362460871728567
-0.01134569590481428
-0.011340890996731245
-0.011395265076022882
-0.011436911041920001
-0.011493818103693999
-0.011505125964490267
-0.01157709206812657
-0.011555333306583074
-0.011567124881996559
-0.011605705994252976
-0.01157255947876435
-0.01157298321620776
-0.011534546917447677
-0.01154105722044523
-0.01159204369267592
-0.01161069623552836
-0.011668415969380966
-0.011685273251854457
-0.011683678841934754
-0.011676744314340445
-0.011685852992993134
-0.011622665621913397
-0.011564745782659603
-0.01152086448497497
-0.011497993652637189
-0.011513409892526957
-0.011536684875878004
-0.011575962488467876
-0.011627703632872839
-0.011652373909377135
-0.011685284184148678
-0.011680295891486682
-0.011634029806233369
-0.011611978365824773
-0.011609453464356753
-0.011585930204735353
-0.01162177980519258
-0.011632199470813457
-0.011601513882095998
-0.011574470008221956
-0.011547105415509297
-0.01154803835715239
-0.011595796292217879
-0.01162272051263314
-0.011688480913065947
-0.011701439392681305
-0.011737506922620993
-0.011806022905959532
-0.011836230067106393
-0.011776456867273037
-0.01174351813701483
-0.011734279531698961
-0.011781970769740068
-0.011777514892701919
-0.011778812826826022
-0.011757549801124976
-0.011706496216356754
-0.011695437849714206
-0.011716788190488632
-0.01167001688423065
-0.01162689895584033
-0.011643581808759617
-0.01170383240454472
-0.011723228672949167
-0.01177546399144026
-0.01171366970699567
-0.011656068494686714
-0.011647626728965686
-0.011648814050624004
-0.01160895093702353
-0.011644939347528494
-0.011647524183186202
-0.011596924338776331
-0.0116242585130609
-0.011582640687433574
-0.011638066444832545
-0.011687221478384274
-0.011723696526426535
-0.011682957883637685
-0.01168762487001144
-0.011684873255972679
-0.011723337451425883
-0.011743466541744196
-0.011764936693585836
-0.01180316566561277
-0.011747797793493822
-0.011664622592238279
-0.011669580466472186
-0.011691043984431488
-0.011684357933700085
-0.011686268047644542
-0.011660991379847893
-0.01156918013898226
-0.011575735919177533
-0.011563886644748542
-0.011564368682985122
-0.011548400756258232
-0.011593245313717769
-0.01156886758712622
-0.011581312836362765
-0.01149548038553733
-0.011471978517679067
-0.011479880847036838
-0.011493380511036285
-0.011497853295161174
-0.011525461679467788
-0.011561757942231802
-0.011603237459292778
-0.01169862963545781
-0.011711702409845133
-0.011677106011372345
-0.011666545716042701
-0.011646859634381074
-0.011673031116907413
-0.011644841673282476
-0.01167687769406117
-0.011654992029070855
-0.011647516947526198
-0.011661858541461137
-0.011623820361609642
-0.011589209405848613
-0.011584072918272936
-0.011592226160260347
-0.011633145895141821
-0.011659051262988494
-0.011661487258970737
-0.011591438848811846
-0.011575144113829502
-0.01154506067530467
-0.011607018098808252
-0.01165009791461321
-0.01168668672728997
-0.011638977650839549
-0.011641345445353252
-0.011588890578311223
-0.011595446802675723
-0.011599406198813365
-0.011661862968825376
-0.011642462473649246
-0.011734409157473308
-0.011729496961029677
-0.011751317963577234
-0.011761702281924394
-0.011817317871520152
-0.01183862858093702
-0.011836206827026147
-0.011835613502905918
-0.011756559346730892
-0.011732855897683364
-0.011735831043468072
-0.011767843523277687
-0.011767737896969685
-0.011779707283354722
-0.011800856286516557
-0.011759239965333389
-0.011843923379022342
-0.011889568759271732
-0.011807286768005444
-0.011697125922028834
-0.011656138128959215
-0.01158546143426345
-0.011632503884343
-0.011633347705579722
-0.011620025465694758
-0.011635701157725775
-0.01166906631909884
-0.011677271786790627
-0.011688642805585495
-0.011655842168973042
-0.011668506135734228
-0.011690981370898393
-0.011681199790193485
-0.011629207346301813
-0.011681340978695796
-0.011694771051406861
-0.01164774876087904
-0.011679744820755261
-0.011687049513252883
-0.011664606372897441
-0.01171258743852377
-0.011703482886346487
-0.011707416377388515
-0.011699238491172975
-0.011710003133003528
-0.011722138595695679
-0.011746777966618539
-0.01174920671261274
-0.011841350406981432
-0.011847624340309547
-0.011835390945466664
-0.011834021485768832
-0.011847562672427068
-0.011849918288107102
-0.011857473578017492
-0.011814783384593634
-0.011742708946649845
-0.011664562285519563
-0.011603221741433327
-0.011670634322441541
-0.011714648097180404
-0.011725115618453576
-0.011670985287771775
-0.011637671778981503
-0.011682342035839191
-0.011650400164608773
-0.01166156495992954
-0.011642117869968598
-0.011583010164590983
-0.011629974068357394
-0.01158290750418718
-0.011566976787379155
-0.011599387070880486
-0.011603105813264847
-0.011664697929070546
-0.011639558265988644
-0.011663181506670438
-0.011700144968926907
-0.011701870566377273
-0.01173072187946393
-0.011747085059491487
-0.011774628466138472
-0.01181342164770915
-0.011819365061819553
-0.011829456300116503
-0.011820580022266278
-0.011835412509166277
-0.011823238761952291
-0.011736884140051328
-0.011758994153485849
-0.01177652465322843
-0.01178793226583646
-0.011765550162929754
-0.011763021650795753
-0.01178311060827512
-0.011779209613226926
-0.01176232358870598
-0.011756979201275568
-0.011749264024771177
-0.011695046536624431
-0.011728942379928553
-0.011718942898397262
-0.0117280344120585
-0.01176085238559888
-0.011742662710066024
-0.011752763806054225
-0.011748374797976933
-0.011764472364806211
-0.011788326516174353
-0.01181037138001277
-0.01180457969984183
-0.01176175851947986
-0.011807815945492342
-0.011851547916348164
-0.011835881723807408
-0.011819132417440415
-0.011767925866521322
-0.011732626563081374
-0.011738645185071688
-0.011748231546236918
-0.011815642708769211
-0.011783540793336355
-0.011801928267456019
-0.011821819039491506
-0.011792325772918187
-0.011811958711880904
-0.01180676703269665
-0.011760556884109975
-0.011745309098981895
-0.01178451326604073
-0.011808710072476131
-0.011757504467207651
-0.011751580481918959
-0.011709872275017776
-0.011700116011958856
-0.011707374797417567
-0.011659366981341289
-0.011643207302460304
-0.011697368839612374
-0.011755691998853133
-0.011752288029170953
-0.011705696410857714
-0.011701148117964084
-0.011711294075044301
-0.011724655573757795
-0.01177423526174747
-0.01179070664713016
-0.011847791964044938
-0.011840911467487995
-0.011841350048780442
-0.011779327088823685
-0.011723429322815858
-0.011669382854149892
-0.011592074985114428
-0.01159517618899162
-0.011556379497051239
-0.01154305705657372
-0.011539665752878556
-0.011564549187628122
-0.0115835349003856
-0.01157462470806562
-0.011535804919325389
-0.011487142970928779
-0.011499288148031785
-0.011537180826641047
-0.011509424490997424
-0.01150492550088809
-0.011470593540714337
-0.01137829080510598
-0.011361959418998315
-0.0113507361509479
-0.011349066260915535
-0.01132762712927965
-0.011327411621235885
-0.011312470398843288
-0.011275996597340474
-0.011326412555689995
-0.011315249680326536
-0.011300067130762797
-0.011359784422585598
-0.011351082259072708
-0.0113717132462905
-0.011386006869948827
-0.011405675972883517
-0.011446508937157117
-0.011481992785747235
-0.01147015430033207
-0.011530288280202793
-0.011622093918804938
-0.01164011531151258
-0.011635747523261951
-0.011586637508410673
-0.011535296933009075
-0.011519157299055503
-0.011597128828557637
-0.011591982640899145
-0.011588066013959737
-0.011584574055786317
-0.011587087767055401
-0.011633113843317215
-0.011567598509673888
-0.011528474192779798
-0.0115905042594442
-0.01168756284392797
-0.011696111554136643
-0.011728373356163502
-0.011824926877251039
-0.011847044326938116
-0.011832822701678826
-0.011817148385139612
-0.011843287543608591
-0.011795301076311332
-0.011790341711961305
-0.011753409026333919
-0.011779655530475653
-0.011715128903205578
-0.011691716528282716
-0.01169605189217971
-0.011692563028862844
-0.011726191768852564
-0.011796800147455473
-0.011778413676298581
-0.011779667881245796
-0.011760105221317365
-0.011767055122898174
-0.01177264519322377
-0.01177769463795882
-0.011766209825873375
-0.011804952443792269
-0.011812518708981
-0.011786306993319439
-0.011787166919272679
-0.011749594959502037
-0.011706807707937864
-0.01174330495011348
-0.011769091409559434
-0.011711640913899129
-0.011602583369956567
-0.011527832640478243
-0.01153010750332704
-0.011566865616119824
-0.011640298452514868
-0.011722876260486933
-0.01172324950591876
-0.011679803479749423
-0.01160936660778064
-0.011552004888653756
-0.011481789872050285
-0.011444117200489228
-0.011413744249596045
-0.01140580541239335
-0.011413401881089578
-0.011433687404944347
