-0.004888508887073643
-0.0046332839474836456
-0.003926266619562787
-0.0037178329737849606
-0.003784098601155141
-0.004183475634063714
-0.0033875214607210187
-0.0037769385640315316
-0.004294796895306601
-0.004187873886675101
-0.004088441102067651
-0.004853070782312011
-0.0042022214564659665
-0.004179164896024327
-0.004009440524932113
-0.0040878221412729504
-0.0038508052343525687
-0.003699421181810518
-0.003541589244763402
-0.004177063088259367
-0.0031444712277264512
-0.003121862049168542
-0.00296248500657189
-0.0030016229889965073
-0.0027029191359736215
-0.0030825065273799184
-0.003266380014939241
-0.0028460218962673496
-0.003002893759691364
-0.0031765659389589194
-0.003155776054193993
-0.003439346571319869
-0.003435066542888497
-0.0032488240596738145
-0.003361246339676386
-0.00361633185804329
-0.0034992641147077153
-0.0032883608364159865
-0.0036176792788166945
-0.0031458088007308488
-0.0029416475037527595
-0.0033701833745091257
-0.003165852264163313
-0.00288485093262823
-0.003491171500863343
-0.0025420438647434304
-0.003653512805205945
-0.0032585604283616805
-0.002987130303439045
-0.0029793048083386993
-0.0030663012314858127
-0.003851378400122485
-0.003709291942006301
-0.0029347303809423167
-0.0032492713741608106
-0.0027504193621727888
-0.003114931936038281
-0.0035177803740753352
-0.002979140819394429
-0.0031719843165511465
-0.0030388742501727276
-0.00330182316606656
-0.0028184692583599637
-0.0030697086434489764
-0.0029173199076193935
-0.0028811965356663467
-0.0028630024998324423
-0.003047459384157215
-0.003066179214032786
-0.002365438231620956
-0.0034572363154311576
-0.00295938774481417
-0.0031958578948083766
-0.0027772852872380745
-0.0024875565061345437
-0.0031333834403473346
-0.002734821730680441
-0.002761177450120922
-0.0028846277906064907
-0.0025710434140634947
-0.0032192435943909224
-0.0027023004133997558
-0.0024547539966244397
-0.0027204505631527507
-0.0031819250579749165
-0.0027037951420883014
-0.0027892255233427
-0.0030648769279540606
-0.0025782793400165194
-0.0024558807212075435
-0.0031491537951156856
-0.00239966902426478
-0.0028471438323513024
-0.00274190032183482
-0.0028774618515758532
-0.003021928126800302
-0.0035943702824274976
-0.003130637007016812
-0.0023876087943510635
-0.002828750084693767
-0.00303234275723209
-0.0031664435787522377
-0.003003358312219403
-0.003028007498274258
-0.002733015720370497
-0.002902453387523693
-0.0025385412388363995
-0.0034041342021215865
-0.0028676290158416466
-0.0028309036004391538
-0.002529096870914753
-0.0026793542040262214
-0.0026390983212794803
-0.0027145722273340727
-0.0029881921661341995
-0.002936954189855541
-0.002926609398528451
-0.0029952105579907377
-0.0033082566420642085
-0.003131759119533201
-0.003249261383950456
-0.0029452175283771974
-0.002749631634165542
-0.003176298271261716
-0.0027343475426093553
-0.003291011969084176
-0.003593789012951021
-0.0028827662345447228
-0.003118355274235038
-0.0031678684327188667
-0.002939796921481712
-0.0034503550986790706
-0.003222109038935088
-0.0033159358888621084
-0.003232394116156258
-0.0026649293604592253
-0.0028543614696404395
-0.0027983970693798987
-0.0031167455179176894
-0.0028704424193400657
-0.0035615723930945294
-0.0034404930408883593
-0.003640789402324898
-0.002964173597969614
-0.0030550150764407855
-0.0030339933916792325
-0.003108752116078991
-0.003423026395070005
-0.0030142803962071355
-0.0031824862325233877
-0.0029970487490305715
-0.0028707419361793892
-0.0033175102369619675
-0.0033327879331218595
-0.002616195930719581
-0.0034936971152530983
-0.003099939789128665
-0.002623052626466717
-0.003073945380946765
-0.0033258422116537426
-0.0033961238603121904
-0.002831321015789001
-0.0029539048167786033
-0.002913888575817744
-0.003407408882918972
-0.0028797088799982096
-0.0030666201722177643
-0.002997509056767483
-0.003111649753560047
-0.003062639543614669
-0.003288880375253251
-0.003785209161556033
-0.0032743568785351777
-0.003230007884254017
-0.0023993706241819076
-0.003277749234262582
-0.002854974475926896
-0.003341549975419019
-0.002457054843296738
-0.003506233085568534
-0.002818774297007951
-0.0032266275390337995
-0.002615780039085003
-0.003444705224311846
-0.003684327342713144
-0.0028301821361102733
-0.003281227106075215
-0.003023507687505582
-0.0030080397713174757
-0.0030194917174342735
-0.0032681576046336967
-0.0028253928374409928
-0.003276021633908991
-0.002496280898648132
-0.002871543215862493
-0.0035576430514268234
-0.0030382465149820996
-0.003484380591356063
-0.0028630106759455413
-0.0027770309749017568
-0.003066831261056033
-0.0029531474415415543
-0.0035256925743285643
-0.0031701721142955927
-0.002942018063384402
-0.003531492736613728
-0.0031197180044861723
-0.0027986201188138094
-0.0028341768123542723
-0.0031367868645769082
-0.0034599224204135237
-0.003553900856071766
-0.0031441649138745204
-0.0032980296601167517
-0.003041442035481104
-0.003249896991491893
-0.003002913454141493
-0.0035501656827892046
-0.002961831349809088
-0.0023957859935813657
-0.0029110638547313336
-0.0027797630515721994
-0.0033652626743596796
-0.003222119201010727
-0.003391984182204793
-0.003105379042716669
-0.0030670314813181295
-0.002909713264798369
-0.0024647937402370564
-0.0025485677181493133
-0.003266101227403654
-0.0032346684123478707
-0.003073404948611765
-0.002435522074249055
-0.0029961542318439785
-0.002303964465899444
-0.003279070059724686
-0.0029494037674276173
-0.0025467152953363727
-0.0030510955923736954
-0.002722637714037403
-0.002572067202822782
-0.002672864781823697
-0.002730025965841769
-0.0036346683690407465
-0.003334844855876991
-0.0028843250459679153
-0.0031893454975930606
-0.0028828235167305447
-0.0028993359742452403
-0.002883759244958548
-0.002724110221372624
-0.0032242280606258607
-0.0031762318729611832
-0.003037556888042276
-0.0031826060734644317
-0.0028110276892612217
-0.002682077231193712
-0.0028164792894849805
-0.002744550934928722
-0.0032551826155995628
-0.002944313792127769
-0.002683988175724497
-0.002883021003550197
-0.0024540138889355065
-0.0025525854193185
-0.00285174477710037
-0.003202288525805472
-0.00281234509178309
-0.003117375740249419
-0.003340591249282181
-0.0030459808855275456
-0.0028687550291668124
-0.003157216898534577
-0.0029865264075591134
-0.002652215146960001
-0.002894306680507256
-0.002787318104419937
-0.0027956057860671936
-0.003028424986514694
-0.0034946538743427552
-0.0026906462118451995
-0.002512920869542225
-0.002832575280226509
-0.0020657751709273623
-0.0025632115664492084
-0.002378089162387246
-0.002519877447515032
-0.002862571468864775
-0.0029617253021111964
-0.0030277479363709846
-0.00299874789549516
-0.003173247792528213
-0.0028101227568370474
-0.003098295651787316
-0.002681256286292921
-0.0030343812539152296
-0.002652432675334521
-0.002885833414791168
-0.0027662458460085203
-0.002900904898141579
-0.0029411154760951718
-0.003200194898589195
-0.0027290108300752863
-0.0030110411661928593
-0.0029587844258362685
-0.00290698229444108
-0.002800395567704014
-0.002986713792611576
-0.002818156898168641
-0.0027563962089230012
-0.0029883258274522916
-0.0028803434653859004
-0.0028577762053128724
-0.0029953145622104837
-0.003247402214244584
-0.002236902418305607
-0.0029679539473834214
-0.0035675982032170673
-0.0025511720693500066
-0.0036472627390082423
-0.0028588106421075224
-0.0031154815608454797
-0.0029110178886057954
-0.003069872661890767
-0.00299553744751897
-0.0032214333425539367
-0.002869726639634595
-0.0033515851584652277
-0.0026151475992830862
-0.0031471324249256584
-0.0025050397404735194
-0.002573074219380827
-0.0029155897862577916
-0.0032908723445464086
-0.003102458468716717
-0.002941780953717006
-0.002875459977310441
-0.002917369321201133
-0.002608191490320795
-0.0027824209509502997
-0.0023757477202751925
-0.002984204445611656
-0.003089325214895728
-0.002636695475563748
-0.002528498413561582
-0.002426243288107904
-0.002790253952915314
-0.003175224668732633
-0.0027747781263913
-0.002543903231354482
-0.0031667855278005967
-0.0032039521482461397
-0.003288335659153674
-0.002526674688888178
-0.0031456055842701094
-0.0032494656255872625
-0.0028570921590191853
-0.003219395955098802
-0.0030936649883435926
-0.002480701956970431
-0.00347382790156456
-0.002909284326524614
-0.002812174811407315
-0.0027864397623336284
-0.0030369306033233394
-0.0027071722031803865
-0.0024246491506109014
-0.0028949669734206515
-0.002698570978563193
-0.00348815160168097
-0.0028095943825044937
-0.002961236252013916
-0.00277416704317096
-0.0027543592484606944
-0.0028464231116892952
-0.003537580908893935
-0.00292734341285093
-0.003365409056962061
-0.00409153692064449
-0.002976841195909815
-0.0030764660227299958
-0.003273972761372577
-0.00272476876658669
-0.0032464623267654904
-0.0030356825360184367
-0.0033636780921509715
-0.0037815925794437094
-0.0032263448633040597
-0.0028835957380684146
-0.0031418259189366668
-0.002579377971332902
-0.0027629770347057858
-0.003130447848960394
-0.00286686428399834
-0.002905302688893321
-0.0031825727771199247
-0.0027189850636917257
-0.0035850173504885885
-0.0037102586802868075
-0.0027707168637802282
-0.0034437594372352547
-0.002672273179334959
-0.003152621266746693
-0.0034012518858623467
-0.003016314597938285
-0.002629765047003549
-0.0028579715634620855
-0.0025666122611757995
-0.0027653734847246023
-0.002626401215421392
-0.002802336650838582
-0.0032601341824609986
-0.002797689605137421
-0.002681453755558705
-0.002906301146308229
-0.0030471417758235475
-0.002594448992315917
-0.003019973579409509
-0.002728447545296848
-0.0026368461475072442
-0.002993408399044862
-0.0027001965651001214
-0.00282237356130362
-0.0032093081872771787
-0.003067560449636494
-0.0028478848865443767
-0.0028243700500370735
-0.003469875679785708
-0.003008898923774093
-0.003489009885926956
-0.0027849381181736426
-0.0029872194813738255
-0.0032828448997066426
-0.0029821228979710437
-0.0035272564085119438
-0.0027899010194385315
-0.0026600917997317486
-0.0027224515667188215
-0.002663615277420971
-0.0033323340137088008
-0.0028125036217989605
-0.0036028588218964494
-0.003530095908991551
-0.002844606429324002
-0.0030442890569501967
-0.0034394553273604726
-0.002909688316328344
-0.0032497875021973662
-0.0024456561029507313
-0.0030112490798655444
-0.003033314821276964
-0.003576003502920386
-0.003194541062401987
-0.00262562057838562
-0.0028534262782343636
-0.0028436339136405993
-0.003038135235892311
-0.003251078561928025
-0.002658813982458911
-0.002795299712176841
-0.003099041940884337
-0.0035848968597429476
-0.0034026812714699666
-0.0028006043214152745
-0.002610809238015488
-0.0027404296888978974
-0.0030074643960713715
-0.0026815230892266706
-0.0034093448122084497
-0.0031002673435373868
-0.0027754688922690695
-0.0025417365705001347
-0.003146625736025802
-0.003063081738699717
-0.0031089880944545458
-0.003251136431284894
-0.0029644073584785364
-0.003459971858271141
-0.003336309965710458
-0.0026471988909739035
-0.0030982584405010245
-0.002919727630715433
-0.0032160123702597277
-0.0024340315474218983
-0.0031577924372951107
-0.003502466402039376
-0.0032427135861930185
-0.0024884555968732753
-0.0030744651830264622
-0.002922322470570471
-0.0029905836001375154
-0.0032217399378785725
-0.002699340935952195
-0.003340430803306646
-0.0020332781696884247
-0.0033501580064503526
-0.003307133338722877
-0.0030878148548642032
-0.0029868861404379866
-0.0028998109294916274
-0.0027950600153162897
-0.0026069028144482522
-0.0025792106827513916
-0.0023748317300614757
-0.003297958680684191
-0.0027370249983759776
-0.002793960425510587
-0.002721117363963439
-0.0028263733698085255
-0.0032887529933791457
-0.0032771260202801513
-0.0029391041322307195
-0.0027670075159749448
-0.0033869880471391603
-0.003110409382472449
-0.0030024440003554123
-0.0034477795133533245
-0.002854660048859416
-0.00310628777608233
-0.0027675247553453357
-0.0028955026877811444
-0.002699259349179189
-0.0030297970949485684
-0.0028002483845453135
-0.0026516234033660264
-0.0029120987363369442
-0.0027824268226605015
-0.0030804434030895157
-0.002661896882331651
-0.0026345785970085726
-0.002933845173889506
-0.0029325127707156757
-0.003124490836242939
-0.002806385341071903
-0.0029273897299761215
-0.003256132546485385
-0.003123196503683512
-0.0026247548076161918
-0.0033975024937596744
-0.0027673864474073787
-0.0032354853108267417
-0.0028821272674379728
-0.002659373721580523
-0.003399678790782883
-0.0031314211918578613
-0.0028879370663970026
-0.0030632479832798975
-0.0029588454844415653
-0.002503092919125526
-0.0025296737099385087
-0.003053239232059031
-0.0028494097105410793
-0.0024038847769811346
-0.0033412225530714836
-0.0034499042765677125
-0.0034330893477160247
-0.0028827986415797986
-0.0029167019097417215
-0.003125827824046317
-0.003535498062018521
-0.0033974032524199333
-0.002826497122694782
-0.0033548139827394617
-0.0032836299840252234
-0.0025783466193846478
-0.0031456575556772187
-0.0031582881651289084
-0.0028397841364545392
-0.0032719787669985606
-0.0029472850966037354
-0.0027142137440366813
-0.002809528931202994
-0.0025874747760684246
-0.0033880237881950084
-0.0026378591203643064
-0.0026905849301138178
-0.0029828204465037157
-0.0028800224241371424
-0.0036862461056418414
-0.0027713435549930393
-0.002848304284698251
-0.0030856175519866397
-0.0030214392179939735
-0.003224013052523377
-0.002874992864413624
-0.0029797905378975507
-0.0031534480144772697
-0.0030721682507354056
-0.00284342127657777
-0.002890068817323738
-0.0030855709215846126
-0.003201776536099552
-0.002889211338256828
-0.0033738828500400604
-0.0030110789957320185
-0.0029330556908665844
-0.0028157057781831086
-0.003348069564933713
-0.0026602819170150538
