2.787709586436932
1.4463924857286306
1.1899686588690832
0.9957502475151649
0.866503611436257
0.7536468959771669
0.6354451734286088
0.5513092490342947
0.49340807978923507
0.4199149267031596
0.36956364191495455
0.30555291152917424
0.27758996532513547
0.2422875578586872
0.2086940139532089
0.19368113313729945
0.16336945272408998
0.14410326331853868
0.13860802776538408
0.1256591940155396
0.11393259242177009
0.11208609973008817
0.10783901610053502
0.10595654667570041
0.10326779089294948
0.10642710431263996
0.10410283614809697
0.0966116272772734
0.10148690451796238
0.08870462669202915
0.07453770869626448
0.07837076235849123
0.08024227865613424
0.07907961635635449
0.07037818620984371
0.07264498816086695
0.07835421831561969
0.08455269961402967
0.07926199424725312
0.08591471858895743
0.08619134219793173
0.08443174402301128
0.0856042603460642
0.08222587114343276
0.08420017903240827
0.08641842242616873
0.08172768881687752
0.08233310144681197
0.07888958703439969
0.0727864235926133
0.0753510163953671
0.07418705359674417
0.07020215503871441
0.06389002825778264
0.07163210588578994
0.0710380919277668
0.06958320496174006
0.06568062122051532
0.06712814953464728
0.06699138641930544
0.06266375880401868
0.05528369038723982
0.05461441630927416
0.052435612477935274
0.05750723988390886
0.06124166158529428
0.05237305041116017
0.0553086072493058
0.060861165420367166
0.057461754920390934
0.0606840271789294
0.06376056931912899
0.05281054684175895
0.0514795588186154
0.045670826618488015
0.04800359629667722
0.0513331264257431
0.05395005757992084
0.06185500991459076
0.05494175508904916
0.06060840232441059
0.06425759098850764
0.061991612441264665
0.06150946244597435
0.0572224488052038
0.06211920200059047
0.05671550743281841
0.058593173038501006
0.05087163133116869
0.06258864981623796
0.061151802482513284
0.060833620566588184
0.05145051238628534
0.05206910288677766
0.05385743981370559
0.04659118185249659
0.05458004213869572
0.05237188834983569
0.048180316531887424
0.052273207473067136
0.05398586145960368
0.061583162099123
0.061780728972875155
0.057156702131032945
0.060098287233939535
0.05515608859176819
0.05735154765156599
0.05489850817964627
0.05335374460197412
0.05885407798565351
0.06877206449325268
0.050612555759457445
0.050747109147218555
0.054858902440621304
0.04971585305264363
0.044990521468795265
0.04624005765295946
0.05016464381836928
0.04494569324530088
0.04194980664895131
0.0453901778620023
0.04231177511123511
0.04345022144799049
0.04334619847627787
0.046647041720839645
0.04612961339835937
0.041730373582014674
0.042645529141792884
0.04391136372891756
0.044794158264994624
0.04131467772217897
0.04609375621836919
0.05243934736802028
0.0493561171568357
0.048253046807188255
0.04583108273263161
0.04949979100089807
0.04785970592728028
0.043427132843778686
0.041963728803854725
0.051797793375758024
0.04618875625041815
0.04881072978560741
0.04551360647265728
0.04514683161217433
0.04454251894584069
0.0427096219590077
0.042403910882197894
0.041976660719284645
0.04386348300255262
0.04719143521327239
0.03810709436925558
0.03822785813647967
0.04315032365803535
0.04851486169948028
0.041317138706262295
0.04368957458780362
0.042335298800697696
0.045378684997558594
0.04645993815591702
0.04150455376276603
0.033620102101793656
0.0352732616261794
0.03474851663296039
0.03651732398340335
0.04054022164872059
0.04166351516659443
0.045124419749929354
0.046773042386541
0.04346831085590216
0.042941582202911374
0.04301088589888353
0.04678534435538145
0.03910391276272444
0.039534835144877434
0.042527014991411795
0.04430586085296594
0.04250668588166053
0.041455245934999906
0.03851213237413993
0.03951901994072474
0.03698117420650446
0.040975678597505276
0.03577007290262443
0.03480835625758538
0.03779520827990312
0.03646057855624419
0.04357860727378955
0.03682857313408301
0.03246356354883084
0.037445542187644884
0.03940855428003348
0.037333043263508725
0.0383442987043124
0.04263373980155358
0.047585311417396255
0.039892635179253726
0.04120489613941083
0.041867951361032635
0.03907691475290519
0.040881106572655534
0.04074463924536338
0.04249294861578024
0.04967408045553244
0.03507221653484381
0.03862076966235271
0.0397317205197536
0.0350577309441108
0.034799475194169927
0.036465376071058785
0.033638859540224074
0.036069937279591194
0.03298636646224902
0.03870481315713662
0.036267474436989196
0.032977927590791996
0.031503694404203156
0.033916306896851614
0.035478082614449354
0.039404258418541685
0.03753239635664683
0.03705123631426921
0.03649369770517716
0.03736309040910923
0.03588911570035494
0.03791532957783112
0.036913768058786024
0.035735236681424656
0.04087911302653643
0.039417274267627644
0.03774035389606769
0.041626059607817574
0.042161627772908945
0.04110487278264303
0.04364195537681763
0.04533285097433971
0.04496034240493407
0.04367760789509003
0.04352165492108235
0.045587334008171006
0.047191112359555865
0.051721409622293255
0.04159929033082265
0.040303206042601514
0.04087637711602908
0.0410552846124539
0.03757622537131493
0.03920632251180135
0.03678997101692053
0.03751183392909857
0.03624309393075796
0.03994589820504189
0.03742372333430327
0.034935446713979426
0.037014284901894054
0.03626057869539811
0.035652746002261454
0.033388231293513225
0.03901071694607918
0.038866843483768974
0.03927973101918514
0.04351906564373236
0.04653071804115405
0.04340653385107334
0.0483016882951443
0.045434018281789924
0.04093797000554892
0.04050103082106664
0.04081218853019751
0.04022261832769101
0.03918440035329415
0.03930500464943739
0.03825308150396897
0.038582746340678285
0.03899702687676136
0.03797803243192343
0.03974377071628204
0.040843616655239695
0.038934694431149046
0.038315216451883315
0.040905566226977566
0.0387339036911726
0.04036150093262012
0.03967960385175852
0.04520965318840284
0.04073850455192419
0.04066965703207713
0.04006701960013463
0.043125041488271496
0.044275037657756075
0.03969673958535378
0.043949269847227974
0.04149961614838013
0.04275179296158827
0.04349929254788619
0.052030707265322024
0.0460921069750419
0.04459476124208707
0.04654112163071449
0.0430342721251341
0.04537925611321743
0.0441916772379325
0.04395890608429909
0.041689719173770685
0.04538295054091857
0.03949574739314043
0.03744714965040867
0.03993056066907369
0.03690266314034279
0.042676348669024616
0.038406885472627786
0.03992763138734377
0.041577489100969756
0.04178591032440846
0.0439715051307128
0.04255361187343414
0.04295389523299841
0.04233885668218136
0.0452671512388266
0.0423143096268177
0.038393890829040454
0.03828341834820234
0.03970616379609475
0.03667808834176797
0.03935214624955104
0.04107986909265702
0.0412491061939643
0.04002929951709051
0.03768705983574574
0.03862761826469348
0.03874392861930224
0.039721250218840744
0.03847974060246578
0.04068824121585259
0.03892284677578853
0.04070805703791288
0.03914082783919114
0.04169678484591154
0.03983959002563586
0.041084166673513556
0.03792231243390303
0.04743973655769458
0.03909715654758306
0.040525028854608534
0.0396646619702761
0.04518650509417057
0.041094216274527404
0.03995423892942759
0.039539923690832576
0.038152171728702694
0.04203778164317975
0.04048474769179638
0.04230484217405319
0.0468140344780225
0.04240069684500878
0.043253876125583283
0.04042956436482759
0.04774786067696718
0.040585321904375006
0.03787567515212756
0.04309811079158233
0.03989219433413102
0.04251949159571758
0.03899504098181541
0.04050066620111466
0.0387150055800493
0.0416632845138128
0.04141937325207087
0.041310871077271605
0.042810127454308365
0.041807919597396485
0.04293530743855697
0.04452653670540223
0.04556797401836285
0.04574807670253974
0.045252029941632195
0.044830451246637565
0.04434211001946376
0.04441592140266529
0.04188796949501221
0.04261240176856518
0.042834905706919155
0.04017395993264822
0.040108130499720576
0.03900185680160156
0.04156738095558607
0.04009505091951444
0.04168233788357331
0.03942320908491428
0.04241543687306917
0.04344954539376956
0.04237996815488888
0.0422660239900534
0.04084185611170072
0.04238858758830107
0.040628851806888217
0.042926837188693195
0.04176607177807735
0.04169244276216397
0.041867446670165426
0.04196710681112913
0.04108570650793039
0.03972510228363367
0.043557942715974955
0.04289785251021385
0.041860629073702374
0.0410600512360151
0.0425720920929542
0.04416707989114981
0.042904409279043855
0.04603122275036115
0.0421573499074349
0.04101756834066831
0.04207948503585962
0.04109787350663772
0.04487489983439445
0.04147162119356485
0.04382382227251163
0.045595977570001896
0.04376428436774474
0.0429514161669291
0.04098577934962053
0.04196417025075509
0.042078814254357264
0.03939842533033628
0.039621072291181635
0.04109355274301309
0.041444957313629294
0.04366774452993503
0.04944865829669512
0.04323942626898105
0.04328199633612083
0.0432375799291409
0.04414419557612676
0.045095757395029065
0.04584627541211935
0.04435926248820928
0.04487534686923027
0.038167945467508756
0.03974080951167987
0.03783760537894872
0.03866412714123726
0.0372239511173505
0.037794423733766264
0.0366030813409732
0.0384759820997715
0.04027791243906204
0.04142434599880989
0.039629310054274704
0.040832689547768
0.03970208471784225
0.03856224426283286
0.040052189563329406
0.04208959223559269
0.04002639304559964
0.03877780017657922
0.04295336211530062
0.04201854275396237
0.04203452124045445
0.040344143057098755
0.04289435813060174
0.04303517390329104
0.04254996217787266
0.04078830119508963
0.04334579545717973
0.045142127516177986
0.04417364952655939
0.043304901369489154
0.04271692564854255
0.04382727636167636
0.044310099516923614
0.044457205499594026
0.045721466524096636
0.043975619341318425
0.0441939650533291
0.04333386352429023
0.04369209242554811
0.04084486855337253
0.041603893500107986
0.041525073664692734
0.04326919841651733
0.042751819267868994
0.040403785184025764
0.04259341456569158
0.042919690219255596
0.04428902165247844
0.04607786968923532
0.04303042868582102
0.043988973676012115
0.04421753055201127
0.04553963034771956
0.0437709719229203
0.04765502821940642
0.04567983812437608
0.04630161277376688
0.04674293822967089
0.04809373726065342
0.04445009191448872
0.04444398561922403
0.044684653729200365
0.04938191433365528
0.044714908215862055
0.04607183105097367
0.0451177473538197
0.04237966308226952
0.04394147312985017
0.0450124547458612
0.04744206821689239
0.05073386912162487
0.04684417835221841
0.04677008462066834
0.04791693117182989
0.04495350569486618
0.04531480406339352
0.043511862794940286
0.04827095608298595
0.04584076590836048
0.04561785107048658
0.044718391104386405
0.044424992197981246
0.042204893982181184
0.04554166160523891
0.04443632226723891
0.04300408841898808
0.04276303113079988
0.04189513408793853
0.0420255608856678
0.04303773635855088
0.04302707652633007
0.04488912270619319
0.04606309533119202
0.0445375199501331
0.04534624665975571
0.04441356243422398
0.040704249819883936
0.04131210205646662
0.043027076010520644
0.04207666149506202
0.042734362872747275
0.04130426487670495
0.04239462513763171
0.045243062652074374
0.04703112674447207
0.04492345160016647
0.045985340584929174
0.043354478764992495
0.04424603140124908
0.0440632436137933
0.04566348109107751
0.044951203923959
0.04762524650073968
0.04653199257758948
0.04461707306595949
0.04820875488221645
0.04521107005958374
0.04417008640101323
0.04308244116031207
0.044928379356861115
0.04542167728336958
0.04529192479184041
0.044529802495470415
0.048717707424209666
0.04740777365290202
0.04562647408590867
0.04914511986649953
0.044533168381223315
0.042409573953885296
0.043997734097334054
0.042593078343914105
0.04385844331521254
0.04541534950526861
0.04324052396875162
0.04559749737381935
0.04513819243472356
0.04572780149487349
0.047547842791447276
0.04722056391720588
0.045200995928966085
0.04850929176005033
0.04733056979110608
0.04514306565889945
0.04547623794239301
0.04788955931480114
0.047910911188675805
0.04585369323881773
0.04724939029950362
0.0448826570636951
0.045699243906598824
0.04537988603115082
0.04509981472331744
0.04689598716795444
0.04383192904866659
0.04863746209213367
0.04259598346856924
0.044107830811005375
0.04351762292476801
0.04222991248736015
0.04283550192530339
0.04249196221622137
0.04313850829807612
