4.27146697586233
1.4624714025042274
1.1053822853348472
2.2097907066345215
1.398155577480793
0.9197449616410516
0.9008574526418339
0.7756732847880233
0.5304369532757185
0.4499363133853132
0.3660943562334234
0.23406221412799574
0.4114113944497975
0.30823088030923496
0.12899865667251023
0.12277208916334943
0.07442030090500008
0.07468132122250443
0.08491978430273858
0.07476080048151991
0.0662826159757308
0.07991706165061756
0.0620616837087172
0.06168106503107331
0.06376659137789499
0.06519334619356827
0.06433612484992905
0.06531517569568347
0.06967950307510117
0.06661341703412207
0.07446344082497737
0.06175392578271302
0.079814713194289
0.061755831438032066
0.07576306138864973
0.06697670438072899
0.07421906804665923
0.06765886260704561
0.07630167313089425
0.073338449339975
0.07500808891332285
0.06632462188347497
0.07138639315962791
0.07524894271045923
0.0686315160075372
0.07641614249653438
0.0745601078326052
0.07198998101309619
0.07690128387713974
0.07761982328851115
0.07768066337501461
0.07118255721235817
0.0798936495134099
0.07446336452002553
0.08494782761077989
0.07046523861671714
0.0882513656238602
0.07342230541292917
0.07966786339371042
0.07730998259715059
0.07440543606538665
0.08429622209884903
0.07044017323377458
0.07734951105984775
0.08582897433503107
0.0692235768391666
0.07712838273834098
0.07796796093779532
0.07654745190997016
0.0799426513470032
0.07214493423023007
0.08062687325714664
0.07649874136867849
0.07769322560422799
0.07981795728714629
0.07254646307873455
0.07084766462106597
0.07887152658606117
0.08727754364636811
0.06683244539255445
0.08321811375208199
0.08608603651042689
0.06673733953555877
0.0638755029914054
0.08167682511901314
0.07685478539629416
0.08322446179491552
0.06262117924846032
0.07201321414587172
0.07375329494772648
0.07689067420803687
0.07461261027492583
0.07586805878037756
0.07280779551629993
0.07561123523522507
0.07556599238887429
0.07105803951113061
0.0763102829540995
0.0687521537130868
0.07658717963336543
0.0822140836918896
0.07132537063973193
0.07279886914925142
0.08280319297178225
0.06671548456969587
0.0744552868841724
0.0661396798254414
0.08239922850308093
0.07327359984628856
0.07263854074037888
0.07531465488401326
0.06519408680667932
0.07522659435529601
0.06749256560578942
0.07891221630217676
0.07028302846645768
0.07628822538324377
0.06914107230576602
0.07345687187361447
0.06539284420961683
0.07326809583570469
0.07205680393698541
0.08921896932985295
0.051958275366235866
0.08253007716583935
0.05813523646528748
0.07395334643396465
0.06920605515849522
0.0727062238888307
0.0704695176629519
0.06301678894934329
0.08377669895575805
0.07043051996945658
0.06578237785619091
0.07110828571868213
0.07603751190684059
0.07754636528393762
0.06963465038940987
0.07205992280928926
0.07127880504016172
0.08045214262198318
0.07134361256083305
0.06697840499691665
0.07107092554427007
0.06561780644750054
0.07727463335984132
0.07413210400210862
0.0764471702912653
0.06610711439597336
0.07208558430217883
0.07557382476939396
0.07189205092039298
0.07351760879497636
0.07694862224161625
0.07719075184484775
0.06054334010166878
0.08030166290700436
0.06423566810024733
0.07050955930555408
0.07059304196048867
0.0750645521435548
0.07127056071873415
0.07640094017948616
0.06816078654744408
0.07285110633396967
0.08252334025349807
0.05810381268913096
0.08109420546415178
0.07535286179997704
0.06826343550346792
0.07081112117421898
0.07960421989925882
0.07281113864684646
0.06616233869201758
0.08043766470456665
0.06797131735154173
0.07397804572246969
0.07843163704753599
0.06439200244759294
0.07642834828319875
0.07431357430124824
0.06527026018805125
0.07296251499263401
0.07203854768621651
0.07378200483931736
0.06952747304669836
0.0748810214413838
0.06567397438497706
0.06619775515388358
0.08368223774331537
0.06972399586811662
0.07287855518304488
0.06781490614891729
0.07737609202211554
0.07939915841614659
0.07319431133906949
0.0644598924131556
0.07171416320753368
0.07416174349121073
0.07323725449598649
0.07632301506501707
0.057991882489824835
0.07530964779752222
0.08026314560662616
0.06896945425647903
0.07664088358763944
0.07217917134138671
0.07641334336420352
0.06790643071078441
0.07550147201188585
0.07693476098674265
0.07310897179625252
0.06653122341429646
0.07793787562034347
0.06744820489124818
0.07240255193954165
0.08517405610870231
0.07205339030108669
0.07005311197347262
0.062323305290192366
0.0782931653613394
0.08118574524467642
0.08218684267591346
0.060630770759995685
0.07416763457215646
0.06906640809029341
0.07341506556523117
0.08014518174935471
0.08222559987652031
0.06669397438368337
0.07418290720405904
0.07493039952929724
0.07263648037968035
0.06344830426810817
0.07269529456442053
0.07519434621049599
0.07811018138785254
0.06644666347314011
0.0749811257489703
0.07078240225514905
0.07778469498523256
0.07805260287767107
0.06860821878283539
0.07128245747563514
0.07260256645862352
0.07619741406630386
0.06943395213139328
0.07587290622971275
0.07648253737186844
0.07325761174698445
0.07369974958287044
0.07567755674773996
0.07235555747650903
0.0752734444104135
0.07543768369677392
0.06605684088373726
0.07253249726173552
0.07310918557711622
0.078689939935099
0.07057872008193623
0.06840278064324097
0.0769782042638822
0.07581224224784157
0.0806073031430556
0.06453300961716608
0.07671635530211708
0.08266280229542065
0.06821455510163849
0.06971660305068574
0.07406136071817442
0.07041476673277264
0.07725506394424221
0.07901494886556809
0.06187991006299853
0.07903287144885822
0.07328237677839669
0.07305107545107603
0.06913677594539794
0.07643598074686121
0.06953750722194937
0.06984950678253715
0.06762773300182413
0.07949732811274854
0.07345141847194596
0.07289544848555868
0.07600398886610162
0.08121409495784478
0.06679944149006835
0.07491043277762154
0.09211083979938518
0.08601174440065568
0.3743929741057483
0.07403329277241771
0.0698044126514684
0.07067072560841386
0.07463290754028341
0.07707790556279095
0.06794849601150914
0.07111574203537946
0.07193346484564245
0.07193165928633376
0.06919480030509559
0.07366241339001466
0.06664995044808496
0.06914302156391469
0.08112874745645306
0.07808474328538234
0.07654528233053332
0.06096282550557093
0.07179767331531779
0.06609193282201886
0.07829423659396442
0.08620587444271553
0.05610409266823395
0.06475071278824047
0.08781240416944704
0.07505898304622281
0.06286975131793456
0.07471650663170624
0.08066649980504405
0.07014475305649367
0.07242665579542518
0.07024583008817652
0.07772936172444712
0.07579516564411196
0.06043960416520184
0.09027089339426973
0.0705543099585074
0.0709869853771207
0.08408243477937173
0.07123271193863316
0.07225040092386982
0.07325378928164189
0.0655959681819447
0.07633077391338619
0.0661566261710091
0.08863003035499291
0.06371378555724566
0.07634493217549541
0.06309025499715724
0.0926700951108201
0.05923714247447523
0.07781596206636592
0.07437213525091382
0.07447550149465149
0.07534475008618426
0.0718483376655389
0.07272042584901844
0.07217712746933103
0.07299774292517792
0.07022809842601418
0.07072295451706107
0.06721630819480527
0.076265379214998
0.08013731749220328
0.06412010493857617
0.07366711553186178
0.07557410272684964
0.07170649444345724
0.08288616788658229
0.061026484134014354
0.0824342875487425
0.06628016086125915
0.08397614202377471
0.06602989247238095
0.07306206636977466
0.06453681167807769
0.07384305184876377
0.0725179191001437
0.0646758984816684
0.0816765338267115
0.07429063887420026
0.06571843472986737
0.08013023010624404
0.07600213803181594
0.0634565642315217
0.07665442643602463
0.05832342460582202
0.0901450387794863
0.05673498575660316
0.07750441701236097
0.05998326194557277
0.0754779812202535
0.0767949562181126
0.07074399121021005
0.07609506273134188
0.07595184318382632
0.06952516175806522
0.0735665078444237
0.07314436954700133
0.07073300594294613
0.0704530186273835
0.0685701451518319
0.07352849375456572
0.07202245303514329
0.07331974533471194
0.07214467489922588
0.06661987088789995
0.06799455749040301
0.0773291338489137
