-0.00013396944136316463
-0.0001317148344242014
-0.00012741396957690912
-0.00012057940594703805
-0.000118098351694326
-0.0001110662676431027
-9.951936226570979e-05
-9.27515644765332e-05
-8.16186078406066e-05
-6.974925781833008e-05
-6.19754535529699e-05
-5.6853678787857376e-05
-5.2822986121596344e-05
-5.0604242708438754e-05
-4.677070153940638e-05
-4.3550351454707034e-05
-3.9896425236789085e-05
-3.5979134984452024e-05
-3.4213054525687106e-05
-3.304018057612914e-05
-3.049781207664637e-05
-2.839013871959072e-05
-2.7013724320568144e-05
-2.4995097440048333e-05
-2.3575768946929284e-05
-2.230212645703101e-05
-2.2864911443321034e-05
-2.2540468142489605e-05
-2.1946966047504578e-05
-2.12438582655688e-05
-2.1869575820429336e-05
-2.2072796706528276e-05
-2.1622022111180492e-05
-2.1333252665168732e-05
-2.2035235484839756e-05
-2.139907114310931e-05
-2.1662164230788633e-05
-2.0957808870166033e-05
-2.0586579673611347e-05
-2.0435793554828376e-05
-1.9760273144956127e-05
-2.003365774395537e-05
-1.9051706906545654e-05
-1.9237507331126835e-05
-1.9109584503563713e-05
-1.843799038231902e-05
-1.850628855622331e-05
-1.8797907449135725e-05
-1.865791438666003e-05
-1.885719153836941e-05
-1.8340717112798963e-05
-1.844398635016246e-05
-1.7577486687514465e-05
-1.787330413869561e-05
-1.6988174882664513e-05
-1.702817867639665e-05
-1.7409537576895673e-05
-1.718215555063745e-05
-1.7177667855734896e-05
-1.6885030742163178e-05
-1.7228494884462137e-05
-1.6984069836987395e-05
-1.7403002030650068e-05
-1.7621732447217006e-05
-1.7802810692625247e-05
-1.7898841178976e-05
-1.693223260769049e-05
-1.6806464455757205e-05
-1.6049257200475868e-05
-1.629171997179087e-05
-1.5247800092765829e-05
-1.5048056287593102e-05
-1.4668669791717548e-05
-1.4316916390684623e-05
-1.3525421019783773e-05
-1.4746144601800056e-05
-1.596448964846786e-05
-1.5832628130076706e-05
-1.5497998447244754e-05
-1.5364756977347e-05
-1.554029553186741e-05
-1.6083179781906605e-05
-1.6240550311605066e-05
-1.5747698936055794e-05
-1.4820767815267159e-05
-1.4788590388806453e-05
-1.4793802248194963e-05
-1.5365031231340254e-05
-1.5678576346545015e-05
-1.5652858399500307e-05
-1.5804559717997275e-05
-1.5322004980010785e-05
-1.4993634481057102e-05
-1.4876200607845517e-05
-1.4551193502980327e-05
-1.4668096851396099e-05
-1.4619908184117362e-05
-1.4957209548976442e-05
-1.47530153795246e-05
-1.4865953992491335e-05
-1.4649434185478391e-05
-1.572594630322948e-05
-1.5993277470856398e-05
-1.626700296500613e-05
-1.698385155825897e-05
-1.619087891991843e-05
-1.6234146311365873e-05
-1.5420293369640024e-05
-1.550908291392261e-05
-1.5764441245251376e-05
-1.6182616656640842e-05
-1.5820891100950327e-05
-1.5159876222076656e-05
-1.4591573331430977e-05
-1.3624892579338683e-05
-1.4100249906980686e-05
-1.3989110687940741e-05
-1.4193834514034362e-05
-1.4039050504586406e-05
-1.4382738795988685e-05
-1.4516594298832139e-05
-1.3712591928858522e-05
-1.4159177391609939e-05
-1.4405938269522846e-05
-1.4232904959499137e-05
-1.433366432221109e-05
-1.4297540060810702e-05
-1.4442685328090606e-05
-1.4477821299475512e-05
-1.414287374824529e-05
-1.4267266950892834e-05
-1.439008135341944e-05
-1.4844016732240561e-05
-1.4939804218143268e-05
-1.4690316716455113e-05
-1.4551085521154825e-05
-1.481123986609005e-05
-1.456353166676391e-05
-1.365808711026065e-05
-1.38487218299071e-05
-1.3723827082272196e-05
-1.349571357422974e-05
-1.3419114896929717e-05
-1.3313282910199963e-05
-1.3620338946070246e-05
-1.3336437570449727e-05
-1.3479333905376155e-05
-1.3868317513366822e-05
-1.373454237678247e-05
-1.4195392065051816e-05
-1.3931141480001811e-05
-1.3957397889250636e-05
-1.3999143820084017e-05
-1.3694628168278458e-05
-1.3586681606367081e-05
-1.394444643665338e-05
-1.3434627362585161e-05
-1.3777876078661807e-05
-1.3678931116539223e-05
-1.327620376204405e-05
-1.3177993837003173e-05
-1.3519136204691181e-05
-1.2954022581239274e-05
-1.2965894546306862e-05
-1.2203517061689952e-05
-1.2517945792338155e-05
-1.2242698961596364e-05
-1.2358240920465588e-05
-1.2615664176833393e-05
-1.3040024152194912e-05
-1.2945498838234926e-05
-1.3458557615112197e-05
-1.3712607927697139e-05
-1.3741763599351874e-05
-1.3904356861034598e-05
-1.4676428194930354e-05
-1.3799388191480169e-05
-1.4468501128497088e-05
-1.4123745131655596e-05
-1.4302656051189512e-05
-1.3295659093935022e-05
-1.3073707412497077e-05
-1.3395317017222458e-05
-1.261949806906738e-05
-1.24057570990937e-05
-1.2320548359473998e-05
-1.2221655941340776e-05
-1.2649133788561977e-05
-1.2097135822841665e-05
-1.2618251771941273e-05
-1.2673643761280056e-05
-1.2654652147664985e-05
-1.2604411081569692e-05
-1.24952248783798e-05
-1.252723615669476e-05
-1.2508334417692492e-05
-1.264605767077724e-05
-1.2591899783067426e-05
-1.2281991737175055e-05
-1.2236505509380633e-05
-1.2283715477678925e-05
-1.2942369556350803e-05
-1.27616230284647e-05
-1.2622153049464528e-05
-1.2188352849823952e-05
-1.2571558686018266e-05
-1.1844289350516522e-05
-1.2338485372641696e-05
-1.3110600403623804e-05
-1.29496035531867e-05
-1.275023049112695e-05
-1.2949724805366714e-05
-1.2876455994873224e-05
-1.2181368137217676e-05
-1.1791569456611548e-05
-1.1220856611709513e-05
-1.1389014079296347e-05
-1.1659498589076314e-05
-1.216681647003332e-05
-1.2206804347608175e-05
-1.2073448364059335e-05
-1.2462097815428438e-05
-1.224074644183433e-05
-1.2144022796498824e-05
-1.1582993755093247e-05
-1.229501437840306e-05
-1.1377830767080674e-05
-1.1684064867784565e-05
-1.1456169142382516e-05
-1.0508445608469298e-05
-1.0660201827373715e-05
-1.1126253453271188e-05
-1.0488385958689667e-05
-1.106578607008983e-05
-1.0123247854856096e-05
-1.051924114521667e-05
-1.0569431527652672e-05
-1.0749867628460793e-05
-1.144368802256808e-05
-1.1612058187893126e-05
-1.2349781379519051e-05
-1.094353877885045e-05
-1.1387604569211941e-05
-1.1084333684927763e-05
-1.1126489963234318e-05
-1.0344989649721272e-05
-1.0552304212813562e-05
-1.0570018110394647e-05
-1.0590543752186932e-05
-1.0155501141443066e-05
-9.940823267904555e-06
-9.777903042876543e-06
-9.97754998686353e-06
-9.57543162175253e-06
-9.765147875772197e-06
-1.0033862963609863e-05
-1.0207138116542906e-05
-1.0127579116669949e-05
-9.557318993426055e-06
-9.774268784729594e-06
-9.435797272255348e-06
-1.02117657909482e-05
-1.0904225084893618e-05
-1.0804039034569128e-05
-1.0916454688082343e-05
-1.121765118031445e-05
-1.1391503945064455e-05
-1.172042448160937e-05
-1.1437828230885895e-05
-1.0806098089233274e-05
-1.0476039154706417e-05
-1.0806907208792506e-05
-1.0908404213048264e-05
-1.0733351163335927e-05
-1.0528371355824426e-05
-1.0667973294237692e-05
-1.055486927725724e-05
-1.0259531212465266e-05
-1.0129067174024055e-05
-1.0318882480284877e-05
-1.0099428974089362e-05
-1.0169153897136725e-05
-1.008713425934812e-05
-1.0374212913368616e-05
-1.0840373347904956e-05
-1.0695152716586811e-05
-1.0980203652169704e-05
-1.1182132725066781e-05
-1.115909026339068e-05
-1.0859617635684447e-05
-1.0781993048360825e-05
-1.0826454606351696e-05
-1.0863877584845547e-05
-1.0536550276314797e-05
-1.0958230466878211e-05
-1.0499660013672177e-05
-1.0757981313376645e-05
-1.1234176244298313e-05
-1.1150487725072624e-05
-1.1063718581929358e-05
-1.1266933142906055e-05
-1.0794022562715162e-05
-1.0790284498150207e-05
-1.0254992875244087e-05
-1.019328233682741e-05
-1.0131650469702436e-05
-1.0209111968089763e-05
-1.0380296854154123e-05
-1.0444395725657655e-05
-1.0767609927080974e-05
-1.136271087241105e-05
-1.1268915386608569e-05
-1.1475530134868512e-05
-1.2018989681647243e-05
-1.2127361349650362e-05
-1.1383280790059045e-05
-1.1291027393864086e-05
-1.039519131815971e-05
-1.000369490033005e-05
-1.0258898452196842e-05
-1.0094401246037291e-05
-1.077008697724192e-05
-1.0566103975923562e-05
-1.044189151467766e-05
-1.0104294109293154e-05
-9.867249652663965e-06
-1.0106257915057624e-05
-1.0381216270616278e-05
-1.1191129033250036e-05
-1.0088009730679914e-05
-1.0636120102638166e-05
-1.0132885026078755e-05
-1.0911504763167944e-05
-1.109768147051165e-05
-1.1177246919528857e-05
-1.145448409674414e-05
-1.1719003602841191e-05
-1.2308288453575436e-05
-1.18339078405618e-05
-1.1705947268968554e-05
-1.14806999507974e-05
-1.1922631735863185e-05
-1.1370596026112748e-05
-1.1360156680563126e-05
-1.1839657542044403e-05
-1.1572152826292124e-05
-1.1429847084152492e-05
-1.0820179795700824e-05
-1.059195892594289e-05
-1.0769306176040448e-05
-1.0270199957383078e-05
-1.0193800128697397e-05
-1.0126066668321569e-05
-1.017755014552015e-05
-1.0500548217929794e-05
-1.0821590959411962e-05
-1.0966675786634864e-05
-1.0843013197617521e-05
-1.083046845451463e-05
-1.1118032117255181e-05
-1.0434899691476444e-05
-1.0750225225241262e-05
-1.1552766574657818e-05
-1.1070371659694832e-05
-1.1223575711483136e-05
-1.0885925968812609e-05
-1.1069938574854115e-05
-1.0913068639307642e-05
-1.0892463375388285e-05
-1.0757282532061005e-05
-1.0153631799105575e-05
-1.0332699399772206e-05
-1.0223221703530395e-05
-9.671196163584352e-06
-1.01959358289605e-05
-1.0658913941535337e-05
-1.0322401770033387e-05
-1.0921339294740887e-05
-1.0876611172121061e-05
-1.061801222848854e-05
-1.0601891269536942e-05
-1.0559061096997043e-05
-1.0371423121052265e-05
-1.0484572488745801e-05
-1.0487863991412185e-05
-1.0870261245475955e-05
-1.0856344116208758e-05
-1.1026499330248704e-05
-1.037281150605519e-05
-1.0616100718669424e-05
-1.0802272878539622e-05
-1.0861538157769246e-05
-1.0771353779339485e-05
-1.0995205312528098e-05
-1.0623917081499133e-05
-1.062152225792736e-05
-1.0777332632146267e-05
-1.0474371141423365e-05
-1.1148042011138221e-05
-1.1216693193008806e-05
