-1.9177999225529758
-2.129231951453469
-2.3057414455847307
-2.2434620315378364
-2.2841089259494436
-2.115017229860479
-1.9048618186603894
-1.6902723745866255
-1.230710812590339
-1.0929158384149724
-0.9206725358963013
-0.8196917799386111
-0.6962767135013234
-0.5761849798939445
-0.4924789084629579
-0.40977140448310156
-0.32830216126008466
-0.2780328379435973
-0.25346238030628726
-0.22977784682403912
-0.21576068008487875
-0.15362947738983415
-0.1475427709519863
-0.12429311990060589
-0.09946835989301855
-0.05545093017545613
-0.0528696960430931
-0.04970563414760611
-0.03279398180629042
-0.028660992723664756
-0.012008806986903603
-0.026043327228928156
0.0039594155122441325
-0.021853678224777632
-0.0001757386966015805
-0.011909744154598395
0.013748602518303827
-0.004548671337860552
0.01619649568403309
0.01873292834286324
0.01980630815325474
0.005827996673443439
0.013685822021216154
0.017154887593774634
0.007012526081366973
0.02323882731037553
0.024488428395918825
0.023191506519321014
0.029081836501559752
0.034510068796490406
0.037695371291854164
0.02858060086145997
0.04362914390433368
0.038490804780105296
0.04805442682382735
0.0338465652259236
0.05507472107737241
0.035596161789726466
0.046961673482490536
0.036280617578251455
0.038241830548610196
0.04719081095589155
0.029379473565230994
0.04243106925225055
0.05100092992672051
0.029529341687024993
0.04078679395289245
0.04350742871280421
0.038656521546231074
0.044653145829215646
0.03471426454118707
0.048212378709153694
0.04489827160300179
0.04951418266335333
0.04826716886071319
0.04156460466964001
0.03766727607316253
0.04804100975822869
0.062217938523231583
0.03098146595187824
0.05273252044968434
0.05923276938582686
0.0307741215047744
0.026292639144230634
0.05768219176256521
0.04734211355786432
0.054148773715662006
0.02943328001790426
0.039201421409168026
0.047026627475960675
0.04885104789652608
0.04819026957689361
0.04872898550026796
0.04344141052041033
0.04535028216725385
0.0461014945070598
0.038822514925744726
0.05077280781485818
0.036816594254394826
0.047264070705172016
0.0624956380660561
0.041709105447146365
0.04650959931843152
0.052162148587575015
0.03199289450210265
0.045197948839896446
0.024272086649117144
0.057860824575817045
0.04464681241237982
0.03907194081693888
0.045966079061723904
0.02559933926518583
0.04654257369905033
0.03268714177168228
0.05254760105162859
0.03382340077289634
0.04307623309167949
0.029511466847245836
0.04199640509481965
0.030171707420694558
0.03957342146895826
0.03687720877033743
0.06015645296164704
0.009757052662528375
0.0505159095522355
0.007609780512707816
0.04041964998892085
0.03579584036064758
0.041459809565408665
0.03902633457883811
0.024989404959011485
0.06180710214274851
0.03593514854384756
0.03217621790033511
0.04179534761616113
0.04679003601830283
0.053627083490772005
0.035461442386308176
0.04141343541612679
0.0388781158676879
0.055437669581310314
0.03464988101570105
0.029574406465557826
0.03786895771256902
0.026126085108527066
0.04650460105304691
0.04437883412042125
0.0417850444262678
0.03308986313641071
0.03902114733037623
0.04742604404137554
0.04144789547320794
0.040930973143655465
0.04688562603074719
0.050671365281397644
0.024261155832474204
0.05488088947128166
0.02651305243224752
0.0408853132870387
0.0386828372720629
0.045341471591117705
0.037446263266081754
0.04487255729988895
0.03413941330191764
0.03903354880061339
0.05898080554536798
0.014900972405236891
0.05719532337124375
0.047146319612776016
0.03264648678966544
0.037305322047111324
0.05105701706964861
0.039294729199768466
0.03324973350390792
0.05810984347904609
0.0316474083123136
0.04052043490281159
0.050411788767881015
0.030937566101783887
0.04394312329928984
0.04654150966300883
0.026670096500311047
0.041825337187302386
0.04134379285081929
0.043313845454990355
0.03313567639402622
0.04663011467941529
0.025552381417417728
0.03027717132036659
0.05421548046764325
0.031211285238069566
0.038904256547208534
0.031016460958529602
0.049191804905686615
0.048125276606614614
0.042439524655823006
0.02797033760527318
0.03459743596613407
0.042466163698753175
0.04223022999411279
0.04384769534226507
0.019071917578747325
0.04236016475426203
0.050365226470272646
0.03082498515405777
0.04807862608735873
0.041702342283150014
0.05026009998718192
0.038151555260728026
0.0496481967327947
0.047384452730925244
0.04626455365426161
0.036263624407266354
0.05103373262417418
0.03691703772214665
0.039361699719765136
0.05735107244122033
0.03944411003877493
0.03730779985727912
0.026608815205029467
0.050939008991091134
0.061214814110743726
0.05477118354544721
0.01976977433712984
0.047372966623780405
0.03985233786410059
0.04283111315453425
0.05639833125116473
0.05704252456780523
0.035665449326519265
0.047949604097415104
0.0475183762953913
0.03885302734984593
0.02737642362163487
0.044221296260895375
0.04273471714942771
0.047256589073433795
0.034101057215593755
0.049786695279181004
0.03690250501544638
0.050591953564435244
0.047595401844856416
0.03361387423832308
0.03909509668169035
0.0449205967227251
0.04264697754776783
0.03597728254019537
0.046241848221556706
0.050453410907225174
0.04337104860777882
0.043100689368491825
0.04899814087812873
0.04120899055322463
0.04903556498571892
0.044010949109426954
0.029186767441305248
0.04152297501092438
0.04634422095577148
0.05360603503967551
0.04076358633623882
0.03121304071762345
0.051113896606363014
0.05080653153444556
0.05506734236736189
0.02774194920096885
0.05196655774489045
0.0608648942487145
0.03919211385602301
0.03812872851267457
0.04751171828882599
0.039350450822067534
0.04552609750747003
0.04871336947160836
0.02222788272510198
0.05108962542462078
0.03971788608892397
0.04141185343244367
0.03275369531051679
0.047141348022374914
0.03373622669923035
0.03790089348331094
0.029111721632943954
0.05047805536675944
0.04952208519997922
0.04248614973833107
0.04759550310501998
0.0559792087032375
0.027372936509147457
0.045291649431667545
0.03339277713199739
0.0443455392960459
0.05788601844952526
0.045229085779283196
0.03897268136709251
0.0391925261779265
0.04911102257160978
0.04739588389532979
0.03501407268711112
0.04021582013758069
0.040754637088287964
0.03989821403626014
0.0351330427960916
0.04055160703137517
0.03502923201515593
0.034006859006529506
0.05510910658631474
0.047914151906628503
0.050669189976443624
0.020529129669408907
0.04359457601623779
0.032295888660221615
0.05192243432710794
0.0638929704119536
0.019267969955266875
0.03450527373405004
0.06560484688221054
0.0445071776736189
0.03450995271453972
0.045965675433928314
0.057806696753356264
0.03976592218334025
0.04215449664149095
0.041898943462663076
0.05196612188592553
0.05056793537435376
0.023769003762440247
0.0681812153197825
0.04147471002811058
0.0438590937092985
0.05893310321367939
0.042175927008925515
0.040150585810558616
0.04260473596778783
0.028640208204954186
0.048406993240033364
0.030132033354179424
0.07190835335495649
0.0282184337742034
0.05109129215336659
0.02611975907083516
0.08004348920869896
0.021546639713712713
0.05425480722492053
0.04837023803371598
0.04833330669630827
0.05017998789183118
0.041062355228033004
0.04205643864009868
0.04382362496107817
0.039225171066143295
0.036216609539802776
0.039298820129426364
0.03402601125179155
0.04628717989279804
0.0505644096146253
0.030657280474604868
0.043833587667904794
0.04900002665288577
0.041877510703422806
0.058573905315080825
0.025135160127485342
0.05656984631522474
0.03255085057621314
0.05762911952016028
0.030862994338597426
0.04714664274995977
0.027194720470685173
0.04492384669587905
0.04124448852962814
0.029533124338327485
0.0570340916429731
0.04472465659703382
0.03051058939044279
0.052151461258869276
0.041538521962303836
0.022714051047594032
0.04445720513732257
0.018217712810093708
0.06439219607802277
0.009612388998820361
0.043396695855666294
0.01973919830793007
0.042308050532235277
0.04314010914161124
0.03003234848041426
0.0467607544481077
0.04719168466346508
0.033884003811346534
0.04056550541215322
0.03980583894868191
0.03258126641528427
0.03447363217128441
0.03172305234792558
0.04225654104216532
0.039936396293342113
0.043011086447884074
0.03793488679961725
0.0312699351078746
0.034156724916432395
0.04331063415685838
