2.353533090854233
-0.6668922623450105
-1.2004865558648652
-0.03379190543835813
-0.8860714496536688
-1.1953833248804917
-1.0041038756343452
-0.914691845124418
-0.7003554778850891
-0.6430492760105566
-0.5546401489462535
-0.5856864167885347
-0.284918140810491
-0.2680047003721649
-0.3635270209474997
-0.28704286502166226
-0.2539217560128732
-0.2033874968236143
-0.1685768077996644
-0.15505008899014106
-0.14950856151567263
-0.07374080473726446
-0.08550809857181528
-0.06263704966245727
-0.03572534464977004
0.00972011352793991
0.011443564536007629
0.015587001478045502
0.03686357446448793
0.037931180728430096
0.062432764695999635
0.03568852608705955
0.08375250597865405
0.03988081932237202
0.07556528678502548
0.05504556208721955
0.08794600839345632
0.06308923241026192
0.09247758428682573
0.09205094197849659
0.09479463840199803
0.07213258437431333
0.08505316472622905
0.09238459324379536
0.07562493291069669
0.0996365314137868
0.09903003101796705
0.09516269008798356
0.10596446252681992
0.11211103512058881
0.11535769572947174
0.09974471426738257
0.12350521562620997
0.1129362966907634
0.1329852668568492
0.10429477564651858
0.14330867783759127
0.109001284126531
0.1266123608643697
0.11357371407476338
0.11263003647962416
0.1314700495515188
0.09980224296768112
0.11976295887407931
0.1368121012452651
0.09873502104627815
0.11789824246344241
0.1214585831727494
0.11518792420710353
0.12457950685215606
0.1068439506502314
0.12882420264015143
0.1213823441754688
0.12719308877025137
0.12807160112027882
0.11409632141955874
0.1084989756557413
0.12689670374278317
0.14947998532178727
0.09779854571256279
0.1359350950330157
0.145302722950212
0.09749522170221264
0.09015239498959007
0.13934419473463838
0.12418211143945386
0.13735844008624554
0.09203909553418105
0.11119895666012201
0.1207642706788399
0.12572591623757035
0.12278755898164077
0.12458205272824588
0.11623432886236432
0.1209469666831534
0.12165281881408935
0.10986593475734646
0.12706813374692996
0.10555399689738723
0.1238363838585263
0.14469506917521358
0.11301874818111007
0.119292476328238
0.13494907578569837
0.09869139649460769
0.11963704317300157
0.09039553212509914
0.14024463151078884
0.11790490197017789
0.11169471608644183
0.12126455112328668
0.09077760509469292
0.1217540106101131
0.10016511488092047
0.1314461937131868
0.10409232967702503
0.11935047221116045
0.09863834442909468
0.1154392394898671
0.09555016889829528
0.1128270011395216
0.10892029940574006
0.14936126226728613
0.061700921098235995
0.13303175681820986
0.06573068300812421
0.11435869863172146
0.10498745318248191
0.11415155591781843
0.10948170852762731
0.08799192688258534
0.14556941161440176
0.10635082515760917
0.09794365621531721
0.11288894598626277
0.12281299695711244
0.13115863772955808
0.10508152870038016
0.11345969925274733
0.11014307231049646
0.13587608599713843
0.10597999751652507
0.09653939188733189
0.10892656931272623
0.09173027193173766
0.12376590047708967
0.11849745629693974
0.1182183467687785
0.09918324148285054
0.11109253687953408
0.1229859374950386
0.11332598931833425
0.11443457974713635
0.12382055391472849
0.12784853065386415
0.08479055309329521
0.13516911504451523
0.09073494163087824
0.11138119156980379
0.10926260393303396
0.12039284526624462
0.10870330506110225
0.12126054623248902
0.10228723291815682
0.11187245315787467
0.14149162849273786
0.07299254199791573
0.13827716910534285
0.12248656543141062
0.10089688511057333
0.10810349727134136
0.13064777961170132
0.11209215716966851
0.09939833167432384
0.13853360136801546
0.09960404942235486
0.11448467947246338
0.12882896079893477
0.09531544441018593
0.1203571668593213
0.12084178808568553
0.09192728339059447
0.11477445482953706
0.11336972073397854
0.11708344299007546
0.10265082984485409
0.12149891392751173
0.09121370675380934
0.09646282869983804
0.13788510092788123
0.10092260796492072
0.11177015715194019
0.09881876430749385
0.1265554013238712
0.12751190764406187
0.11562132835388184
0.0924175835045224
0.10629900525832041
0.11661562336270105
0.11545524600131268
0.12015842597677627
0.07705086044205184
0.11765705087666654
0.13061575015837495
0.09978225043001161
0.12470693809022619
0.11386966886369589
0.12666110647842288
0.10604487553196536
0.12513671447099609
0.12430646249347112
0.11936057422479446
0.1027819716625593
0.12895942707969385
0.10435345190026882
0.11175302912703376
0.1425137398764491
0.11148584271061489
0.10734874490563842
0.08891991623253985
0.12922010164369235
0.14238809815783912
0.13694578468460927
0.08038840171965686
0.12152901791374791
0.108906451088842
0.11623480107465928
0.13653182913549244
0.13925666836175052
0.10234891459218819
0.12212185000746766
0.12243764959699051
0.11147901867728004
0.09081366145983338
0.11690646755001084
0.11791854127394882
0.12535619974898343
0.10053697138474407
0.124756377867677
0.10767329559232829
0.12836429887366566
0.12563706113194878
0.10221070538020947
0.11036646874113516
0.11751203689279711
0.11883404529230161
0.10540068223649128
0.12210418542169711
0.12692535922608592
0.11661850689084861
0.11679049558006227
0.12466591881820932
0.11355457031855952
0.12429943308234215
0.11943886657668785
0.09523357534304853
0.11404526568102566
0.11944327774372968
0.13228641607036645
0.11133253142576326
0.09960638401521878
0.12808188764293763
0.1266078703020784
0.13566384058107028
0.09226404007693584
0.1286716955735094
0.14351630583405495
0.10739494937032842
0.10783389130268585
0.12156227580271661
0.10975474081086842
0.1227703548502177
0.12771741070107304
0.08409705956662285
0.1301119683987715
0.11298959458839487
0.1144523745064031
0.10188021214509552
0.12356720001182774
0.10326341493055224
0.10774030133192851
0.0967292865653607
0.12996529775079002
0.1229631305931517
0.11537075631151145
0.12358879670500755
0.13718232366425748
0.09416119481267576
0.1201909236366522
0.1254927561279725
0.1303465021985837
0.43226814634081995
0.11925151275301521
0.10876655811443925
0.1098522936120968
0.12373342902653596
0.12446303064511581
0.10295133500105956
0.11132041172293777
0.1126770401354985
0.11181860789656639
0.10431705055419695
0.11420322934282012
0.10166892777620391
0.10313968972133641
0.13622772206806325
0.12598868531428956
0.12720409192314203
0.08148151119133797
0.11538148078728806
0.09837645927274768
0.13020540205550127
0.1500873682935807
0.07536004679489204
0.09924385976046324
0.1534058642996983
0.11955486893632704
0.0973693075357005
0.12067218044434082
0.1384629384106533
0.10990058130383576
0.11457038175483997
0.11213420453185047
0.12968504130416972
0.12635299580341036
0.08419874048029835
0.15844200335612352
0.11201863856562837
0.1148348891557279
0.14300545072183013
0.11339800474657254
0.11239085373976691
0.11584761215437372
0.09422507903284648
0.12472659048878333
0.09627720398235727
0.16052666348828512
0.09191991058601574
0.12742438913449983
0.08919830967418173
0.17270210277373818
0.08077185841234909
0.13205939726057378
0.12273101415485144
0.12279696527614513
0.12551316678185354
0.11289926218292252
0.11476604356853799
0.11599016066809947
0.11221214413473551
0.10643443897027861
0.11001158206173303
0.1012321946697987
0.12254238039763136
0.13069122487848456
0.09476656314324249
0.11748973489739001
0.12456328514963388
0.11357317521998828
0.14144895471293817
0.08615121069702912
0.13899338283226825
0.09881945746019483
0.14159419341012836
0.0968816623261029
0.12019782102751461
0.09172046298838475
0.11875598464923148
0.11375151464546268
0.09419826326087456
0.1387004708257419
0.11900496245785193
0.09621880037858235
0.1322720220235748
0.11753046237440272
0.08615995621816679
0.12110130759802731
0.07653021592308175
0.1545263588513163
0.0663367561487989
0.1208905117078261
0.0797118990555067
0.117775659754195
0.11992458237165754
0.10076585132628679
0.1228449499679052
0.12313267034385883
0.10339814162051136
0.11412164365438829
0.1129395939219235
0.10330347016199747
0.10491579057733444
0.10028242660601708
0.11577404098484707
0.11194822542496365
0.11632020839236
0.11006878308994188
0.09787933196110482
0.10214013559743762
0.12062855093972757
