14.333687469940777
3.659978396670763
2.5437238119369328
2.5567145629446637
2.2549422003271045
3.3439510445031084
3.7919516583052717
2.6678214542741
1.9036267236914746
2.898634426757809
2.68655528584423
2.384341870225215
2.394686731517084
1.766792479642602
2.2824312897269117
1.152326360258252
2.1803568053499673
1.8630540124898733
1.640745150950528
1.972174570253191
1.462982797634232
2.080401857058669
1.8283379679155904
2.0528183627093948
2.0028516208940697
1.8323172378216603
1.3960426880638728
1.9993470132986242
2.1062252498412315
1.647762057364218
1.6532778090458045
1.542114886130358
2.006632041503755
1.962847650051117
2.079288417906609
3.0423920986264252
1.49237431727292
1.9304546923484913
1.7364565664685743
1.9885801762024793
1.371346347625981
1.738031528254812
1.3990293374400615
1.2707026431178168
1.5826041312931582
1.5317603696801865
1.7972013073460769
2.0353468889298365
1.1077641567807326
0.9268402485971072
1.2398532018383113
1.4054887256650037
1.4825840634402148
1.633631262480635
1.1484548064425242
1.3906510624341493
1.3509272687938498
1.2022467192204656
1.4864711442081504
1.9874857078963357
1.727091506152421
1.173366805054825
1.4664291062847126
1.1587434773398346
1.2934531444293815
1.794945651549817
1.6387248861336314
1.4594585718009476
1.7456831483372537
0.9144506476704002
1.3836614643909442
1.280013390737333
1.21287476334923
1.2892047808498375
1.6402311457407683
1.3225112715158467
1.2864576984673393
1.3556415106552515
1.799345218251611
1.61869538280853
1.3675208058525887
0.9072968982405556
1.1939596463890039
1.2218639600819858
1.0939035700533049
1.3460217686009037
1.1867923739026913
0.8782451373936478
1.7044778529251383
1.1158160150968
0.9476040725184735
1.383928484211192
1.2965127386066109
1.3801362909694281
1.2662896611547285
1.2356086423866046
1.1692993205199524
1.3717959993049618
0.9456243935698109
1.0365847888467616
1.2231424482279392
1.4023130110992017
0.9746392911603284
1.5220466142505868
1.4075895912670928
1.3777848196598563
1.0888783625767444
0.7821789668988466
1.550211877829229
1.5354496396774815
1.7182350766433532
1.2259795067961825
1.1012398982853737
1.706233076346937
0.8379183048165815
1.313794068974089
1.5453278808240858
1.1001634414040649
1.0284543222379545
1.273208031553573
0.26713159515399687
1.3075185093970956
0.9628650968851045
1.0923221084440864
1.394968466327865
1.3260966407698254
0.5219379369631525
1.2735431321441781
1.063236344381878
0.7361344849661917
1.2270079554643396
0.9774955033447391
1.6111513212568653
0.9224196087222459
1.1777263625575476
0.5594715204292028
1.4599432691772893
1.3728235231986803
1.377742004494161
1.0341272043035359
1.5048250739585407
1.737602202532192
1.2766585829487258
0.8492589027642511
0.4543489700096638
1.1073754089198602
0.9151425529885027
1.0708142248408277
0.7760278953224883
0.5279912233836371
0.5943715852764688
0.8833856868319386
1.23138241341352
0.9341728822725226
1.0361829942323326
1.2711517647370811
1.2750333247547463
1.7835729039353572
1.359059476950603
0.9815578045280173
1.5046564700197458
1.3488227832239381
0.9722084426573774
0.8816137964108078
0.9467164737194084
1.0776756378757053
1.2480481540235553
0.971846730264207
1.3875490418570333
0.9703880112271669
1.5728630240602317
1.2936296378399512
0.9125126150487236
0.5250699247211911
1.233273766104623
0.5305779790144789
0.9971130377244811
1.1479337803817304
0.8595331525448132
1.0252266792569655
1.0897927007731771
1.1880759351179293
1.5036610960527215
0.9260644456804838
1.3941186251653026
0.968178029179342
1.1574450593275676
1.0716015461095891
1.208207906216614
1.139632647662142
1.2235583309733937
0.9401095738172416
0.9493276223453672
1.0497383692576152
0.7415588096852681
0.9605243055352061
1.043193978246648
0.93937202595723
0.9887354167019443
1.1035150056777074
1.2035087759700394
1.189371554744105
0.9373509808977734
1.3731628028286058
1.252298041369564
0.8078017584661874
1.1309341112613793
1.3339244759850954
1.234657823736238
1.2156593446410442
0.7499713085071985
1.2515615541885008
0.6785276532895113
1.0455581293759015
0.9075900528854294
0.9783804938197136
0.5550959968520689
0.5539384492521369
0.6652981752399788
0.8150957959826833
0.7862647830205428
0.6279906954168696
1.0176225069968043
0.9970478577062835
1.025427074149944
1.1267799333878612
0.610737535929264
0.5705886378075725
0.9724454075213551
1.1093092750245344
1.2472460214806678
1.41494075409606
0.8169050520979041
0.7522475944557624
0.9078555535164106
0.9377966995798629
0.7766972895451757
1.1007663865407655
1.0230860587556
1.2175930809525615
0.77771794211928
0.745041157396929
0.778739727961347
0.9036327170735124
0.7066969465023961
0.7643888092765859
1.1149280397510228
1.4596101885098358
0.8191427986332497
0.7496171830756257
1.3713384853322204
1.0563336152388432
0.7417207746802605
1.1374689686841282
0.7335639786148487
1.080589137307202
1.2257699208052526
0.4285968434202752
1.0835186812860618
0.7496396591670291
0.8315723968900798
1.0242027163274527
0.7959320902781084
0.7616958754505355
1.180758099551782
0.6745596950397242
1.255950144098624
1.1842574940546768
0.969335316514322
1.1240214699799873
0.9732568102722713
0.7938507383458259
1.1886970397344856
1.0606077362371737
0.932802523959197
1.18857187415336
0.778991751181496
0.7119653104378503
1.0289732581798652
0.7717217848556794
0.6647002096612786
0.8316472452567067
1.1856873120332874
1.1806014977366657
0.7466895192385067
0.9619324026419962
0.9592715068467597
0.8935978724946116
1.0437260838586462
0.951693826665481
1.130335661676503
0.6862300479308118
0.6134635799838765
1.088554235449595
1.158110836035276
0.6860866322824659
1.0796436365123463
0.7352260923005871
0.9783405902643882
1.075410773659977
1.2292297883211931
0.4100943734299016
1.0292746032869746
0.8350252339457588
0.8139401813138767
0.7277830880452958
0.8819771448814476
0.7501940217027946
0.7975690573410585
0.9752626484909723
1.159606975286679
0.7683550860487329
1.065646690561963
0.964517100909075
1.054453064102766
0.9093705831427675
0.8834575424403992
0.8818880252814455
1.0909021227050197
1.04770039003198
0.7344675810913764
0.7299222802570047
0.6948283170205505
0.8062545485910058
0.9061439151391965
0.6705549833140978
0.8187047830537366
0.7776724220823872
1.1798480997338545
0.41427865576056777
0.6511592514083772
0.46802962019086575
0.9310692339023763
1.4054767038788676
0.7944553842435974
0.9108455756664738
0.7994891320745092
0.9547624882787119
0.6437393286619191
0.9203506540868056
0.9061092235501711
0.7585865800420559
0.795767624328245
1.022600078659291
1.0070314713674344
0.748880208394122
0.9776550049987413
0.8428858703421068
0.930247100456365
1.1000688168140806
0.643542925570911
1.060512206805942
0.8721508656722284
0.9323927073869421
0.8792579430480336
0.6903397187720551
1.0148832285126974
0.9862173645804065
0.9361267870710802
0.6635545793083287
0.7116221590472978
0.7123367080551594
0.9782978684042197
0.7632228204684491
0.8199308660430039
0.8701613479972521
0.7896648161979609
0.9242338408795439
0.6106924712585733
0.6153479689414534
0.9765926412082919
0.7074796490284593
0.9685797952259927
0.9027790852764607
1.0175964444471421
0.6390770990112724
0.9073491616665509
0.7448091911975034
0.7846308844958165
0.6186171742661517
0.9373191584392574
0.8734145870742699
0.7013010826799296
0.6239881496335011
0.6451497701278259
1.0256339696402004
0.7022982584673536
0.6698145504766541
0.8345582546276409
0.9619555781783118
0.9073956539392356
0.8051098144013983
0.8833698458507542
1.0770626634922484
0.3762468822054969
0.39012322810211386
0.8232033671919516
0.6540765927007147
1.0189905034074949
0.898181377902858
0.8707527696306623
0.6601289985484855
0.7860817418058309
0.7381006749852221
0.5243077680085922
0.9150401950135192
0.4627497629803974
0.6815944496368946
0.7310893860854959
0.833682953401707
0.5623088547411238
0.6932294022891122
0.7023709137678551
0.6518861007652887
0.8556990427643696
0.5973974701970123
0.6763608147130283
0.5253707514678727
0.4784810771649458
0.8069109706922846
0.6660578053935554
0.7575412809220684
0.9138229210037998
0.6188578618430468
0.7416969247869858
0.6461244505945622
1.0245727733600625
0.5335887120675671
0.7794127795978832
0.5222171822115201
0.744165810373749
0.693819777188144
0.7204346725601674
0.7084317617497385
0.6061701621939681
0.5793666837253254
0.7164081613688419
0.691740247088867
0.5264153451723761
0.5289946494537384
0.5758117288044228
0.6293832539245053
0.9852302736248966
0.9740474056452513
0.9070365776040757
0.4165630346676696
0.8409031979566397
0.8445235131337314
0.7681546605213784
0.8936103091957842
0.6887483343395383
0.6700502334473034
0.6900427784507214
0.6118249513873065
0.5230058560277834
0.6875059805420596
0.5258468883473051
0.6373222356647715
0.4967377564270598
0.6407088815891581
0.8524030335175321
0.7951285481748943
0.8107245636114836
0.4753551131706367
0.6523827827831571
0.829626151999502
0.6053921985295565
0.7260135219201388
0.6208775723605713
0.9228656254275593
0.9118281423778439
0.688595918703882
0.7175173803932907
0.7820744284522511
0.7480435254875311
0.7568743242485116
0.8107979419215243
0.8371857862717421
0.7528398698015326
0.8330312289817389
0.8933844572120859
0.7783134887861305
0.3228310515685368
0.7788260762919058
0.47187261489515964
0.7611862601380247
0.8867656014996848
0.3940444742257223
0.8233984655866674
0.5003681248559277
0.5128190116595852
0.38837012842066526
0.572412242798871
0.7039564348352972
0.6751989338099379
0.685009303365567
0.8910011352841244
0.5211382745223683
0.66348843454192
0.5462947201070397
0.7510796189380362
0.7397079831783393
0.8145848746202136
0.6572469447544494
0.5267243998399539
0.9135998673195582
0.5025966130774613
0.6869920050407681
0.6203519857791794
0.5502650618531503
0.6356123513253333
0.7794899630194255
0.6173850138953259
0.7320227782610197
0.5980579896555679
0.394841289985203
0.5212708754869279
0.6356470328286405
0.43283112710269617
0.5838520023827405
0.738342660876323
0.8249709279991166
0.7976162156357264
0.5960577914072561
0.8593589781112102
0.814566691442169
0.5215694730624904
0.8530994058882658
0.6805705965691528
0.36307782441550907
0.45767658306357933
0.8164741668648036
0.8890941286127466
0.9288550938963313
0.6083005760514806
0.7124649005230921
0.6612995006360634
0.5374034142100014
0.868910922932388
0.3831521596203652
0.6783964495326198
0.7291838945965319
0.7369095211552615
0.6436231827666593
0.450014425048157
0.6070818219427742
0.6259417531347667
0.6708673700517
0.4342293861708351
0.6747020493738006
0.8379165316650341
0.7325513540196789
0.7370922825436375
0.4299537938055691
0.5775757081041387
0.47547465360672897
0.7176093044293712
0.5445275906213495
0.5974858463055981
0.6390970286826582
0.7901590152556986
0.7886602563003815
0.4609769286349589
0.710369078626553
0.44025753785733335
0.6726221362879687
0.7401162709521
0.6060279276377211
0.5825182888747099
0.8569509438275136
0.7517376193098089
0.823408070857846
0.601155887529355
0.751029131638045
0.7503302854471371
0.6871236475588854
0.3620646577400639
0.6208327099745876
0.6268924687404273
0.6571337503539904
0.8128733585675268
0.6184914026431046
0.6675731634591208
0.5819524381663506
0.7080696576578153
0.5986223517115726
0.7205243732693584
0.6722567098020295
0.8172547371928082
0.5454097081611092
0.8180320116496363
0.6400928634828924
0.5749674013043328
0.9079925408045393
0.4510198696769139
0.7854975753774246
0.983994223776656
0.5878189034297947
0.7870802621631486
0.909245788466272
