24.111717040987983
4.929228955420895
4.596432570098103
3.455053879730943
4.545371999775154
5.667053964258968
3.8294846428477247
3.9631740368794706
4.262598620376725
3.9308461205682894
3.7263897350732833
4.300824609139691
3.505206691398137
3.4869308365859846
3.6905930091937384
3.661858761008235
3.96222572201404
3.3116124438634817
3.4094590374093126
3.2317346217839615
3.285355378752169
2.963923277630322
2.7962386987131573
3.382950381308362
2.937665354946385
3.1851012760746307
3.094108984198259
2.7825285511604254
3.196435568773228
2.8673719919246174
2.7922757271191347
2.5589383438877435
3.549838445648767
2.5973057368959207
3.051964566381513
2.738523294420346
2.6590458457020745
2.5088534341126247
2.4212911175968856
2.590498546975246
2.0168716050144555
2.327611289108577
2.852401469712672
2.6923435979887196
2.528830865802972
2.6799560435710177
2.594596515153197
3.0363791106619695
2.378782839446828
2.688696079711983
2.2059537996200547
2.706723361451557
2.3859302406941634
2.701681449685408
2.4176518112636995
2.4408146218545195
2.385017605525428
2.7447465641451054
2.5206974602263905
2.4391722818971546
2.5257269963082196
2.336863672333783
2.1729382119964864
2.3066937914253147
2.457437397453232
2.121960640331541
2.152236302909644
2.199430188515048
2.5901290300315707
2.571779222700043
2.209960327740165
2.238596775393555
2.3191265133951884
2.113860012261548
2.0418993836619714
2.0388872269271077
2.0021315026704385
2.0271287227346413
2.322383895246447
2.2291672195753325
2.689055579566005
2.3334837727572606
2.006090284932567
2.2128488281066865
2.1721517475510854
2.2189949281189754
1.6847315400136986
1.9662722285459007
1.9672228898043218
1.9364897105302932
2.237464697572632
2.1508043002931103
2.048387765452482
1.9432119141346302
2.14321684329838
1.9157963463415701
2.0646669552054093
2.6468692099594553
2.4870242881386178
2.133822861033073
2.052782618103252
1.9059080253692642
1.85363611360283
2.3518585563785788
1.864511106595181
2.008980851188518
2.183956233838546
1.8264076810168184
2.0946293495379495
1.973425290317855
2.1923819700444955
1.9477937953627629
2.2062391894667046
1.8754778642585312
1.9245380820517524
1.7218649836284095
1.7774389434227909
1.7471085310900125
1.9473548417074094
2.0459199623893136
1.700079580391015
2.509893771584915
1.6461750415248284
1.9630463479923597
2.2684107532427795
2.0809405443083118
1.8971488689868778
1.91956997409031
1.8252131511065839
1.936951111462237
1.6008281781189684
1.5938769231509904
1.7274569187421298
1.7268101492275794
2.184380968141815
1.83759013477011
1.8608834082395702
1.6933654801029225
1.8507887582848037
1.9947655331073464
1.8434171807965722
2.248830852787132
1.8460734494408404
1.86842357677718
1.748174025096755
1.9104798470448325
1.9414411349950924
1.7756806294015353
1.7557983682423397
1.780760602944571
1.4695758048606955
1.908601274875843
1.709100590667863
1.691876647103092
1.8945450578829732
1.5681869004569624
1.8845822872944933
1.4088433677519576
1.4381823313516984
2.027845774817726
1.9245450912934283
1.7208612708077915
1.5220895607996245
1.238152038090039
1.973104529298734
1.9364932235600292
1.7588359164209038
2.004043127504596
2.007834926409566
1.9094726332341847
1.5386577897259723
1.526625176432772
2.155357852065261
1.9266646254429782
1.6483840548527846
1.935681831672032
1.7778962373976475
1.4703331732231637
1.6359592270699963
1.9424413885327354
1.4161537266943767
1.6446978073648137
2.2129695755632026
1.4679055373062906
1.5705917508516838
1.6973289544221715
1.9304082884817668
1.5976813703343489
1.489255852403416
1.1104384828898786
1.5722003455503264
1.4136958584945272
1.6851443387567997
1.7300525012061647
1.8175705350341573
1.8307930660042642
1.4626453773968893
1.7356097394249577
1.462087627446306
1.5304647084946434
1.4883523550208495
1.7303810305083576
1.509182270778262
1.6595832937113617
1.7208475593639456
1.414194498859022
1.7627603018494404
1.7231574813713846
1.9524023498583962
1.723089461862717
1.4942364390615537
1.6325948397102563
1.3358445206211638
1.6718251493260048
1.8114860643349264
1.5345302395576583
1.5105331374494277
1.5488524730249806
1.504602437460984
1.7345765308355507
1.5102919661372467
1.6422626490070336
1.6585788524885108
1.5733747221259535
1.6055898307620182
1.4505884602018024
1.9360671114932368
1.6606273303969183
1.613078627600402
1.5120072830468416
1.7437848402457177
1.5301451692762582
1.9098040924502024
1.4540529900999821
1.7817207364959344
1.4720505376319415
1.5107089204281785
1.5111502745067296
1.2539605040346151
1.4088871570277042
1.650782123275533
1.4141161096268806
1.6997929743990519
1.5673278012056497
1.5252669456995267
1.8790431265192835
1.683398024421995
1.7253187053593928
1.6952538122085556
1.6498496662555397
1.6173011202743088
1.5505322555646948
1.263033566861481
1.6110326853459296
1.5687420506003327
1.5645734572756118
1.6387766381401732
1.6150278249836487
1.6158094246048427
1.6908420481975528
1.7421829275705891
1.4414284301354834
1.629030147202961
1.3553756237353967
1.2342181276611013
1.40941923474758
1.6288087526066364
1.5952969722017862
1.527051830664277
1.4740322644727817
1.5100673119254087
1.6554469071274651
1.495798870657935
1.8077537537943842
1.544729440594497
1.4294590613521312
1.5126831400667087
1.5033277072336362
1.6057356241280618
1.3019449861612225
1.4521475067983072
1.3179466273649123
1.2756448419413704
1.2901406389377688
1.3764460413325308
1.2409171412793407
1.428440793633353
1.521671723763364
1.6571151757396865
1.4202932809358058
1.3057874862941494
1.7918726738299364
1.3631332776495728
1.3929925554472466
1.267041018165216
1.4265913052376413
1.6169568760104585
1.3691446698824132
1.2890956672988292
1.2327498316872811
1.5025752554715113
1.5654171786230544
1.244553886205498
1.335640873004129
1.2486916788435285
1.1637354289195028
1.2467019031958089
1.2724287741399114
1.4870656570554643
1.3917039593249776
1.291857942601369
1.432658584073078
1.1888043498350442
1.367106096157669
1.3967362933832665
1.641390448787074
1.1128158445429543
1.3348221008571377
1.2741976623504383
1.2563943407140619
1.6457861456750096
1.415185680558932
1.2426169992600014
1.5124994044705038
1.4066048416889447
1.3504939839324874
1.2911807631709329
1.2741891341418892
1.2974754246626643
1.2401328640787497
1.3347278883329767
1.4318783981050702
1.3894661544160782
1.4416974513265102
1.3671093624949022
1.3574587830706784
1.6307786457591515
1.3060248931937353
1.2025632948304217
1.4260447594215688
1.8074598525772276
1.3661181162772835
1.287615910820339
1.2843166634278453
1.3122583161432133
1.400854105885694
1.2120670429768339
1.5828363108921095
1.1746431849896908
1.2399020145809196
1.2027580275375773
1.1533585233154937
1.2840794954664898
1.3197110372231058
1.163285082111648
1.3022774523259073
1.331494663214392
1.2047842130523876
1.2292436903774522
1.4813586810360784
1.584788859160482
1.0504994252899096
0.9998793659353817
1.1778543612150394
1.395701138181207
1.3239909990191243
1.2603487106229083
1.1513859329583205
1.5253302725436895
1.3521898953325076
1.1918548191560134
1.1819685747765976
0.9884096511464188
1.0217734065811164
1.2410473949208423
1.5582675822619079
1.160828520341412
1.121414225966926
1.2399510522238046
1.1855745524222003
1.1393989025871607
1.4801240984242463
1.3984316990481338
1.2828318591675032
1.1995114929893094
1.1319737694212708
1.5322383325007083
0.9830096615208448
1.1252059198484041
1.3553931307236569
1.3175652515602068
2.0280723626306956
1.160413053156673
1.16444194841914
1.155011776821229
1.148352419782052
1.3578569560001295
1.1685681942769366
1.2709309528581798
1.0925974011677655
1.4397027520327896
1.141845473088324
1.100629954929531
1.3158452698447998
1.279404014389476
1.3704626128563415
1.1459882412159788
1.2905061670943447
1.1220500200406474
1.3589512105032369
1.2569251087345723
1.2364450206953115
1.400821832359593
1.0585509727074616
1.1727294005264624
1.2633290355890126
1.1916891934917024
1.159012233393024
0.9924130946215566
1.1467712382259576
1.0732268777378984
1.213930919982385
1.2699984817806145
1.1211897235201753
0.9188870105595477
1.1445099566455768
1.3371145007524476
1.2694543311912296
1.2682103180205044
1.1487207144120897
1.2130821138566388
1.24007619674439
0.9020286960851239
1.066797273800425
1.08841840636687
1.1228636207625917
1.3639300668382666
1.1410644556247238
1.3679374348966107
1.196910389746283
1.1384824698898888
1.1657417118144424
1.2412702748349502
1.266575951979536
1.2824734944134843
1.203362651810428
0.9448873901341542
1.188953064510302
1.169870577192447
1.0881607152143682
1.1300955908372998
1.200837381777988
0.9483292342865489
1.142170355466289
1.0247737267999437
1.1024060964422382
0.9786067233299431
1.1736109955506264
1.2130787992930931
1.2114012018386004
1.0273162458442908
1.109471852445732
0.8751682387125017
0.903276918820389
1.1094924175328966
0.939732388296313
0.9766711457767456
1.093433181984701
1.1215446381492242
1.375589731324842
1.247363611947799
1.134656427833049
0.9967050020164554
1.4632169385238185
1.1465994056071276
1.0498258239873077
1.0542010572617468
1.4600171999924856
1.0766838164865107
1.186135272063531
1.1774013677099044
1.1141906950514817
1.019529513137388
1.3602390300239557
1.2056523180850174
1.2181208331299864
1.1782485857012048
0.9519514942582211
1.5554422391173632
1.1193327544243548
1.247404935715747
1.003546877156781
0.9992786582721316
0.9898893219162372
0.9409099799324421
0.9507672231698382
1.1323700415618394
1.1477400745008735
1.0889583199379453
1.0128907445629223
1.0070555868315632
1.068975415640929
1.1715845587811824
1.1701040592152572
1.2261706834618489
1.2532762237385833
0.9473436220103632
1.0615838529758048
1.1468447728581943
1.125458062093273
1.1049002850482212
1.1789746803730943
1.0035061916822325
1.0882793064026728
1.0523613103651914
0.9510489570759777
0.9911271699677235
0.9712951410750764
0.9329428507042103
1.1218959796444878
1.3275185950856279
1.0399934035739389
1.3534963045782153
1.3016226846535786
1.3567605556488254
1.2407189903888798
1.0717117999869303
1.2496468857794567
1.07710686168107
1.0562417296341795
1.0424308274211227
1.006125552734981
1.0602250021032018
0.7290255631036733
0.9952229672260042
0.9791534404351335
1.1379071116460946
1.2371260415749166
1.0624815886300327
1.0040709559630225
0.9863089270403852
0.7076232402747415
1.1435723365014554
1.0131110535745604
1.03653621620944
0.9978005467522619
1.0450181840190098
0.8334633996102797
0.9254786732566097
1.0442093377055572
1.0015231255927812
1.222479120126345
0.8675917489049227
0.8498655041423289
0.7887800934427567
1.0348092194349654
0.9389350447614772
0.9838302439294647
1.327432271282094
0.9706757270150642
1.0946203328507103
0.9956661418242299
1.0115335647124744
0.9069937690957517
1.1337379633476012
1.0469217933984338
1.092702676690575
1.1498200172032027
1.024584247879144
0.8658875476204507
0.8469157656519741
0.7684129774941645
1.146235575966969
0.9570237886079628
1.2080772843859766
1.1379653121871145
0.9177711263056034
0.8825391677572675
1.002840176332688
1.0189633429644331
0.9125784742915868
1.0188039028207245
1.100474596320503
1.1278732135500489
1.0067949833861296
1.0856341273672339
0.9598778453048157
0.8552777508098254
0.9305105295599155
0.9720572084188461
0.9706099475801423
0.8857784657131719
1.2124538489927847
0.9096731422199071
0.9668011891898578
0.9468070919881912
0.9011325050766269
0.865028173217307
0.911965187591757
0.9660358451765733
