22.473950499754686
4.565421529916617
3.646480275117434
3.7680050258453077
4.2184198952638186
3.1379635962156147
3.5159312037321238
3.328189042898325
3.667615392574897
3.0645169984835845
3.4823968534286207
3.211989037807171
2.999344210212047
2.607121219314062
2.2626347964772813
2.782676875132781
2.7603223835046475
3.136907033278392
2.1156014281969804
2.691689937733687
3.246343334592306
2.013654970205747
3.2775891480537562
2.5270088046789168
2.8251565338327334
2.663083325555691
2.5908165796444966
2.9029628382279324
2.8162704542279244
2.552810633755647
3.0384021979111893
2.2680415438917967
2.150903359227456
2.8010571061991727
2.097769655058017
2.259242131159856
2.388340149705227
1.810858379992155
2.303301089314314
2.2842911874445586
1.9481875370901365
2.0861511377760995
1.8932862823972336
2.3993722499563144
2.1599304841688047
2.355500408892448
2.0074914049643735
2.0002033933997154
2.4536185036771574
2.2036209895060614
1.9270574106046787
2.1569479072323214
1.9852233154269365
2.3305342506903868
2.092332747922494
1.9760600252793386
2.060011542846377
2.0725097476289824
2.401734826943049
2.508285042271018
1.895638006925583
1.9129811551708442
2.5492917687847063
1.861175814614846
1.950612984970212
1.8385738221498635
2.353505073229854
1.6607348319143056
2.199862558967792
1.8177450173176253
2.0312722652577437
1.2916855573367614
2.1922023869191225
1.8803916427951592
2.263761995331599
1.7604126698982256
2.164831901886142
1.6199862573725672
1.6699586005021747
1.9152964663047056
2.472547792901213
1.4612839713406105
1.954187389033345
1.6859901894170504
1.9612026784282464
1.9231847486100517
1.6590438986053833
1.5228248834609985
1.784877440505303
1.8804404128342866
1.590421068840302
1.7420610847811286
1.4878257852477523
1.6734768320448123
1.771242321569186
1.6857899209341178
2.1527646909539517
1.7466419231146575
1.6979020228036321
1.7218743458390235
1.6817945850296663
1.4962059309132971
2.1020335564246544
1.7793052757015595
1.6486249446009213
1.3612726319437989
1.3476335003685493
2.0342036918665354
1.9892599478650552
1.96044758443649
1.5294816072170552
2.077676652257259
1.8209627230006915
1.2164469865938792
1.5579793938363975
1.413806750654028
1.5938338032565438
1.6567498862026975
1.395847590525563
1.8281108489403357
1.7268078189056653
1.48956643268466
1.7237008901456228
1.7255988226630368
1.714969109514585
1.7362654615193605
1.7573869350724496
1.6236441078667456
1.8336985214505919
1.6411977424787787
1.856701982078644
1.7045989341747303
2.3209112795356375
1.7304618464926114
1.553477186852923
1.3265011849956443
1.7500149477201585
1.2582633997528598
1.5022443898022175
1.2312743817814267
1.6746031938550563
1.9477889545978262
1.8358452000870153
2.285941802710295
1.6620473804382176
1.8058637526172858
1.7854452614600842
1.536867752413337
1.5249025414482906
1.3718736688678081
1.496100266234806
1.4189648803395147
1.7193977632488195
1.779147408530116
1.4433982219547032
2.0349775899774754
1.8406791976008279
1.480675587616861
1.4938371337806948
1.4957085605710745
1.4950289099978713
1.524818090077203
1.761485299296104
1.5040292733850387
1.8669079267204953
1.478239108937291
1.5457105251602254
1.8894812521596367
1.6152763273853523
1.4516955238122207
1.2659047918250927
1.551704915605772
1.43421423655863
1.8482641591762121
2.1014672266176113
1.4935499955255251
1.2921801967546345
1.5237389322907593
1.416938822874083
1.8181509647804956
1.2124296507583214
1.393266361607955
1.4583494893346842
1.7098471603213021
1.3953540918059073
1.4535443908320023
2.1100060895658457
1.6955713806817165
1.3153729791538074
1.6026991507181754
1.45442496956541
1.4022388747893273
1.4562903582476652
1.6627566542189856
1.2254896245896816
1.3935618455593402
1.504616781295492
1.250661132327066
1.1616345592846091
1.505794837583716
1.6518515818680708
1.4825451015064923
1.4308910648983257
1.4189999716069837
1.2187262162422905
1.2050362720369145
1.4577206990753229
1.740657044803867
1.3843852263517105
1.6788779594290715
1.7954260637267279
1.638148826589951
1.5620751646132423
1.4870314164803577
1.326467136752147
1.0814279577909753
1.2826060686547023
1.2107790660399658
1.36157124919387
1.2983514916151762
1.4698972632965217
1.1616330311275445
1.384154557913112
1.3301833033633346
1.297943072214436
1.2874682214899131
1.3522085702619873
1.3669191727558008
1.694153158309368
1.0453645103467772
1.677426983989202
1.112196225558336
1.4559199028720076
1.6094517964296615
1.6682559937525254
1.6655985104206663
1.7558738178788469
1.0049139520081762
1.3019503191686594
1.0671768286910195
1.6132317882890885
1.7053113295195195
1.0828166210737367
1.622142435552982
1.3546363210592132
1.3389289651639187
1.3662799118803097
1.2955671056245381
1.1626828832408556
0.8882908258873683
1.4080901944723268
1.8278230590674167
1.2444461282521773
1.233533106930554
1.3049544559146922
1.2647174856410577
1.3838003367472154
1.4791448809349765
1.3595353317518646
1.2217819973539847
1.365306127916735
1.2340619373851671
1.2650573541553547
1.2569274398713157
1.4496920917971203
1.2301098846902068
1.36594161232217
1.1264203578377
1.410741877842408
1.2092095878118505
1.5381099404623875
1.3589727907656477
1.4716545643428198
1.6529975916617192
1.400558576360345
1.4295195725388252
1.00716780775155
1.3077158105774567
1.2968514235546955
1.550060077240834
1.1462682503060653
1.3197570030935681
1.4563499456128248
1.0780989410355688
1.4280047852689257
1.2209698415862826
1.1856491253782924
1.1919261027127503
1.383405498888057
1.1677978992892
1.2300298023968934
1.05608842345671
1.1903289016192922
1.1740665992578634
1.064843910946869
1.355609898405293
1.761774709319266
1.3088410559755106
0.9664981520663087
1.5571192870059838
1.0451128087794552
1.0496181909353115
1.1130163126266919
1.2729632474195498
1.170069188825213
1.4444423883436963
1.4905978143501741
1.262769163844104
1.1463179523626772
0.9319416587384275
1.4574184088036417
1.2670272228952784
0.9088892785760646
1.3067879688281279
1.5836786796553777
1.3302102694144615
1.1703848850555145
1.0837139191894003
1.1255499408222163
1.1196537931807913
1.2702317371248053
1.1640748351382522
1.3657141698237796
1.1085732943163469
1.136415747825343
1.031326175839282
0.9951881939187073
1.198638890740963
1.526528406673326
1.1086407453753053
1.2458281071713337
1.0777195375699264
1.0332698309758248
1.0371490088936228
1.206409795768559
1.1273901880217285
1.202032723535712
1.2168484987547765
1.2435031862929464
1.5173414648868717
1.0131115513423887
1.416483942978084
1.1715839780007418
1.1957866860267061
1.1398720333352685
1.0716472278134181
1.1576550075855965
1.2600893604210937
1.1128516014665366
1.1086297659919813
1.0625107328765668
1.0796084050662242
1.0934583727055445
1.225711949262768
1.220447245841989
1.3694731422914908
1.0507057338738097
1.1656815292743536
1.2756447428694138
1.1407831701951532
1.4709529555760896
1.245779709639744
0.8505941603619319
1.047730002172578
1.0578291837126017
1.1540278631907244
0.9531744481709141
1.3393698458989651
1.0280972672626376
1.0314629003907052
1.1271430941441885
0.9502078931348829
1.066164263509787
1.3196148318023635
1.0631125684111165
1.260396941507665
0.9617262598700248
1.3151307908388286
1.1191101951811175
0.9565146698114964
1.4098713468903532
1.3320076922456232
1.145754409696047
1.0372725223692565
1.051524196837384
0.9079472390934825
1.2121891443832562
1.0118110156546418
1.3511979232613858
1.2110016055261859
1.1481061410445434
1.3141751835839106
0.9788780997149074
1.0176725335275898
0.8316645722836256
0.8173984959005163
0.9257091557356314
0.9235895238601818
1.0188328238490683
0.9941676613373253
1.3875431370849793
1.362491669656279
0.7921584367214773
0.8072900416830985
1.0622466992801771
0.8726353446558978
0.9734756536925069
0.9976909832957273
0.972810208152693
1.0174420401740534
0.9815053777052806
1.0845425725198137
0.9669707308451717
1.008995525066096
0.9824497431516648
0.9734824339286066
0.9865726924143159
0.9985316379855459
1.1261613274709537
1.0200544486610361
1.1383125157023852
1.1743680604948448
1.1518515154432791
0.9680621412797616
0.7806481540095634
1.0550678685594064
1.0485073891826546
0.9089673447709244
1.062736338018798
0.9305042123851868
0.9341879165803011
0.9660579359875275
0.8813779052920067
0.8913789783389523
0.9808386641626174
0.927216315556031
1.2119324437270944
1.1301050718587178
0.8445158881206926
0.9664948236483794
0.9339412877551065
0.9543121208221866
0.9277551837337131
1.2349366747989103
1.739821380061599
0.9273311187943014
0.9357435490147998
0.9322455448313401
0.9713442794512958
0.8623759360948148
1.0055977050501568
0.8603247579903557
0.9375601877530034
0.9131327978192041
0.8682280119365224
1.1756104661653248
0.982804345482817
0.9027428828538038
0.9440752471797168
0.7992407141396632
0.9167322141189987
0.8956192972281805
1.001934645837173
1.147645094460593
1.0165680381254507
0.9170335697798202
1.0522436150134755
0.7456270862943851
0.7469012379897042
1.0422051041458662
1.2449045591342909
1.0164458093878168
1.1059779039082618
0.9364589687293539
0.9162295415496023
0.8342428675136314
0.8976771706357025
0.9120949984313204
1.1470310448024135
0.9130752480803774
1.1435842328489974
0.9311758071327438
0.8261663839865763
0.8097420067311479
1.103943446593789
0.9698075134808627
0.9033342127473308
1.0178785033524036
1.0085573080354011
0.8058963751420378
0.7703458261317931
0.8857814808232853
0.90140136329887
0.7679725006580926
0.966054373076902
0.9586723400709721
1.094197477493435
1.0490626903823934
0.8688310670164915
0.928904395779738
0.8747854307150611
1.0004696991867743
0.9209362234418782
1.0214683190561258
1.038732152353399
0.878594512735995
0.7570993051792566
0.7892480000280417
0.7711216138245968
0.9313359187199519
0.8679464339135358
0.8466887041854744
0.8734803715505852
0.920636616453815
0.9163758885115385
0.7657846124269642
0.8406121746995128
0.8579492640323364
0.7544865633755062
0.9410328931175173
0.6729267331771552
0.8590797880736109
0.6883526679486609
0.689879442901852
0.9269451374617906
0.7165357560349198
0.7738120649726346
0.9904086222442297
0.9027766709717421
0.8525008912771367
0.6999901247282441
0.8620972786313639
0.6772248417998735
0.7379517346907121
0.7883882717121966
0.9012984453772123
0.8981483832861369
0.8918243379332125
0.8251088190680513
0.9203108503411596
0.9112076792722711
0.8064204497871778
0.8722749086670004
1.0671331817140945
0.8526360262758457
0.8401239616151612
0.8985550994984806
0.8413855759641872
0.805479730744488
0.6884390411110451
0.6375126775067587
0.8927456330651274
0.846111475618986
0.8107174598396971
0.8824631296313152
0.7427865854965953
0.8916614503957905
0.9151141707570507
0.6608495428155248
0.8475346545939548
0.663676434989947
0.8045484717218921
0.9805173485038372
0.91985380990574
1.1387198619257946
0.8771196080658298
0.6650206988963944
0.7160637541423337
0.8052859751507639
0.8808391949090247
0.7293475634131867
0.9028937763462846
0.8033208253936699
0.8136525473342492
1.0700460387465471
0.7860909056419937
0.7790719111808218
0.7748206516297964
0.8177689829339775
0.7887177118601707
0.9960448533869707
0.8999138752714946
1.0401758153636296
0.7801733748987317
0.8540136932252118
0.6401935962601923
0.9553314845722455
0.7250821039653741
1.0925089515029238
0.9992583092176713
0.6955640125016753
0.8422760819371503
0.6944094910787848
0.7028128883729761
0.8494069174361917
0.7520709054544568
0.7430616449887076
0.7601786852885898
0.7560228110577625
0.7747272989067894
