3.0853334317469727
0.6252818422904913
0.6394327155489853
0.4604042727176262
0.39668001693443977
0.31338176048914157
0.29520703630818834
0.16859291744944843
0.1628037859091832
0.11586879759999937
0.09766875121378056
0.08814344714915352
0.06749553361610658
0.06261987454406377
0.053059101074367114
0.044855588719761676
0.044392480130266886
0.039757155082728445
0.04012873812504383
0.03852988295408938
0.04519754203299627
0.04159251455406564
0.052059444281664015
0.04677243940565951
0.04800437529406011
0.05417192121967673
0.05503297105947833
0.054641972032740065
0.0523319812660254
0.06285961335727377
0.06042621012581377
0.05971917648043861
0.05990260828664337
0.055030828689400485
0.06009587086905874
0.06626378349534681
0.07091685403408347
0.07010072682295805
0.06161950867238414
0.06614889956646315
0.06386109738799649
0.06974058124182773
0.0645544534360153
0.07444162372553693
0.06395683876589696
0.07139406143012794
0.0726924752884045
0.06076080819753849
0.07178441957449136
0.07105440299526072
0.06707421316684264
0.06814846783316275
0.0661230689400564
0.07385124253662492
0.0627184789357842
0.06869509657237517
0.07247510969476856
0.06866608686286255
0.06739995440981095
0.06660837856580273
0.06989234327709815
0.07326650513889457
0.07026958980503073
0.06999800906287156
0.07209058854040569
0.06661312402887405
0.07244083368003476
0.07190134929007162
0.07053273794092778
0.07264188598450003
0.07115300438717763
0.0678338733015825
0.07181705188923988
0.07417078751503774
0.06998361878272524
0.07073366632212655
0.07581894005905243
0.06921681712476024
0.0689745015680682
0.07364046569252251
0.07033727034939911
0.0689872345731904
0.07477726763370784
0.06626253879284891
0.07085554379686389
0.07394960466974779
0.06585011919757919
0.07098758577342158
0.07188820169455763
0.07042746113586253
0.06940873572265432
0.07337576227154637
0.06611636818886019
0.07373371052191309
0.07381749478425237
0.06535142505257997
0.08243459405418
0.06263355349959887
0.06976720065121418
0.07481068896764106
0.06980587676356452
0.07747432255132151
0.06846455923632543
0.07006015456484063
0.07466639914090975
0.05625757175511208
0.07681718116383189
0.06900518581919048
0.07135472834393707
0.06344293796902765
0.07412500285368034
0.07091661955675353
0.06814886272574465
0.07729481479180032
0.07192357122034267
0.07097300363070183
0.06397413637867008
0.07093649778677069
0.07670838613589497
0.07057915565868218
0.07369805829248567
0.06760968746064042
0.06850698873387191
0.07062621662339223
0.06958690324487786
0.07412647384056903
0.06950879258279136
0.07824953733875915
0.060727067052157246
0.07706160450259736
0.07062155684874649
0.06982592230095812
0.07569820347471513
0.0701680652210084
0.06361219562603619
0.07401400462022402
0.06865164206660204
0.06840735623626497
0.07294479504808028
0.06933839153835847
0.07143313338831607
0.07107958261031604
0.07027191665374498
0.07045440011711764
0.0707040800328326
0.06587124325038082
0.0733735405003139
0.06922935048604141
0.07584551448488365
0.06477187093063864
0.06943125723847661
0.07288932151066652
0.06961163507599005
0.0687114517238207
0.07141773428673437
0.06662414595822169
0.0651916968771189
0.06611798524492137
0.07934863346399389
0.06723769801749807
0.06894924304029648
0.07106108381750359
0.07116933903940346
0.0646510672269632
0.07198922940786334
0.06833069522500686
0.06744597865390065
0.06878445559329745
0.06832486622548406
0.07167364658274944
0.07749532681781852
0.05969711393792776
0.06833619327432867
0.0717318865969993
0.07152646005599071
0.07309283080942713
0.06975255115632562
0.07330772956914228
0.0650250959324826
0.07092323470388309
0.06509271489145856
0.07254410634303222
0.06821716178640508
0.07186904247593728
0.06711072959275781
0.0697506185202603
0.07575513274354888
0.0637636393700065
0.0725030281405518
0.06936348780004335
0.07340368605556263
0.06479357654039843
0.07360980565241282
0.0708761208427503
0.07133376059473316
0.06999843297661215
0.06932409765347299
0.06972548415533443
0.0701165438083041
0.06902714249461997
0.06710210377755373
0.0715719100587286
0.06719181745016164
0.07187930151037332
0.06545421797309772
0.06654634789320761
0.06820821777607004
0.07024032852369481
0.07029720745049417
0.0699757347524544
0.06991892120719928
0.06777670354568872
0.06967628536327486
0.06968654095249223
0.0727706250289212
0.07133031709362632
0.06553422146058385
0.07958535916860336
0.06610212687308481
0.06897328167721845
0.07174033501887343
0.06929444471050215
0.0697447402348769
0.0658300974359061
0.0700620098673887
0.07377490019965646
0.06995867651320346
0.06269916592746218
0.07012603137021263
0.06437059763508539
0.07195713081181157
0.0671047865703324
0.0666176386622955
0.0725896569960953
0.06746763382376968
0.06543305415349703
0.07113629645344031
0.07150069782442912
0.07002259427141669
0.06694331892725566
0.06616210657428356
0.06862988641175131
0.06396183388078235
0.07118546327346585
0.07099562927581154
0.07458815902835973
0.06568343485233144
0.06728604144713693
0.07320600678550376
0.06650068819104438
0.06869506838636985
0.06527218734170648
0.06682871577356929
0.0682426859975617
0.06973707710352281
0.07009204831041828
0.06570022278870254
0.06595581444317772
0.07492297307750129
0.07128558993892933
0.06134675168162347
0.06887321139388866
0.06582296425071747
0.07281193734430101
0.07144440156475142
0.06389653124252631
0.06268267970923605
0.07129990918548319
0.0686856867927734
0.07198092611709042
0.06689428888679738
0.06902297371593506
0.0648918627133674
0.07480722063126555
0.06514750032658702
0.07073072213477091
0.06856213606543084
0.07132577015073512
0.06601241386859961
0.06888986958285281
0.06926259779087875
0.068687907308745
0.06682130864456944
0.07287929808734443
0.06729814059951383
0.066219616866927
0.07059432321187595
0.0681764878993989
0.06613057854490867
0.06772279676279404
0.0702805113101351
0.07160159670477868
0.0671361522425128
0.06616305132005093
0.06681192832310563
0.07456751782582074
0.06354056432694737
0.07469167942316204
0.06446608571686606
0.06671287043465544
0.07201456707780776
0.07019145568778766
0.0716000357305334
0.06371276657960877
0.07045817705870107
0.06481615883514177
0.06826301020624088
0.06977085537358146
0.07007174718571638
0.06842481696546293
0.06448427812817197
0.06605073699282239
0.07215490574152142
0.06909424140442001
0.06650095319955786
0.07381487194367725
0.07347824314163755
0.06595165161348447
0.06153718002504953
0.0711363321946313
0.07460444648345203
0.06256015960842479
0.06322407121837571
0.07269857500922745
0.07285096317840119
0.06519863513581779
0.07498312852534371
0.06500444150246355
0.06803776277566626
0.06563438580749367
0.07370812068625852
0.06102930619786291
0.06733170960206485
0.07271481529418108
0.064998577925903
0.07415738826671588
0.06954033850975659
0.07186878175623175
0.0630248384853906
0.07045833282915039
0.07096166843278469
0.06349391738236275
0.07307090907884033
0.06610168633388652
0.0690718747648424
0.06620533114123711
0.0691917477870711
0.0674777276598025
0.06880987962316451
0.06924984546418747
0.06729590959941456
0.07030309131368995
0.06599539303072337
0.06673674286761577
0.0709670055522651
0.06456278025618066
0.07127325383244433
0.06829522542007592
0.06828114979535989
0.07278811565829792
0.06488665488238136
0.0652649862340827
0.0679537260203042
0.06532620182395846
0.0680847254521011
0.07124423627417696
0.06267976176425599
0.0697881893787965
0.06741369166074024
0.06695789351478974
0.07582872031607489
0.05790227485071544
0.07552474775972466
0.06402878273291972
0.05961355949967992
0.07396502932196186
0.07042522737891346
0.07014283751461493
0.068240203594357
0.06474297059416446
0.06624394918090083
0.06942549152164787
0.06878245509890975
0.0615824981747816
0.07278783165215366
0.06208643497075832
0.07397397077790853
0.06597658744473281
0.06760676310775612
0.062425007922169956
0.07480334213165485
0.06955961527748276
0.059845931490586285
0.067005014381088
0.0694575782365881
0.06945748943700522
0.06601178608294847
0.061617246565773436
0.06604596081635226
0.06512119823499866
0.0701773526430454
0.07432111502841007
0.06550318452502614
0.06701625679768082
0.06707698446900948
0.06900827107829569
0.07227592562338796
0.06498840176230432
0.07071937335844057
0.06641305367583814
0.06746156392214091
0.07022672550806748
0.06698655349242946
0.06829988309249714
0.06870604236272798
0.06558450546277605
0.06559790874345471
0.06757858976303344
0.06688568402297687
0.06646824075057563
0.06764831093639351
0.06775826899388777
0.06351415380376621
0.0708469603838318
0.06470847524621565
0.06664022691615358
0.06728048451865713
0.07063924879901975
0.06850431659056441
0.05989202374484444
0.0758487856440732
0.0604278902621076
0.07319645183093414
0.06274528404616792
0.06620707202945715
0.07004877253422055
0.06258819692606188
0.07036298030204531
0.07042896275853981
0.06308236387490794
0.06342303598691049
0.06880016978560151
0.06674718596311151
0.06876700763941566
0.06705226972226755
0.06191778256544384
0.06928215608122232
0.06707680813860202
0.0681729632348794
0.05727787812550863
0.07434158516453876
0.061585760007247976
0.06853601044597293
0.06336481927597112
0.06968011487396839
0.06465311259017799
0.0631098341655688
0.07315454402587553
0.07155054523542091
0.06301652397488014
0.06395871286024002
0.06944681253567662
0.06776566912447089
0.06745362370882345
0.06165742326487342
0.06728113557050086
0.07527075547967917
0.0665198948463776
0.06205904382901887
0.06994907738492433
0.06786783056779076
0.06873060454465989
0.071195548798457
0.06286519705790325
0.06883036486966454
0.06877865704734797
0.06429447093978524
0.06560063223772938
0.07052895017103225
0.06750995005089519
0.07150751380654781
0.0679473404340662
0.06822368332886718
0.06735406867633371
0.06841879904580613
0.06762649488729844
0.06841380721417026
0.06744544147480064
0.06876434030794147
0.0680278724639852
0.06897977937984726
0.06837980759640534
0.06637154014079251
0.06775787533800778
0.07011105675601224
0.06711870782495732
0.06841465622942516
0.06865575117652939
0.06696056521268211
0.06575591276413288
0.06852164537902328
0.07135252868149268
0.06543865725330576
0.06809123512020038
0.06883850674131427
0.06495613202223204
0.07002160385372522
0.06500389342925147
0.06527956259652865
0.07616466856426626
0.06061346745928344
0.06670026954911325
0.07071809832047185
0.061488669466875166
0.0710343116239739
0.07009174679473475
0.07099304085705375
0.06912314069146912
0.07137041337504658
0.06849700834710097
0.06535771909588273
0.05944295959425685
0.06974346132652051
0.06955409016581657
0.06775434550397313
0.06348743031233334
0.06984819353058719
0.07264281605181379
0.07118973508814647
0.06417500065383164
0.06746919386331802
0.06504477992775323
0.06843079041109244
0.06600575301242803
0.07414788021233634
0.062317082270359
0.07177692236027856
0.06554078548282817
0.06721515068784356
0.06269636873047853
0.07401505342104296
0.06729693362907763
0.06684170144380651
0.06748376942604133
0.07012895669153743
0.0648639620774412
0.06364956818709987
0.06974543112100683
0.06787265824369978
0.06601615217379361
0.07117848720846941
0.06907956425667457
0.06497285705721141
0.06662506872005221
0.06551523069662137
0.06818811963919712
0.06654990079772213
0.06723682314791865
0.06626245274842865
0.06661164816941365
0.06672622023514756
0.06808838985549907
0.07058039955808308
0.06576251908394413
0.06968062061924434
0.06713208688112597
0.06995153756798718
0.06492271606364976
0.06672302662205977
0.06642303875296553
0.07008224588049494
0.06979965401030537
0.07120353277381239
0.06422468283267664
0.07235893673951858
0.06638305094363033
0.06475105183199048
0.06936667610864168
0.06272256093612616
0.07582732481018141
0.07540224318433067
0.06348862315096176
0.06617838166910561
0.05991035841904797
0.0783521616662704
0.06292867444901039
0.06377991806864199
0.0726396849318205
0.07143692548076312
0.07034102761173162
0.0651706551451344
0.07604782545831108
0.06544207146499252
0.06788596776449055
0.0673572780476694
0.06956211406656582
0.0598015034760254
0.07210081456688003
0.0688862814500496
0.07124752832401166
