1.2149020741167276
-1.0815151427211105
-0.9372637986704924
-0.9753077362758525
-0.775190854418105
-0.7410853738370149
-0.6379973378734313
-0.6787718119828597
-0.6001277656658836
-0.5708566558533821
-0.5038097414417543
-0.4416452572829481
-0.38629806819169415
-0.33621596836525464
-0.29560050389904907
-0.26116801517597144
-0.2215721909550653
-0.19127959731048433
-0.15699636104746142
-0.13351660605816953
-0.09682298344357507
-0.08458598629247559
-0.041797926143297685
-0.041615169306380165
-0.03025797149841336
-0.0061571775206729126
0.004783137083522624
0.012601321515989106
0.011817070135030139
0.04298405491177961
0.044588134651058826
0.04801229622208284
0.04943343585667511
0.04257169269629336
0.05992954767113416
0.07909258941282937
0.09793082336503742
0.10313504595862891
0.07976414062136757
0.09572231137882108
0.08827166298600049
0.10564660495552032
0.09381533011353736
0.11851845138395826
0.09368894237053135
0.11298330861778147
0.11623711368419985
0.08415056090376785
0.11380854077583206
0.1124307687961213
0.10358126822309029
0.1037763387126767
0.0991203073763113
0.11719726717801414
0.09335664267975675
0.10667044768595825
0.11711974703180401
0.10106009719522158
0.10397995789737804
0.10010425076968428
0.10852285403677303
0.11876426820737729
0.114614862687987
0.11402537162918462
0.11970052047652881
0.10809652741148096
0.12078498825186229
0.11800903344756343
0.11610659073019211
0.12092474028063209
0.11719775636025799
0.1086850130080205
0.12026887324780387
0.1260842833409855
0.11548839782641364
0.11662100080528931
0.12860097063948278
0.11259861114650857
0.11106249884418819
0.12386700855163128
0.11412099018470263
0.11108371594615375
0.12581820810589925
0.10408559248721956
0.11429306525278135
0.12300903157439029
0.10225920542312003
0.11490849073490371
0.11719119401000765
0.11243488012637565
0.11366041430923413
0.11839260787878564
0.10492278876430962
0.12078301538375841
0.12297142375019325
0.1044865196749595
0.14289877471932466
0.0948139911490506
0.11493946497068754
0.126227467307362
0.11648066037509969
0.13014778209364283
0.10980885188378718
0.11390556313563138
0.12029621595908227
0.07576879651110241
0.12838548452228957
0.10974691550675915
0.114887550126498
0.09501314630893909
0.12195809563432915
0.11394816279357327
0.10969502892028
0.12915124348702206
0.11860323213445752
0.11546688780620479
0.09705305966359658
0.11540696504390865
0.12949775294333266
0.11407001240286922
0.1219795281033747
0.10753385813069949
0.1088306559384733
0.11408253220092181
0.11191345489098002
0.1216411599788167
0.11161050232096939
0.13062843608170532
0.0896816691974232
0.1302842777289882
0.11202974290843459
0.11235720403509322
0.12688917560043975
0.1133984542094117
0.09537084448822787
0.12254756423847182
0.10861065889290278
0.10951620125063304
0.12097422193092179
0.1113546951817335
0.11707056414308971
0.1156188092292354
0.11227526748046765
0.11338003475785903
0.11250930336182532
0.10186978387713864
0.1188100106454036
0.10963251692094449
0.12471460557434762
0.09970501572082656
0.11103463413019199
0.1184801065693677
0.1120609763800504
0.10720843699612263
0.12015749657513115
0.10275693268150739
0.0977450367291053
0.10403230886710672
0.13318177809655343
0.10713582363256348
0.108752874131112
0.1162623469224301
0.11305480976791485
0.09757987300838357
0.11844987498488331
0.10674354657058374
0.10577595319119755
0.10952331575200609
0.10969944271272507
0.11583782745309282
0.1292760846841122
0.08789223722060738
0.10712777863364613
0.11772338949937704
0.1155700492056802
0.11775956369524794
0.11135634116531498
0.11818967931701438
0.09931810229233858
0.11281322666943289
0.10027013343347209
0.11656287724516638
0.10840759005488666
0.11755588064577592
0.10602432307517291
0.10910968190949896
0.12680523529854618
0.10011027442153031
0.1182434287097683
0.11372264748796874
0.11870764422169684
0.10105271594585392
0.12044228903908769
0.1163765894876712
0.11591750374603746
0.11081848213570597
0.10922270964837863
0.11034208132574956
0.11073875739711567
0.10653275712325737
0.10232851868815909
0.11102732113204843
0.10353491710586663
0.11366641497242845
0.09807592757599617
0.1012245252310042
0.10514802346343471
0.11117857638421719
0.11187459014531603
0.11110410330866875
0.11155461727521733
0.10653667265833591
0.11038231579046967
0.11034061603477575
0.11924149685174874
0.1153112448822788
0.10291650269747428
0.12444973821360347
0.10369263716004924
0.1076395978195343
0.11483204793994842
0.11003484640715887
0.10967928773733666
0.10156811872139519
0.1117615579303516
0.11932446769155237
0.10951334705569551
0.09401483750822819
0.11136122495762707
0.09445782061126354
0.11588205260973748
0.10178766651939519
0.10147114921626095
0.11728713028402864
0.10428845792657872
0.09948254214596354
0.1107438328385731
0.11330960716789021
0.10929992795665411
0.10377529428502463
0.09964806458573668
0.1068408551669774
0.09508328669387307
0.11358554104842461
0.11122321343102975
0.1200209225838383
0.10112377700220415
0.10494593428650303
0.11878758526501665
0.10309996344554036
0.10747571170171452
0.0998808160741422
0.10182162905192049
0.10686097715380669
0.11006976036857678
0.10830403536227465
0.10091737029311396
0.10368795857926749
0.12309663936806221
0.1151590845669937
0.09246228818876157
0.10806619471944598
0.10133546841182355
0.11913145368284397
0.11284573740820211
0.0964162477504705
0.09375183001005401
0.11376262469001222
0.1089702537941301
0.11510492444664334
0.102543341451446
0.10962667111543588
0.10069484961475583
0.12443505157716572
0.10293514477561458
0.11378679847173086
0.10874862490437817
0.11549826400300515
0.10170407784576325
0.10995761728659947
0.11122312463956642
0.10889268402124931
0.10535568528491464
0.1207889686292206
0.10448762690783411
0.1028791975526922
0.11423658856685928
0.10722276486078466
0.10351253325200599
0.10439943609568561
0.1126001606411908
0.11588896709946457
0.10486834985061685
0.10105951261483943
0.10523714992366191
0.12431030998013212
0.09787521663162371
0.12352139788234363
0.09984341947415816
0.10481788708652923
0.11571577451937576
0.11558927775131188
0.11697562332636258
0.09828903697991231
0.11318062103279206
0.10168184750153264
0.10734234342985935
0.11324582343239445
0.1120802338430793
0.10854256014083175
0.09937520224459308
0.1031516473757211
0.12018591647189907
0.10972541001620298
0.10540954132085208
0.12265522006339818
0.11935550962453303
0.1024161836763412
0.09103604792819722
0.11705640625492063
0.12326480918715749
0.09310241012270495
0.09743268372477505
0.1174975657241716
0.12097897547832015
0.10557987799520428
0.1267258905252253
0.10045060832762039
0.10637028972901728
0.10155362347849524
0.11929986605790201
0.09155769257779246
0.10625507273589788
0.11783918352676151
0.10014036905182444
0.12125763001149871
0.11470215316807879
0.11721726575585005
0.09544578726079476
0.11567104464747767
0.11373536432823302
0.09690914469082719
0.12105435100586517
0.10228405880511475
0.11007852550550445
0.10270930058322847
0.11155464297389962
0.10546019510787817
0.11006731517019047
0.11068695902729919
0.10575747121449398
0.11040485733499973
0.10151608235563786
0.10348332938535706
0.11509558949383326
0.09993207137323105
0.11500392215447905
0.10891057128775054
0.1089402165363962
0.11949547657581128
0.09961219018694702
0.10069063737435077
0.10700539573757113
0.09946584409993628
0.10777774068423163
0.11438550580330058
0.09492098731309365
0.11209808069996643
0.1044247802414432
0.10521766291323888
0.1276488294015112
0.08201121739314302
0.1222434010047911
0.10129535822467743
0.08894386266879535
0.12157925885116709
0.11379255583396762
0.11422318294880561
0.10778072683572554
0.10009700015433591
0.10068662725456491
0.11102258221523
0.10951686118041044
0.09120801181626925
0.11816129329837048
0.09357096037516992
0.12153111022337765
0.10533068253636779
0.1071918272966708
0.09701772324194241
0.12351809294752615
0.11196239919408454
0.08825295123497726
0.10303847105461646
0.11328080168965718
0.10902920959557852
0.10318785250537853
0.08897044807605013
0.10063763775869503
0.101663968724914
0.11328078871103597
0.12182738508546617
0.10020537032877379
0.10610882857261036
0.10394170860124269
0.11131795073279004
0.11801811664934023
0.09956226919683209
0.11281128569195668
0.10209382214858467
0.10618276713986247
0.11400862196055443
0.1052029761047089
0.10854020074475557
0.10898385051826852
0.1016136900930112
0.10114884707529226
0.10830913066688547
0.10394632099242712
0.10400528212725792
0.10620399826354739
0.1078576626782508
0.0963481070028375
0.11277800468066572
0.09836499210771012
0.10613127632498526
0.10489156612438029
0.1148223118060201
0.10899971638792667
0.08721168488567776
0.1257231821711711
0.08843377753721038
0.1157820140403034
0.09372812216305107
0.10205913747093924
0.11083121187782483
0.09495577228296062
0.11038651177659631
0.11289216486561665
0.09503146972797433
0.09562411881558111
0.10842082720668311
0.10283238689442152
0.10712837621880074
0.10447753702317351
0.09027846744520239
0.11005801234421307
0.10106829647818391
0.10515439003285028
0.0788231678104595
0.1230009559662574
0.09119675666147815
0.10608865965016025
0.09443339139756247
0.10691022802063305
0.09925209165321312
0.0932340941563134
0.12081232888664564
0.1145325084824277
0.0936401854463232
0.09937110485380812
0.11059288780603126
0.10648049829963027
0.10588669182154421
0.09177766242414626
0.10505586317605406
0.12776331807148433
0.10270520035798351
0.09058637709181377
0.11294191550341962
0.1075824488661306
0.10968283482024149
0.11748507907074215
0.09637414854343819
0.10799729205883932
0.11198062687754577
0.1012173920424412
0.10250180704958663
0.11650016157385097
0.10907584791868061
0.1183049055390006
0.1085194594014193
0.11089327230212698
0.10718515164225592
0.10959810665403695
0.1094135695661796
0.10930092437901413
0.10769782697215029
0.11234967622136616
0.11118090896027001
0.1137214500110755
0.11098463505175829
0.10556335079119257
0.11050224499237063
0.11482186555572232
0.10791802485650608
0.11032998051825046
0.11168823225855612
0.1054968911803503
0.10221150703390763
0.11195937131497372
0.1162926418406457
0.10356704253986802
0.11037334337310893
0.11082120583244208
0.10129002930151056
0.11285846832417545
0.10064485147713507
0.10345937857367234
0.12945580147409244
0.0896539115279481
0.10978571836418216
0.11353292318560398
0.09606805864208634
0.11453011318825293
0.1171834065116591
0.11467400919671332
0.11192449637978891
0.11858910726437318
0.11262805369831082
0.10340247282326437
0.08748875316434904
0.11397480267518456
0.11311696103666032
0.1099749979617047
0.09988013800382074
0.11346942561752824
0.12253542562214442
0.11637827124196928
0.09811088429726796
0.10831695290592809
0.1021005101636916
0.10784451386459387
0.10539131775832451
0.12189175055254305
0.09485465391417561
0.11716784509168802
0.10346348061179067
0.10547810402847287
0.09652479277903457
0.12576157153934997
0.10583324892618491
0.10287767049917222
0.1075383302067285
0.11233987069040861
0.10075205549904806
0.0964143619639799
0.11063550973979189
0.10744389448571356
0.10142723070052655
0.11573811680537419
0.10966464351741192
0.09965189276060657
0.10555014978297919
0.10150813371676148
0.10773755271203708
0.1028623307272252
0.10472721289303424
0.10365764282524005
0.10389526576762075
0.10525343540138092
0.10724610188112095
0.1126220609817276
0.10162382919857603
0.11127275139280254
0.10399521443743151
0.11481167095294897
0.10110160770009448
0.10414988349256801
0.1024621380324327
0.11392765480728037
0.11106554995142463
0.11507668973797042
0.10032851450091256
0.1162986227520404
0.10354667222397267
0.09826157371297586
0.11009856902629785
0.09659192047716267
0.12845248166147782
0.12690133715986504
0.09675602874030238
0.10427441868755588
0.08954153494256467
0.13514727954853975
0.09797050604475258
0.10192878519086188
0.11923228996549395
0.11948356307255091
0.11724338775831342
0.10308804834072573
0.12976532962141168
0.10553553395405196
0.10921909541829719
0.10779253309052708
0.11401038105680567
0.08838992765996026
0.1200356389559549
0.11150397644150475
0.1187630494214186
