-0.00013482562887171903
-0.0001276206299814436
-0.00012527515681922787
-0.00012008843960770257
-0.00011209520585986826
-0.00010422116474069628
-9.76896920727323e-05
-8.950335008642244e-05
-7.988579433742046e-05
-7.22719549599603e-05
-6.488401961995396e-05
-5.630553330748639e-05
-5.101649688752503e-05
-4.531147678262905e-05
-4.09124487845659e-05
-3.65177140760141e-05
-3.2622057335464745e-05
-2.9974923735067748e-05
-2.7294392909254015e-05
-2.5608754805179544e-05
-2.371837863524822e-05
-2.1856420141336024e-05
-2.104492280826283e-05
-1.9595735294928275e-05
-1.7950518615206406e-05
-1.685323893426634e-05
-1.648635702292887e-05
-1.651938109189623e-05
-1.5550592897984576e-05
-1.4695502851163441e-05
-1.4286729930208294e-05
-1.3842651663952088e-05
-1.3512039399559043e-05
-1.2017044961491289e-05
-1.1909902346762491e-05
-1.1770599116246466e-05
-1.2074707307835089e-05
-1.1336475480398487e-05
-1.182926458252199e-05
-1.2535549670418192e-05
-1.287269693104621e-05
-1.2219588812065236e-05
-1.2244776991028102e-05
-1.1940946617118163e-05
-1.173978674067758e-05
-1.1060496865905842e-05
-1.1515402969751554e-05
-1.207432840443368e-05
-1.162023791961922e-05
-1.1129042463110544e-05
-1.0976641388496965e-05
-1.1132338300555695e-05
-1.110983914153674e-05
-1.075489955468768e-05
-1.1136443285120523e-05
-1.0864642559760757e-05
-1.080040302453647e-05
-1.034347068512495e-05
-9.612657210538231e-06
-9.378028509040039e-06
-9.076487372837711e-06
-8.77316048992224e-06
-8.632865237946069e-06
-8.846699990723552e-06
-8.551712515169209e-06
-8.674056806594836e-06
-8.641301209918574e-06
-7.967704218374465e-06
-7.449701702105391e-06
-6.799497131778744e-06
-6.362902491093626e-06
-6.470369722935003e-06
-6.89537668275053e-06
-6.143730263210128e-06
-5.8337233196547515e-06
-5.708053625615624e-06
-5.929468436764749e-06
-5.732848395395643e-06
-6.037580935325409e-06
-5.791636900487019e-06
-6.394896069611169e-06
-6.0023900018216185e-06
-5.901716800851147e-06
-5.454551755710913e-06
-5.608822514171851e-06
-5.97897684017063e-06
-5.689659075500643e-06
-5.197363150174446e-06
-5.095763048882583e-06
-4.668164681630594e-06
-6.107509610349855e-06
-5.121312303832593e-06
-5.6651141070081694e-06
-4.860203189573308e-06
-5.061388749353405e-06
-4.986802420150354e-06
-4.859086771645799e-06
-5.4412911647860724e-06
-5.183705248466298e-06
-4.576855743558237e-06
-4.783651336871064e-06
-5.032832935588279e-06
-5.260458046773303e-06
-5.295828908645595e-06
-5.084221224999477e-06
-5.109805225283313e-06
-4.943578868983752e-06
-4.827746625528232e-06
-5.304761563583389e-06
-5.44602223100441e-06
-5.172156333160735e-06
-5.3424784538578205e-06
-4.914372944451474e-06
-5.575978815139261e-06
-5.483365239869918e-06
-5.302738939634224e-06
-4.651976776559436e-06
-4.7095234786747424e-06
-4.685276132437613e-06
-4.823958481237228e-06
-5.120848204503578e-06
-4.698989150842797e-06
-4.913698850704469e-06
-4.3117390595253324e-06
-4.743751217746109e-06
-4.381152663974216e-06
-4.484447951350982e-06
-4.457913344568637e-06
-4.724561242018472e-06
-4.527478281027246e-06
-4.35379423293668e-06
-4.005574793695089e-06
-4.701633005807062e-06
-4.858506869915299e-06
-5.067624502059872e-06
-4.617824393737491e-06
-4.504197193824254e-06
-4.73811397186828e-06
-4.8902436018566284e-06
-4.838809462049487e-06
-4.515431582135995e-06
-4.045902895982642e-06
-3.426768628649871e-06
-3.4768590229878495e-06
-3.843935658459078e-06
-3.7530404547989904e-06
-3.3899554498772058e-06
-3.8732073631842425e-06
-3.844619489730879e-06
-3.5163367147765383e-06
-3.3655407763865735e-06
-3.1345891685581906e-06
-3.454196820567249e-06
-2.8634051860548873e-06
-3.141313613198598e-06
-2.8089992064042892e-06
-2.5425591581512457e-06
-2.226424085429112e-06
-2.5886480822615945e-06
-2.3990875453581912e-06
-2.185668626080387e-06
-1.9612096471921205e-06
-1.8779037632618607e-06
-1.7490266933184129e-06
-1.7296214276728383e-06
-1.7159565119810936e-06
-1.7937666291839813e-06
-1.7619997043252427e-06
-1.8928451745391679e-06
-2.2216628032264705e-06
-2.1655893622506563e-06
-2.4264749583011693e-06
-2.6292972460646853e-06
-2.9787183815431595e-06
-2.814998556393708e-06
-2.925946730918941e-06
-3.0135349887764873e-06
-2.9551069500471847e-06
-3.247110119749171e-06
-3.399001982778419e-06
-3.588371179791031e-06
-3.2905694178739595e-06
-3.0056163446399453e-06
-3.3643175949849966e-06
-3.1444488721045554e-06
-2.823907571059797e-06
-3.0927445893040924e-06
-3.0825281661183936e-06
-3.479644795373568e-06
-3.6236294883987075e-06
-3.490978091234127e-06
-3.07033660383372e-06
-3.224073011090471e-06
-3.1313784281825274e-06
-2.696871140448122e-06
-2.539888670809518e-06
-2.6196432926277024e-06
-2.5011968055100557e-06
-2.4119821107993578e-06
-2.83175127085575e-06
-2.74719009146371e-06
-2.8217573344591074e-06
-2.7665117033683457e-06
-2.6864699448460536e-06
-2.3655031320916917e-06
-2.3427518749815426e-06
-2.0082922436932162e-06
-1.776409168298309e-06
-1.777758372383318e-06
-1.7269857878183257e-06
-1.5982509203372435e-06
-1.4160389259748205e-06
-1.4118445802602724e-06
-1.2507350543339693e-06
-1.1244145657590285e-06
-1.3683110330970047e-06
-1.4156078106574621e-06
-1.3462920905758569e-06
-1.3247389872866324e-06
-1.780574393706047e-06
-1.7454823957608745e-06
-2.0284906628623265e-06
-1.7628782086541068e-06
-1.424791967242461e-06
-1.5713069882147703e-06
-1.5502032758139768e-06
-1.0027740551737698e-06
-1.0266119574410275e-06
-1.2566611990618897e-06
-1.0393965020330802e-06
-1.1276472246274774e-06
-1.4120176000938374e-06
-1.3685981220196877e-06
-1.579919588342212e-06
-1.4124173460821612e-06
-1.084779981191378e-06
-1.1200927672135825e-06
-1.2167616566092994e-06
-1.154116651780013e-06
-1.4277779124919714e-06
-1.6670492961065315e-06
-1.6473409446468619e-06
-1.492052392413957e-06
-1.0431796350412301e-06
-1.1394898507021118e-06
-1.7266269608534048e-06
-1.5808236392568569e-06
-1.2641926175909748e-06
-1.1933319090372685e-06
-9.367120087254212e-07
-1.0666193483355502e-06
-8.604774003795657e-07
-9.900010003666861e-07
-1.0775346720657726e-06
-1.106816406771005e-06
-1.4127905618464127e-06
-1.4471515138817874e-06
-1.6242854994545823e-06
-1.2894004330716953e-06
-1.1551298519446826e-06
-1.2745132281729046e-06
-1.0983428077504842e-06
-1.1175438448779038e-06
-9.881150601253519e-07
-1.2393513984995703e-06
-9.008708927823413e-07
-8.626417180836881e-07
-1.058590055600834e-06
-1.0752127872879298e-06
-9.840490800316743e-07
-1.1813888628845841e-06
-1.0929021181769e-06
-1.288233427796671e-06
-1.1171465513947676e-06
-7.32358093576598e-07
-7.384015981332978e-07
-7.50461846353679e-07
-5.442442286856523e-07
-9.628281581488252e-07
-7.374493382327352e-07
-6.594676704750875e-07
-7.394024706904336e-07
-8.327624445355731e-07
-9.567020720498767e-07
-8.720716491354877e-07
-7.539407640937155e-07
-1.0213080735002882e-06
-9.463355814145673e-07
-7.462391753163673e-07
-7.5248384008233e-07
-4.403667015838542e-07
-3.713412450063028e-07
-5.096111369288917e-07
-5.92259082794413e-07
-1.0576112638285637e-06
-1.1170265261039343e-06
-8.670504335118429e-07
-4.90402753613402e-07
-3.835333547178142e-07
-4.204159310667318e-07
-4.4506843845164956e-07
-1.3801912893089705e-07
-3.314796072282806e-07
-6.055280486496327e-07
-5.603270397492399e-07
-5.511805044455326e-07
-4.3479694490865833e-07
-4.3358115933016594e-07
-4.046147929425454e-07
-4.967929535960929e-07
-6.918441829219628e-07
-5.29689604744804e-07
-5.126302175665551e-07
-1.0171240502210781e-06
-8.36630845967285e-07
-8.842941902596225e-07
-9.724829040984015e-07
-1.0452935412829085e-06
-1.000921314784321e-06
-1.139617290351927e-06
-1.2927139718870066e-06
-1.2169639705752016e-06
-1.3836851842601048e-06
-1.1909002134838163e-06
-1.2306176345652826e-06
-1.2793986003827371e-06
-1.2664563012984455e-06
-1.4544114993190886e-06
-1.103307925510255e-06
-1.117368677351687e-06
-1.1129255782456628e-06
-1.1112874514198494e-06
-1.0462525943839338e-06
-1.04147686736236e-06
-1.2423577612460814e-06
-1.4703342356079847e-06
-1.2109094890600292e-06
-9.40169838380878e-07
-1.0555942401918836e-06
-1.3265259359497472e-06
-1.494968107207556e-06
-1.5134247797649933e-06
-1.4743270211497936e-06
-1.4063693331832916e-06
-1.567386991906539e-06
-1.3004107784028114e-06
-1.2313802228058246e-06
-1.5029442505218196e-06
-1.3106439942877868e-06
-1.7822459378716091e-06
-1.4041511876448698e-06
-1.2093294174888611e-06
-1.2265484613543367e-06
-1.2789010524089015e-06
-1.1366714155936253e-06
-6.479529110618096e-07
-9.075160457963437e-07
-1.1865614055750484e-06
-1.218284237240922e-06
-1.2084771220951802e-06
-8.767417347226528e-07
-7.253210443208893e-07
-6.553513489434671e-07
-4.816712588848716e-07
-4.258933909179599e-07
-7.048529331986293e-07
-8.262857762388919e-07
-6.892648707764528e-07
-5.984576533144033e-07
-7.386883962483451e-07
-8.52001371508843e-07
-7.108621022707929e-07
-8.81289140678469e-07
-1.009113511695498e-06
-1.3500494043145792e-06
-1.1632619801908415e-06
-9.686514797225676e-07
-1.1195686494724266e-06
-9.684596842606075e-07
-9.431180873816892e-07
-8.341015535589195e-07
-1.0845838606866787e-06
-1.1131411251947123e-06
-1.0724512120746574e-06
-1.0375343478791774e-06
-8.103124171783207e-07
-1.2662379352453474e-06
-2.0041392733970578e-06
-2.5127883682084824e-06
-2.1793940320186675e-06
-2.184456182318251e-06
-2.469842061343471e-06
-2.138709305654629e-06
-1.8442006872989452e-06
-1.7454251503189933e-06
-2.2478097428350905e-06
-2.0467014950475497e-06
-1.8017928012973836e-06
-1.9413031230979487e-06
-2.290554026541835e-06
-1.8382770856961557e-06
-1.9955675494545004e-06
-1.954072661027422e-06
-1.9237834343901183e-06
-2.047694704452769e-06
-2.0962880161396638e-06
-2.285420821968675e-06
-2.308807417147614e-06
-2.508420671485668e-06
-2.545726091198773e-06
-2.5971693753819927e-06
-2.351867842530803e-06
-2.4064306045687958e-06
-2.5903974491866655e-06
-2.2356112077577035e-06
-2.3399898318398367e-06
-2.681703243570814e-06
-2.5298731635711444e-06
-2.1334968811272015e-06
-2.25816821525307e-06
-1.7033915543399178e-06
-1.959227881303852e-06
-1.986826700688297e-06
-1.783282804670149e-06
-1.6756240352217413e-06
-1.7281850933363456e-06
-2.3359791529783514e-06
-2.4190297061569e-06
-2.1896435084167076e-06
-2.365368655391385e-06
-2.1434474830670482e-06
-1.935979038324254e-06
-1.8127582757517593e-06
-2.0320846712253853e-06
-2.1511880375961168e-06
-2.3797258992103245e-06
-2.429367227244032e-06
-2.3177004135030312e-06
-2.1464382624786147e-06
-1.8814901513115214e-06
-2.0467999313726635e-06
-2.0270804583745212e-06
-2.0541239109661547e-06
-2.015156928462312e-06
-2.4890563528732974e-06
-2.3468990521918833e-06
-2.436306727838161e-06
-2.3018406185313496e-06
-1.974814720768705e-06
-1.968623833172255e-06
-1.6049131107243686e-06
-1.972152911522257e-06
-1.9425885636957134e-06
-1.352183817025566e-06
-1.3002767613927617e-06
-1.3315966778437556e-06
-1.37767927503444e-06
-1.2450101559042579e-06
-1.2513081084920408e-06
-1.0358516055600995e-06
-1.3617499613853095e-06
-1.2337858939592505e-06
-1.308254119014263e-06
-1.4457524869520557e-06
-1.331663787678353e-06
-1.4407899263223163e-06
-1.8325324897860824e-06
-2.1294102545152125e-06
-2.228661185364362e-06
-2.3610875616767495e-06
-2.1198071388663147e-06
-2.099862862503843e-06
-1.9516684084880147e-06
-1.974905022718198e-06
-2.102799579704984e-06
-2.3164317310042004e-06
-2.612326137539745e-06
-2.558771191194166e-06
-2.682231725897957e-06
-2.4210257405671207e-06
-2.248432852154466e-06
-2.505811107107877e-06
-2.7824701785151693e-06
-2.202416549218891e-06
-1.919504894510243e-06
-1.4783827430659111e-06
-1.0268212021849425e-06
-8.274490562104367e-07
-1.1374967845069372e-06
-1.3269514138828262e-06
-1.1605260660740053e-06
-1.0231952914828202e-06
-8.574750533322609e-07
-8.542909321529779e-07
-8.316446294133051e-07
-8.840270154813471e-07
-9.410688582410449e-07
-7.968096559889618e-07
-7.029302049675713e-07
-7.756385775462769e-07
-1.1441713140350434e-06
-8.768167408495662e-07
-8.793155602425163e-07
-9.94707581900213e-07
-1.0191750036120948e-06
-1.047635003263734e-06
-6.872136150443533e-07
-8.579732949605703e-07
-8.129223283833489e-07
-8.362382498924726e-07
-8.991132176561223e-07
-7.256397719609832e-07
-7.292708372902332e-07
-8.05852204084131e-07
-7.697522133257472e-07
-8.230694273125677e-07
-7.07023170444581e-07
-6.561988348896219e-07
-7.084474280260189e-07
-6.991553702747574e-07
-6.516167425029445e-07
-8.321583645804334e-07
-4.786138762865712e-07
-7.489666679571266e-07
-1.2437939547097536e-06
-1.5890789826158467e-06
-1.839935882107175e-06
-1.6361314586954878e-06
-1.596576011700339e-06
-1.256051225515177e-06
-1.2501119680814883e-06
-1.193905604125483e-06
-1.1460703315579863e-06
-1.0217934660444818e-06
-1.1478858197364574e-06
-1.2539474621165858e-06
-1.3011506803525044e-06
-1.1407071072070445e-06
-1.2539171859935923e-06
-1.3180903618811737e-06
-1.4997209815271122e-06
-1.5625779431080657e-06
-1.9025218768771426e-06
-2.0925555602751547e-06
-1.7759461201606335e-06
-2.0663223718999517e-06
-1.9452872470208313e-06
-1.8969250705608367e-06
-1.8506189436279321e-06
-1.934484324972774e-06
-2.2401943954099663e-06
-2.450590523369391e-06
-2.8387849206278655e-06
-2.7897124222152447e-06
-2.614480480047675e-06
-2.5640724413898313e-06
-2.5805647569738896e-06
-2.7631694223785326e-06
-2.601297957380007e-06
-2.764471123489362e-06
-2.523862204343195e-06
-2.5873519600439896e-06
-2.6602627232036404e-06
-3.0339850430512647e-06
-3.024018150940917e-06
-2.9984313628581045e-06
-2.902406401477967e-06
-2.8401451589266746e-06
-2.8604695678265104e-06
-2.6685336877931873e-06
-2.4977939014259363e-06
-2.272507239520538e-06
-2.0073227602367387e-06
-2.057622391080456e-06
-2.318212607307309e-06
-1.7796704350589805e-06
-1.8255193563690872e-06
-1.5721080948740407e-06
-1.7072782288712494e-06
-1.6680593558782635e-06
-2.2132303621364753e-06
-1.9184150957791144e-06
-1.6494991920505224e-06
-1.9370623124194792e-06
-1.6802632210559407e-06
-1.6342983737716998e-06
-1.6763899401522011e-06
-1.8974759458997406e-06
-2.189160630987844e-06
-2.57667791603139e-06
-2.5329060450082803e-06
-2.2660378356480235e-06
-2.624833136312942e-06
-2.032307759401337e-06
-2.1910315538569694e-06
-2.1386499248773614e-06
-2.058723187777408e-06
-2.1034735531746107e-06
-2.203176125582051e-06
-2.257164449448296e-06
