-1.8702964903651804
-1.706669366878012
-1.5765712382136912
-1.435591927473096
-1.171758776989536
-1.054362912972768
-0.9331066833026167
-0.847275221693343
-0.762851665849271
-0.6866531795349674
-0.6014136084611865
-0.5297324018201967
-0.45374258575232135
-0.39879053140032117
-0.34861869224603625
-0.3059870851212654
-0.26593204706475354
-0.23100677586120108
-0.1970978040194166
-0.17202088020849918
-0.14199680756048663
-0.1261566441566886
-0.09383632539623026
-0.08836801279930101
-0.07824439577171174
-0.0603122451651396
-0.05023334763245657
-0.04202413119112506
-0.04049936084724639
-0.019860862823670555
-0.0158237893998191
-0.011693038106123044
-0.010455661314114443
-0.012447118350858058
-0.00015441448245521474
0.01284057570223197
0.027026044036113264
0.033045654865049255
0.018156460836652896
0.029585948082545867
0.024423438023549734
0.03591824341835319
0.029273121432144788
0.04408876830290166
0.029743843838451026
0.041600306930047445
0.04355615437827141
0.023401827285799325
0.042035741311417005
0.04138749333071536
0.036518032092304115
0.03563900276735101
0.03300834920905207
0.04335677857507371
0.030649300157666152
0.03798621701940462
0.044655436162323946
0.03240435268473474
0.03658961657724897
0.033505251094617924
0.03863958681397006
0.04550653766879501
0.04435390481924422
0.044036207693642464
0.047618483367419896
0.041492078426307526
0.04835279658478955
0.04611565286809902
0.045581301963597914
0.04828965343767777
0.046051113565951804
0.04085760963979461
0.048458715350758554
0.05191963897221654
0.04551061288457013
0.04589304192315625
0.05278796058585125
0.04338752669813719
0.042094034589894545
0.050232335486435804
0.043790115256105426
0.042102483921157924
0.05104684228401469
0.03782850765202201
0.04344312932538004
0.04906540488693703
0.036414775489559535
0.04392610258166341
0.04530808694012787
0.04201208599978059
0.044257785091547805
0.04502196814628669
0.03881208607133991
0.04705416463970112
0.04915899027938671
0.039140082155084376
0.06046903873051422
0.03218587856078385
0.045177447453117595
0.0514213552367806
0.04667956819924955
0.05267849145963302
0.041349553048401474
0.04385070413928074
0.0456349005099332
0.019516333613706673
0.05157324814649326
0.040746558110054204
0.0435381257093336
0.03157565516143011
0.04783826498601559
0.04303688495217458
0.04155108024681702
0.051862004701473306
0.046685144618200815
0.04449918680905324
0.0330835750366163
0.044475175461401166
0.05279405272069752
0.04349568079434929
0.048286591249896024
0.039928870143173124
0.04032858109913186
0.04346062686712737
0.042331296964076115
0.04751906882755566
0.0421061933249829
0.05238335556941161
0.028959327226587357
0.053227201473656234
0.04141254130028782
0.04253528802149484
0.051195675174813667
0.04323524751268543
0.031763716017071536
0.04853817586706061
0.03996352117468158
0.04111358292731524
0.04803431749789287
0.042021142791254795
0.04564194675396615
0.04454327341628032
0.04200677843123297
0.04292911255733866
0.04180906804453959
0.03600229391578477
0.045439859852194786
0.04040704088528519
0.04887293548107255
0.03493666024608673
0.041606742362289326
0.04559392010539169
0.042452795078397554
0.03849984853223904
0.04874290351965127
0.03613559594816542
0.032555881590730903
0.03791654990408975
0.05383573130171314
0.03990052349568493
0.03980581705083908
0.0452032242530444
0.0418873476775606
0.032930555136746094
0.04646237522525632
0.038414566932287
0.038331767247206924
0.040740621988189174
0.041376469133799706
0.04416640234125805
0.05178292506489147
0.02819754979978113
0.038794214219745736
0.045994482985090304
0.044046402792446315
0.044669657733048436
0.04160680322219496
0.044884904444663094
0.03429625384202497
0.04189339160676236
0.035181007825156194
0.04402206215393338
0.04019343452038837
0.04569020243260362
0.03891673813864211
0.0393618871753131
0.05105319417054779
0.03634971863441709
0.045743880277175616
0.044362783408386335
0.04530745023689435
0.03626221037584532
0.04683570688981833
0.04550360085145719
0.04458643950899874
0.040822587988298874
0.03990123272482036
0.04061909844133787
0.04062462517016473
0.03750844624849286
0.035229162427772215
0.03945823168159341
0.03634586599419244
0.04178979987130109
0.03262407452111011
0.034680519094723895
0.03694181325524856
0.040940024471585304
0.04157915942799435
0.041130095002818445
0.041637293557447476
0.03876138542630318
0.04070744192965018
0.040655326255111264
0.04647199679047976
0.04398229600485428
0.03738369681451476
0.044865725249004805
0.03759183450028354
0.03866809692513873
0.0430934569278469
0.04074242854867539
0.0399363097410811
0.035739448162781046
0.041701120616314744
0.04555111811867497
0.03955567282906301
0.03131669734780123
0.04123645053250189
0.030088262996919777
0.043926049130158906
0.034684292083788336
0.034854878897549235
0.044699054995916136
0.03682223660660489
0.03405057262980204
0.0396086568270471
0.04181012634079957
0.0392784870485269
0.03683340321025015
0.03348762542346789
0.0382126177837431
0.0311229439069301
0.042401121645789186
0.04022872381492693
0.04543449091758795
0.035441923067412354
0.03766115750118658
0.04558277176608723
0.036600211475213626
0.038781709695720805
0.034609487786403166
0.03499390341449475
0.03861936877238686
0.04033378898031146
0.038213399561979146
0.035218595845989235
0.03773376847401369
0.04817495608121913
0.04387465127460335
0.03111681174081953
0.03919408285140019
0.035513621425944504
0.04632050559967351
0.041402574090381575
0.03252061739618986
0.031070012179122346
0.04246377406567605
0.04028564144222849
0.04312498075718843
0.0356502343421343
0.04060478976833216
0.035804275127188506
0.04962895001517609
0.03778837676720181
0.04305681558427117
0.040187239481146324
0.04417304063141616
0.03569262689974942
0.04106848494426442
0.041961186122152605
0.04020551570515702
0.03853520996568292
0.04791062768418814
0.037190358107234686
0.03666033303243634
0.04364328758885571
0.039047223429762475
0.037382700534088646
0.03667739020823754
0.04232008907643646
0.04428774196708548
0.037732706750250436
0.034897053690181805
0.038426279470803675
0.04974390899735517
0.03433551968655724
0.0488302093066707
0.03537771775913627
0.03810543771512617
0.043701651010939015
0.04539796021814202
0.04537591855467695
0.034576874592449465
0.042723003984935094
0.03686624095754941
0.03907976864433874
0.04347540226813905
0.042008891428375376
0.04011824075849659
0.03489161621563244
0.03710144173110957
0.04803152249761573
0.04063218522112921
0.03890942525037605
0.048841232777783225
0.045878239137970886
0.03646557690386755
0.029499868517302894
0.04592121328881847
0.048661654535006135
0.030543467583323734
0.0342099960198275
0.04480018133725262
0.04812924353451387
0.04038252138222257
0.05174402835183318
0.0354476218952028
0.03833362876700804
0.035920354031512274
0.04559285876018913
0.030529498524181006
0.038924410169863186
0.045125408821901226
0.0351430321706162
0.04710171127732357
0.04516302587918303
0.04534942416838654
0.03242200387108639
0.04521403992818533
0.04277519162312366
0.03341674070764819
0.0479849173107009
0.03618377855762947
0.0410082171505749
0.036505270105671894
0.04236412762438176
0.03798397107090315
0.04125874763206187
0.04143889545314554
0.038462965969380966
0.04010297541938506
0.03552191468981513
0.03674786453864173
0.04412972042168342
0.03536994029781309
0.043731576854201114
0.04061653101029072
0.04066028464686773
0.04670856833252111
0.03472641265261041
0.03542637717032778
0.03905232511865704
0.03414012567119916
0.039693441464687174
0.04314197378276942
0.03224205269382936
0.04231058136539777
0.03701168713598526
0.03826050725563065
0.05182096183273024
0.02410965353972616
0.04671953523032151
0.03726758428451106
0.02933165566334366
0.04761539361219468
0.0433682974603405
0.04408146456968835
0.03954149035406231
0.035354972472819296
0.0344435125724345
0.04159817441562326
0.04073551955356168
0.02962658552206594
0.045374498831654855
0.03148533506285183
0.04755840576641882
0.03935609788944324
0.03958757722875157
0.034594895744163114
0.048716933790010575
0.04240525328803915
0.02840915731360218
0.03603530134263354
0.04382496808513837
0.03957396875763231
0.037178113777780956
0.027355003339386938
0.03459361711239857
0.03654506176446929
0.04310527419084278
0.047508264773700765
0.03470414012314206
0.039094494906696156
0.03686677084972515
0.04231177528213332
0.04574447424333219
0.03457617500511781
0.04209442048222232
0.03568331445843585
0.03872380036509771
0.04378424878772078
0.03821882973357603
0.04024290609969825
0.040280043192214565
0.03603152490551651
0.03555361967385355
0.040733070837408035
0.037062770703915456
0.03753929977571808
0.038557391050204205
0.040101352799008935
0.03283593932502444
0.04193282695833013
0.03365819254026249
0.03949277800764295
0.03761341698945203
0.04418548225447117
0.04049759006854889
0.027322026784531772
0.049876540569433324
0.028007823401940583
0.04258737318636174
0.030984870102458997
0.035854216152127236
0.04078481918322328
0.0323700041078247
0.04002584938596398
0.042465348100370684
0.03195098904446544
0.03220312848039295
0.039622685132467333
0.036087255617873605
0.038363382426104035
0.037427755745686256
0.02836303243774624
0.04077829194484629
0.033993788698076656
0.03698340131550271
0.02154725859704279
0.04866097498840342
0.029612970503006618
0.03755459161787429
0.03106992494777196
0.03723141336619543
0.03460030907265626
0.030125637228712036
0.04765902886815045
0.042983214277267943
0.03062469878721564
0.03541375504489448
0.041147309061868684
0.03871613756780499
0.03843451332532045
0.03012157215372376
0.03777616782842771
0.052494397914995425
0.036187433891599
0.028529560939152387
0.04299519973342219
0.03971673746148725
0.040954330078143954
0.04629148262007958
0.03351092726866161
0.0391690296549485
0.04320428555028216
0.03692553329375991
0.03690373386674817
0.04597389419770637
0.04156831918922051
0.046799641817916134
0.040574623933196934
0.042672371425989855
0.039833285870280226
0.041181228027436075
0.04178855369758347
0.040888143974133644
0.040253212538790765
0.04358647268879619
0.04315436274602847
0.044742831543587366
0.04260585002434116
0.03919266774049164
0.042745223230061434
0.04471164065920596
0.04080020096422969
0.0419162660870917
0.04303327839538131
0.03853702948024717
0.03645636939841822
0.04343887029782585
0.04494098899886012
0.03812926510294926
0.04228310298808999
0.04198371869869584
0.0363349446443085
0.04283755097413382
0.03564181666065385
0.03818062827939275
0.05329196987862604
0.0290413428784645
0.04308617330726533
0.04281555468754748
0.03458019494301761
0.04349657084347437
0.04709248197521421
0.043681676261653396
0.0428020102861911
0.047219402008298515
0.044131744957522256
0.03804540664861924
0.028046625272495938
0.04423182007377508
0.04356361925770677
0.042221896100681326
0.03639429750973764
0.04362307280593929
0.04989424512546132
0.04519013379805087
0.03393713958844866
0.040849008941618
0.03705692418662838
0.03941486975637035
0.039386586475091565
0.047745018384243915
0.032538826227275844
0.04539222478279439
0.03792383543559876
0.038264207637373635
0.03382974141108655
0.05174801634638098
0.038537878232697644
0.03603787149262169
0.04005665318412787
0.04221268865597043
0.0358901609425379
0.03276673880105406
0.040891974877962166
0.039573087475930704
0.035413012030008045
0.04456186983936831
0.04058752976698747
0.03468187423625394
0.03892786993790229
0.035995516807947686
0.03955199691278023
0.036315010668223964
0.03749315358657876
0.03739779235025787
0.03728638370892546
0.03852973892893372
0.03916029818250588
0.042044322725142476
0.03586434436104922
0.04159515257882616
0.036866126318826624
0.04486303489682251
0.03618173272696077
0.03742971738962376
0.036041767640120306
0.043847906922894545
0.04126816682949446
0.04387516367221352
0.03610588871853669
0.043942004400035505
0.037165401664569275
0.03351234762458657
0.04073346539845933
0.03387106774228058
0.05262682594669362
0.05150130715565351
0.03326932377050347
0.0380976856838021
0.029633113179706794
0.05679679742045836
0.03504346512035345
0.038150542142355574
0.0465945017159633
0.04804882581305245
0.04690493720556623
0.03791992567763056
0.05371977069644608
0.04009608720915149
0.041335160508279456
0.04043744574891457
0.04445040649232502
0.02859048258540207
0.0479369280909178
0.04261989797827403
0.04751777831815939
