3.691677012075449e+16
2.834186465144711e+16
2.1660850381582876e+16
1.6390987911270368e+16
1.2344770687966914e+16
9181074896211810.0
6767478495543042.0
4881561718595775.0
3472007328501220.0
2380752109465377.5
1580588264581167.8
990684688815064.2
573185052970468.2
290385039702158.9
117729730524945.86
28548022096221.27
27936986557987.723
43756773014789.95
1240148475204949.2
737306422879668.6
511012316954243.0
521062625548494.4
483916561612037.94
320716992003206.94
1027316686107798.9
643614057786661.8
291868862334833.1
177257806605986.72
3906976749024534.0
2558676375638492.5
1391163871281533.0
668392484294243.2
343608621130807.56
286250845378258.4
340243608382376.7
210997770969151.5
320749030925875.6
1550539188009484.0
1693685800436220.0
806104076630158.9
523535443540110.9
738872556810017.8
8007895477474645.0
5965297573579625.0
3332329342405354.0
1727107287695741.0
815613909747061.1
648614071002929.6
470800166462138.56
1891456739564615.5
2753444798123111.0
1202919073114159.8
1991946043869549.2
9524126802398058.0
5693484795849514.0
3269043848303957.5
2357832542956710.5
2737677724512542.0
2389827210190784.5
2651063216596277.5
1884056301263435.5
2272475347699569.0
2715921270887003.5
1.1522483837980768e+16
6491947154272288.0
3762911175516096.5
3626595875175305.0
4042729177149980.0
1.1276118611423518e+16
9148141927667664.0
4700724689462582.0
2981691442949413.5
3525808550549710.5
1.01270739022567e+16
1.2319509421636488e+16
6917894798825551.0
3802509913014907.0
3045970356327511.5
6576653535049490.0
3.5885709217962444e+16
2.3170359179579616e+16
1.3250123612142726e+16
7406905277552592.0
5045717817342095.0
4908761906710258.0
4208217810829058.0
1.7265316555362526e+16
1.1185244098784906e+17
8.000832126581158e+16
5.1930807856114856e+16
3.318380685324675e+16
1.960389686995881e+16
1.1864812562401392e+16
7847051591854763.0
9244401438048128.0
3.655711236443392e+16
2.2076627280970262e+17
1.7211757218630634e+17
1.1615265933084173e+17
7.777098380560749e+16
4.924506136047343e+16
3.069155182222128e+16
1.871243173501998e+16
1.0866851524256696e+16
1.391346204400305e+16
1.0819158973431172e+16
1.1288167508539916e+16
1.0803379238614928e+16
9088587355542362.0
2.205598291137598e+16
1.6423916358029662e+16
1.2193265283774352e+16
1.1270057887142872e+16
1.0675037271551524e+16
4.822283367074919e+16
2.262524143262121e+17
1.5781917305540272e+17
1.0221721696558608e+17
6.3614634758335784e+16
4.075536404700028e+16
2.407347456313328e+16
3.5682187343115668e+16
1.422250984218845e+17
1.1914230722463728e+17
8.382849104754171e+16
5.5649746041094776e+16
3.90297438438702e+16
3.4579145436381564e+16
3.3324888987756844e+16
4.2259942572131576e+16
3.876983008159131e+16
3.130605958686412e+16
5.440775053538886e+16
1.513687898062218e+17
1.2310149797275442e+17
8.328273478044725e+16
5.125241122937775e+16
3.3945960636052756e+16
2.5022123246403204e+16
2.532107836128569e+16
2.177078182046709e+16
1.6439623761683258e+16
1.6182468112100772e+16
2.965575717318129e+16
1.5742598680257718e+16
2.3320547347059292e+16
2.3020734724476644e+16
2.222096628592951e+16
3.3378758560963656e+16
3.3442402389347176e+16
2.410244796928146e+16
2.767504784491309e+16
2.6398821890487572e+16
2.4005239723723244e+16
3.068725769508664e+16
3.983338746335022e+16
7.653904125610958e+16
6.059841882111568e+16
5.220131999539111e+16
3.654375792107278e+16
3.4625040138451546e+17
5.563877622517088e+17
3.7794609004161555e+17
2.5357298762722115e+17
1.752171696447521e+17
1.1501964466084885e+17
8.367105812236018e+16
4.4957427138480744e+16
4.043706263273675e+16
2.5350200300470982e+17
2.104463084773592e+17
1.4252834039273424e+17
1.0673923554355832e+17
1.123802696952125e+17
8.873513495064354e+16
7.77142697612934e+16
6.920846018181999e+16
2.68463511924973e+17
2.203771724116523e+17
1.4563841653925834e+17
7.647327653375448e+16
5.91817412340034e+16
2.0557288783597866e+17
2.3499182916208877e+17
1.7658842342051987e+17
1.2327284452356534e+17
9.650760701883442e+16
9.434701221739402e+16
6.067704242584762e+16
5.079404071855896e+16
1.2323739703478814e+17
6.558155899335927e+17
7.344352106671825e+17
5.723876237306371e+17
3.9154573428426886e+17
2.8007815645952525e+17
2.0803124104206797e+17
1.5418730995531648e+17
1.884263371021612e+17
1.4992221803564848e+17
1.3781059614311771e+17
1.3425836508277851e+17
9.126662052924672e+16
1.8270517374332477e+17
1.0718470640518619e+17
8.907605284073427e+16
1.5607905865693606e+17
3.245923897848729e+17
2.434795921754457e+17
1.891705814539935e+17
1.652752422575892e+17
9.221471915289208e+16
1.0371504872136387e+17
1.1495910176972051e+17
1.1058172130947205e+17
1.2989075688004755e+17
1.214681799420856e+17
1.2529023118584592e+17
9.454419720406008e+16
1.0919017878240797e+17
1.1232495685068442e+17
1.122653260408087e+17
1.1882732529362712e+17
1.1516564286819685e+17
1.1563156930231202e+17
1.2857943973080942e+17
1.0897717837773806e+17
1.028359997459036e+17
1.1179484194721176e+17
1.1883304163706712e+17
1.191996555340733e+17
1.3111122202006997e+17
1.3257386427851451e+17
3.066072548519434e+17
3.482860340708608e+17
2.8198256620034787e+17
2.161267180901194e+17
1.5508505783666925e+17
1.7418057514271965e+17
1.2001137331438736e+17
1.1616491361125494e+17
1.0117556210769856e+17
1.1804138101692038e+17
1.1213396408317587e+17
7.56924193643688e+16
1.7467926616767853e+17
2.0337333176309814e+17
2.3940859187548458e+17
2.558932863760659e+17
1.7113288411199782e+17
1.5801068401570966e+17
1.9588147652092118e+17
1.3074849500395891e+17
1.4530292882376435e+17
1.3623757193084928e+17
1.120407490657735e+17
1.8799419092917674e+17
1.5634939210351533e+17
1.2178917479609672e+17
1.453658172534455e+17
1.4604547296966595e+17
1.2303858217358144e+17
1.1220309441494354e+17
1.503909956340697e+17
1.497996667652324e+17
1.5224416441947274e+17
2.4900728074179696e+17
3.6740336646469574e+17
3.135272261863017e+17
2.730584032796451e+17
2.1920381905922502e+17
2.0425125049627315e+17
2.3149222783193107e+17
1.825648272884357e+17
1.4920901765749018e+17
1.6203222163277885e+17
1.5555793094755955e+17
2.462155509048462e+17
3.541571215201555e+17
3.505807800616024e+17
2.4695556487620173e+17
2.4486011081161584e+17
2.694007048067812e+17
4.139657664977605e+17
1.655102334658122e+18
1.8733616435804954e+18
1.3374485681518612e+18
9.614533157816517e+17
6.147059376967206e+17
5.4620846682142125e+17
3.204788467684267e+17
2.2281928545577235e+17
2.041330374644869e+17
1.740453193727304e+17
2.0367288652793434e+17
2.083267407894323e+17
2.138645206631467e+17
2.9360825873608403e+17
1.609716238143492e+17
3.148728594396204e+17
2.28219329031985e+17
1.8869758860840445e+17
2.0991696912137504e+17
2.1035517728902653e+17
2.359066942090163e+17
3.333162902874444e+17
4.555422445065994e+17
6.159564505195053e+17
4.276223380847898e+17
4.446600403220943e+17
3.793278876291518e+17
2.4415730438749117e+17
4.008707551675542e+17
3.115538477316244e+17
2.9093670909981286e+17
2.9201293475292544e+17
2.718822449098799e+17
3.211410423300904e+17
2.997218873386949e+17
3.48458970577363e+17
3.296172145366388e+17
2.634994642087226e+17
2.5730919346290054e+17
2.7616385027337763e+17
3.6283530550436717e+17
3.747359167856523e+17
3.472648244579787e+17
2.907919528413559e+17
4.621657095878281e+17
2.7199381496319386e+17
3.769749580119383e+17
2.40345608299477e+17
4.574708137131402e+17
4.3587934333847206e+17
4.4895391979277286e+17
6.204506937770345e+17
5.0303421102034304e+17
4.9485109106941536e+17
4.7422212742294086e+17
4.108695925444287e+17
3.672672304844418e+17
3.0707319693022726e+17
3.801784830650822e+17
3.61516908925576e+17
3.928872558451194e+17
2.962802605113034e+17
3.012915761748744e+17
3.7295939583054656e+17
3.355228918047007e+17
3.029779841755971e+17
3.382205866475713e+17
3.0460993609765286e+17
3.774349480875034e+17
4.182430061872308e+17
3.8385436881132186e+17
2.8239683472308774e+17
2.1543774193240074e+17
4.617011607563771e+17
3.5783000416373555e+17
4.314083229462875e+17
4.342081998707936e+17
4.016077721687615e+17
4.0331485167111424e+17
1.8593115695910422e+17
4.084962591194623e+17
4.8855751272675066e+17
4.5424234644247104e+17
3.810689234414251e+17
5.060758716945856e+17
4.376077381008798e+17
3.943343435403156e+17
4.711119416466255e+17
5.565059564846896e+17
4.460089581095145e+17
3.748990348408487e+17
2.4804528259890947e+17
4.1356848089295456e+17
4.706603076899653e+17
4.191727487740541e+17
6.180048871276285e+17
4.807051920146798e+17
3.4574103105759277e+17
3.88069403501019e+17
4.741411149992509e+17
4.3367352691402976e+17
4.8158943620333824e+17
4.907616189922114e+17
5.424506404002542e+17
4.980088199238682e+17
7.272938534554127e+17
5.986442638631387e+17
4.636640521715966e+17
2.797789405768947e+17
5.618094756076529e+17
4.253828379060551e+17
5.2444748111268154e+17
6.221503340183805e+17
4.8130232776835706e+17
5.814489461765728e+17
5.403460432292619e+17
5.4111943544240806e+17
5.85544663935744e+17
7.232820686255768e+17
5.409715250756667e+17
5.241309335329147e+17
5.216124202064495e+17
5.738961900621523e+17
5.229358637027408e+17
6.849238325539534e+17
7.9623488430491e+17
5.957268310385984e+17
4.836734973959788e+17
8.63814991340307e+17
6.090614099137907e+17
4.982923811726193e+17
5.584727801111186e+17
5.10142621961057e+17
5.124085321778671e+17
5.637352862278468e+20
5.115905838839594e+20
2.8989280009381334e+20
1.3306238903156587e+20
4.6680004171665785e+19
1.5482415464127615e+19
2.586262789516097e+19
4.225871517801903e+19
6.880653190729448e+19
1.0464262071098953e+20
1.344840814657423e+20
1.7287067340128567e+20
2.079838727557631e+20
2.417648890254985e+20
2.7463414565933607e+20
3.060731904337846e+20
3.339730389470704e+20
3.61408567211565e+20
3.8445957871975904e+20
4.0453465280626904e+20
4.2596469151751465e+20
4.4431757623285645e+20
4.6146950704800163e+20
4.713291483602636e+20
4.852284069847251e+20
4.9650667836114973e+20
5.0692066800247203e+20
5.1501820968298716e+20
5.2232575392952104e+20
5.314577540612906e+20
5.37644079286205e+20
5.4018079696287125e+20
5.457537303911542e+20
5.546832908285546e+20
5.451444568025396e+20
5.4908608591121875e+20
5.5819023774885354e+20
5.534880853456149e+20
5.588962841800426e+20
5.627057877891161e+20
5.5899517599460734e+20
5.631769496254227e+20
5.616376025261173e+20
5.629604424554005e+20
5.594248707300571e+20
5.610048844175675e+20
5.585244887382033e+20
5.657907308958581e+20
5.6224185675039434e+20
5.645593234215097e+20
5.622057671307787e+20
5.5839042100670897e+20
5.584626665234784e+20
5.584570383876795e+20
5.5264379706176523e+20
5.5398401697987206e+20
5.495080119918608e+20
5.5476456972829753e+20
5.5359297405001774e+20
5.495050196837508e+20
5.4798620416566814e+20
5.510698413594368e+20
5.4329525430285435e+20
5.4478708231655653e+20
5.417143631880183e+20
5.4419177965113187e+20
5.404076194270981e+20
5.400393208754491e+20
5.455588212434003e+20
5.382383256022258e+20
5.3898424492764476e+20
5.387276780316494e+20
5.3075859122066575e+20
5.344398289739276e+20
5.3402511678055206e+20
5.3408388641006446e+20
5.32767765877609e+20
5.245212822041122e+20
5.255571270287258e+20
5.308509875637476e+20
5.302774089297377e+20
5.248354347345871e+20
5.222773555073627e+20
5.249208899374729e+20
5.136218614179983e+20
5.253067231255344e+20
5.15699085105285e+20
5.165946858409937e+20
5.150441656579471e+20
5.114847882955472e+20
5.104304452191212e+20
5.0633928962048826e+20
5.138696093102175e+20
5.109209630967768e+20
5.0880390497259704e+20
5.072250289131176e+20
5.0457945842612647e+20
5.0319706526499747e+20
5.0156975096228735e+20
5.023433486604162e+20
5.062551116921334e+20
4.98919042465983e+20
5.021628034643808e+20
4.940680083468652e+20
4.973800444829278e+20
4.8990066658178885e+20
4.942127762186806e+20
4.936796637037789e+20
4.878688220065905e+20
4.8809828848091824e+20
4.880824961527918e+20
4.8935167936914535e+20
4.8891907142223607e+20
4.86445319043267e+20
4.862035162189424e+20
4.857829066884095e+20
4.826236348227739e+20
4.818418519850607e+20
4.833136775468569e+20
4.7841248469598804e+20
4.78874976448419e+20
4.747214591413558e+20
4.712413426231246e+20
4.7152043706340436e+20
4.707448412202373e+20
4.7301369454450285e+20
4.697358988029181e+20
4.682427231459408e+20
4.713834803949397e+20
4.674887343256953e+20
4.669556894520671e+20
4.680736832395784e+20
4.6630652742263944e+20
4.614402609251308e+20
4.5821501863457574e+20
4.6496522115295104e+20
4.579579297006875e+20
4.5438000253727887e+20
4.5388491150949286e+20
4.580762031948259e+20
4.5565226234058716e+20
4.548715535808374e+20
4.505634825098179e+20
4.4867791273399924e+20
4.5071330902154904e+20
4.518136890759974e+20
4.483305434288017e+20
4.4470321904346274e+20
4.452931720478475e+20
4.44829710134087e+20
4.410547723067465e+20
4.4923752153580746e+20
4.427056745943508e+20
4.3747314478383294e+20
4.405306942658066e+20
4.415073207919769e+20
4.336356128675582e+20
4.307750096812077e+20
4.374389395737271e+20
4.325277164493422e+20
4.3194151235344086e+20
4.30503773629522e+20
4.314764185939578e+20
4.2618749723563485e+20
4.2950512332290654e+20
4.25207477190414e+20
4.26942177469704e+20
4.212365577738385e+20
4.2831845945997237e+20
4.2275735125367606e+20
4.25575884568144e+20
4.1984576209371e+20
4.217402730639923e+20
4.194602998416643e+20
4.12545112074876e+20
4.231842121470638e+20
4.176119507675625e+20
4.148688014704038e+20
4.143649454427616e+20
4.106788317901212e+20
4.070725356584203e+20
4.112546946808462e+20
4.1027085999509786e+20
4.0726065122214334e+20
4.053552944646043e+20
4.048901499741661e+20
4.057572650058364e+20
4.043100589583549e+20
4.023865345184528e+20
4.034434992397201e+20
3.9628788602131304e+20
4.0696191844729664e+20
3.942690113875561e+20
3.984553693511316e+20
3.9850831446695444e+20
3.9526672753545524e+20
3.9290831171016996e+20
3.995815272767029e+20
3.9038783475781396e+20
3.887577924389052e+20
3.868163588808628e+20
3.9088453799353346e+20
3.9250031836812804e+20
3.88198509024352e+20
3.856029810788599e+20
3.834026860037183e+20
3.838937919240579e+20
3.8837445625027376e+20
3.795688713572668e+20
3.824564601387682e+20
3.789751143494904e+20
3.8124254338855404e+20
3.7629599269986835e+20
3.7799453980947526e+20
3.773119962660945e+20
3.7205840956349625e+20
3.718584540494447e+20
3.7180986797730195e+20
3.675871844678947e+20
3.694732262325188e+20
3.7443439657330154e+20
3.709192105094982e+20
3.684615466619741e+20
3.6699773249987845e+20
3.694475338676025e+20
3.6615803045801846e+20
3.589693799324613e+20
3.604204131668354e+20
3.5816732762345996e+20
3.604426735553642e+20
3.572159953878567e+20
3.569372503365743e+20
3.585156898643675e+20
3.595839164485474e+20
3.5315782418344234e+20
3.516378576727224e+20
3.5613132010972525e+20
3.497618921394957e+20
3.4872980249654814e+20
3.523578435248147e+20
3.498898117429014e+20
3.484082714759497e+20
3.49035498094983e+20
3.481900905935297e+20
3.481171907565382e+20
3.4405056834777226e+20
3.376427752291182e+20
3.4616157271434966e+20
3.435849856891653e+20
3.395904986073524e+20
3.405083511400572e+20
3.40408356199966e+20
3.38586672925075e+20
3.374226582516185e+20
3.3515194711068266e+20
3.330094941886404e+20
3.305583012653629e+20
3.389180587064496e+20
3.340691987906039e+20
3.276237991695019e+20
3.279052905110368e+20
3.295864842246595e+20
3.285983582728781e+20
3.281317008544401e+20
3.310132804724852e+20
3.234708954069737e+20
3.232357604302806e+20
3.244403077731304e+20
3.1652853384955586e+20
3.242173303607294e+20
3.278520060978583e+20
3.169943108404504e+20
3.208043705808006e+20
3.225298683739334e+20
3.197304263997827e+20
3.1487611836120465e+20
3.135648633637391e+20
3.166051395009937e+20
3.1572227237138976e+20
3.1290945883573636e+20
3.102405459725879e+20
3.088326860083699e+20
3.133858289137269e+20
3.0877621645490264e+20
3.10292888044638e+20
3.038944003741602e+20
3.055976005487891e+20
3.087740508431632e+20
3.0258131169813994e+20
3.071439997963482e+20
2.991245771043913e+20
3.019444287418243e+20
2.9456003664445404e+20
3.0317267248652884e+20
2.9762081449712714e+20
2.986485055480694e+20
2.9107786729539705e+20
2.9876052508825584e+20
2.9006673894668173e+20
2.93514763771856e+20
2.9347817529784848e+20
2.9403300679834413e+20
2.9235338151675006e+20
2.9156718917714877e+20
2.8625250849450367e+20
2.8964953657255297e+20
2.865070786091963e+20
2.930836943911711e+20
2.8839519597902653e+20
2.865574449014679e+20
2.8600251589389458e+20
2.867488945253802e+20
2.8239656287800826e+20
2.8763626880032335e+20
2.833940399631002e+20
2.77185955795146e+20
2.8132644070168864e+20
2.7910348252696877e+20
2.7929681683313793e+20
2.8276655205237342e+20
2.8055835508548017e+20
2.8079444385867864e+20
2.694129722185908e+20
2.751184225385255e+20
2.68675167664012e+20
2.7463381672636908e+20
2.7650589384098582e+20
2.7095227213265296e+20
2.6902519011633735e+20
2.684917393950683e+20
2.646531479927983e+20
2.6026770471469947e+20
2.6540165432418058e+20
2.67975369322713e+20
2.654231649310127e+20
2.6261968261813374e+20
2.614725801722751e+20
2.6594705695845057e+20
2.6155895535102955e+20
2.5592678480475544e+20
2.6101887401210413e+20
2.6115069035290545e+20
2.6130578783814677e+20
2.6084559684362866e+20
2.5351683805720766e+20
2.5691595619605784e+20
2.5252931814941688e+20
2.60392658193714e+20
2.449172220692881e+20
2.632089772110904e+20
2.4680680422726025e+20
2.4906252246173322e+20
2.5265007936958493e+20
2.474453949893576e+20
2.445638213717481e+20
2.4805391020474286e+20
2.4376463645269855e+20
2.4359680317937582e+20
2.4595311871584508e+20
2.4256212721233268e+20
2.478984648306132e+20
2.4050779054996914e+20
2.414461427524894e+20
2.416123848194031e+20
2.480770042446925e+20
2.4066486204213287e+20
2.4088678337787714e+20
2.3888616425103992e+20
2.3871651870980755e+20
2.337286326571001e+20
2.3374276872864124e+20
2.3720938658523496e+20
2.3368254822108758e+20
2.3175496285005346e+20
2.256554727918278e+20
2.2961856764044604e+20
2.2987993283927844e+20
2.3275345059941496e+20
2.2801522153204643e+20
2.2938513228712247e+20
2.2633770049410096e+20
2.2350718908291337e+20
2.288980684783671e+20
2.2400230370332095e+20
2.2574540909270768e+20
2.2070152615720613e+20
2.2484683705041342e+20
2.1749581951194602e+20
2.2056359632719407e+20
2.2377624138517948e+20
2.1947549534585766e+20
2.1629193862656285e+20
2.2322570878763483e+20
2.202700606114014e+20
2.1890786859841923e+20
2.1660688048705965e+20
2.115913239713074e+20
2.160513950754626e+20
2.1050375934708505e+20
2.128943350521949e+20
2.1146226019394113e+20
2.118973264101965e+20
2.1209657523658847e+20
2.0440126088867227e+20
2.127615064106416e+20
2.1416181087188743e+20
2.1113013049493183e+20
2.0820671079441115e+20
2.1002400938739745e+20
2.112908577524544e+20
2.0442751497618024e+20
2.0563543824589465e+20
2.0412983282304893e+20
2.0088918236861615e+20
1.9628757653641868e+20
1.970184751351735e+20
2.0914527996722597e+20
1.9352950797450602e+20
2.0061320229076045e+20
1.963967730762391e+20
2.0332889345846867e+20
2.0374317205218892e+20
1.9585312168272173e+20
1.99524716054187e+20
1.8993261002498533e+20
1.9505975500417915e+20
1.923055309485981e+20
1.97631092875619e+20
1.910825830655738e+20
1.8682426474229088e+20
1.942138235556035e+20
1.956440011852352e+20
1.9328030443117173e+20
1.8516361658817826e+20
1.859714244058603e+20
1.863972520651584e+20
1.8346834803473174e+20
1.8642055693859353e+20
1.8463271086982362e+20
1.8464947492757537e+20
1.7823292267312716e+20
1.7784059865028297e+20
1.856135270637432e+20
1.8557666406980924e+20
1.8648732651242943e+20
1.8296743924374618e+20
1.8263454067074525e+20
1.7885801579638856e+20
1.7521545173667466e+20
1.765083879499001e+20
1.746869045986118e+20
1.7391905511317953e+20
1.7607936574053928e+20
1.7540994249042254e+20
1.7604056378768146e+20
1.759466021491623e+20
1.7788048463637234e+20
1.7111870345936205e+20
1.6728349337071128e+20
1.6848196349971078e+20
1.7407066566349862e+20
1.6755391247673423e+20
1.6478080034559027e+20
1.710486789219873e+20
1.707992056999871e+20
1.6766244821858972e+20
1.6302871816824714e+20
1.6487447328133536e+20
1.6617564447867237e+20
1.6294154431788365e+20
1.6561673213650856e+20
1.5476650292103378e+20
1.6433388142808085e+20
1.631803784267198e+20
1.6300035397302862e+20
1.5883694317510525e+20
1.662694526969644e+20
1.6343061465864962e+20
1.532635250070913e+20
1.597006242529717e+20
1.6054798782822754e+20
1.6267452923167352e+20
1.604006504744481e+20
1.5721704002398038e+20
1.5475213119602377e+20
1.586628643348029e+20
1.4922184020391097e+20
1.52183606028748e+20
1.6823849200880917e+20
1.4486906213777147e+20
1.5051449971523348e+20
1.506668238400756e+20
1.524663715764093e+20
1.5030851751372636e+20
1.4488564250037127e+20
1.4604271248791975e+20
1.4603866314853823e+20
1.474005388431054e+20
1.467437087343522e+20
1.4273524281968422e+20
1.483987074102077e+20
1.4059492843923466e+20
1.477542707919625e+20
1.3785413990434426e+20
1.435331031425861e+20
1.4100509878020617e+20
1.3912025335241987e+20
1.428129475054424e+20
1.4044644432039746e+20
1.4218278537787657e+20
1.3679318073404339e+20
1.4457488028416888e+20
1.3778964838222756e+20
1.3850608927245843e+20
1.3858809974803114e+20
1.3612700685615052e+20
1.3426425435019177e+20
1.3380746539807023e+20
1.3913892745790602e+20
1.3448375601030047e+20
1.3636144932803173e+20
1.3198937774780908e+20
1.279164335392573e+20
1.2757743572808008e+20
1.2659749000643587e+20
1.2946791495116695e+20
1.3199863076036107e+20
1.3216177857994718e+20
1.3185540295487894e+20
1.3515011828823227e+20
1.271806481312411e+20
1.278733120228579e+20
1.3353984781358147e+20
1.1946779566938721e+20
1.2894069172738407e+20
1.2791201633226449e+20
1.2943091797023464e+20
1.2464781055439915e+20
1.3199002320375131e+20
1.282119161236389e+20
1.2290221082486632e+20
1.182380955916999e+20
1.2293886428086339e+20
1.2693467442462176e+20
1.1907986901118643e+20
1.2703001408362104e+20
1.2405645535732518e+20
1.2168365007847029e+20
1.1852856208470876e+20
1.236774598019465e+20
1.1667860387107804e+20
1.1505061711046577e+20
1.177722058198917e+20
1.1646514689973156e+20
1.1765619946758968e+20
1.139230512645168e+20
1.1384299754461431e+20
1.145167604733691e+20
1.1536932403970993e+20
1.1398363841231993e+20
1.1111860260876722e+20
1.1131105628283263e+20
1.1591912083384528e+20
1.0788321780927667e+20
1.10968037566156e+20
1.0888891249085435e+20
1.132759758865517e+20
1.1142436390515265e+20
1.1886633942093244e+20
1.0319021630890548e+20
1.0985578742282787e+20
1.0386905649256356e+20
1.0953531616097169e+20
1.1032533203947358e+20
1.0996312171383798e+20
1.0467440927977103e+20
1.0598954059269531e+20
1.1220904979449707e+20
1.0039813001640447e+20
9.783159317527231e+19
1.0392542990268845e+20
1.0566269649325779e+20
1.0602871610675952e+20
9.720110654687941e+19
1.0877099493164288e+20
9.70403530374513e+19
1.0422116723283386e+20
1.0150770024929844e+20
1.0313183019586753e+20
1.0115109105750172e+20
9.914781789710867e+19
9.215860729135966e+19
9.39432138408936e+19
9.714566180643604e+19
9.085626423623447e+19
9.414096412669374e+19
9.24147235410079e+19
9.975626093680039e+19
9.047964260317027e+19
9.460467792237384e+19
8.974774564785742e+19
9.217001384659321e+19
8.940045489381622e+19
8.805550693933644e+19
9.391488547782145e+19
8.41115451272438e+19
9.832578649016926e+19
8.865575259991899e+19
9.3330555052014e+19
8.692900044300912e+19
8.990989299709572e+19
9.780698828701924e+19
8.494884099444818e+19
9.350770638806501e+19
8.586997013999052e+19
8.693623880932519e+19
8.107914125459041e+19
7.532580561792369e+19
8.714033973791382e+19
8.309378060365059e+19
8.097321744096179e+19
8.19529153718925e+19
9.079312192568854e+19
8.610265230227902e+19
7.529787086296759e+19
8.030492176132768e+19
8.217958376811789e+19
8.51629748217434e+19
9.071092911869923e+19
7.46958438912679e+19
8.027608199749842e+19
8.357635796175068e+19
7.674288150109218e+19
8.510704950096188e+19
7.458008461371831e+19
7.219874112419632e+19
7.550380601560503e+19
7.73114776257124e+19
7.876800149726847e+19
7.500130206337789e+19
7.986621764464656e+19
7.985061218235674e+19
6.738724721606928e+19
7.492311284244904e+19
6.9952807486315676e+19
7.884155742733795e+19
6.768275189296359e+19
7.574754738973283e+19
7.752291555277644e+19
7.0829004449938e+19
7.3206819683356566e+19
7.546226711408194e+19
7.678297994010273e+19
7.137694151817343e+19
7.0672394411724095e+19
6.991423310679476e+19
7.462609182821653e+19
6.539922794699224e+19
6.462559707600092e+19
6.833056229019019e+19
7.017795095367014e+19
7.677868009958369e+19
7.3434094259946045e+19
6.519206079583754e+19
6.48301309905639e+19
5.834421388867094e+19
5.958420926479328e+19
6.9560672255584305e+19
6.833163935132473e+19
6.101161752295171e+19
6.453551292916219e+19
6.8112100069167e+19
5.999306034523169e+19
6.3784763457685725e+19
4.842087210603006e+19
6.116674146465885e+19
5.8311887002405814e+19
6.259046037547537e+19
6.211581571249929e+19
6.757954561181814e+19
5.51435732304508e+19
5.4823365135424225e+19
6.253098133083274e+19
6.452030709247065e+19
6.139815949541585e+19
5.737965248258249e+19
5.649917610037802e+19
6.327106306774944e+19
5.8224644828901155e+19
5.47213391160861e+19
6.374640468472401e+19
4.849432909709974e+19
5.727894872399524e+19
5.478296960666718e+19
5.623611946058818e+19
5.032346486180378e+19
5.829831028396611e+19
5.126980736021999e+19
5.728133110146891e+19
5.536426643727686e+19
5.424824263366869e+19
5.8374129162385785e+19
5.149253314640186e+19
5.3738061294622196e+19
5.153104712949336e+19
5.085726139226481e+19
4.258496693048296e+19
6.069726058559417e+19
5.474370047217105e+19
4.969994458566425e+19
5.601930366020911e+19
4.697281757650579e+19
4.502673489122724e+19
4.877288203216445e+19
5.031277469379749e+19
4.620891347972785e+19
5.211576175364293e+19
4.7329129900163e+19
4.792951605958021e+19
4.923100289346448e+19
4.893085094742344e+19
4.665602640563781e+19
4.619730853509394e+19
5.539835780957422e+19
4.303008578551413e+19
4.974486902838614e+19
4.725472582046121e+19
4.68005352359231e+19
4.694922763124197e+19
5.110899204801037e+19
4.623350121900886e+19
4.4147512676762845e+19
4.620592849317205e+19
4.385611864767749e+19
4.101024294227376e+19
3.8587024722874835e+19
4.724339368256117e+19
3.787338947095426e+19
4.413417052932708e+19
3.9949986436613145e+19
4.7651080482465915e+19
4.362168743513628e+19
4.363415393662569e+19
4.0970577659704476e+19
4.513386347128281e+19
3.813146205010542e+19
4.055383903230559e+19
3.8151466564661174e+19
3.7517447205408236e+19
4.414368612912115e+19
3.940388209231764e+19
4.7686259800210596e+19
3.907683180461819e+19
4.942183803527373e+19
4.296811871652476e+19
3.830577344137868e+19
4.266742367992635e+19
3.353608639172476e+19
3.777387487254751e+19
4.187648007783435e+19
3.7253460208314384e+19
3.693831039522303e+19
4.568616693884582e+19
2.556675052857241e+19
4.3042165437900825e+19
3.597283225213739e+19
3.8091083329386594e+19
3.788844565473758e+19
4.057845555492588e+19
3.539614977351238e+19
3.315075533954333e+19
3.5088713652432454e+19
3.476429251438033e+19
2.9995822381182992e+19
2.5440585600827752e+19
3.4682183474835034e+19
3.8728018320729326e+19
3.3900018450289304e+19
3.86200815740573e+19
3.1162101187734704e+19
2.6784372552000377e+19
3.5593779044846686e+19
3.081494117329706e+19
3.5542900785015448e+19
3.284229407302906e+19
4.240218772711849e+19
4.404965778689655e+19
3.94127524705615e+19
3.43012845497635e+19
2.9898565923959316e+19
4.805182195721176e+19
4.323249667949741e+19
3.6308580929744413e+19
3.3736425665166103e+19
3.806543972227075e+19
3.79488279524441e+19
3.090625279275635e+19
3.803547705875242e+19
3.5641620185076613e+19
3.0597633034624102e+19
3.0783037368878293e+19
3.972124988884762e+19
3.287418373295522e+19
3.491721843006339e+19
2.527079060059329e+19
3.0004042477139964e+19
3.206136311391197e+19
3.2206907053423026e+19
3.955266251249182e+19
2.446346065495623e+19
3.1526805736320385e+19
2.9105069072615674e+19
2.6622467990271513e+19
3.113662098594578e+19
3.3582526824458502e+19
3.565480765935339e+19
2.639807841073564e+19
2.830548816104403e+19
3.753675242417621e+19
3.771794917460794e+19
2.0978976774259356e+19
3.2559693241159127e+19
3.256652527613447e+19
3.2754028821001445e+19
3.50802484655318e+19
2.0650379597288133e+19
2.5270826431674253e+19
2.52328993491383e+19
3.4684852402937926e+19
2.0053451586257633e+19
2.2249912324484694e+19
3.6589423105550737e+19
2.484879423324431e+19
3.4290822657204736e+19
4.3929077017681895e+19
2.467554758900152e+19
1.7234398358340831e+19
2.932768884861685e+19
2.93175131146134e+19
3.4110177546246353e+19
2.4335411251645854e+19
1.6882107565583559e+19
1.913390546151597e+19
2.8694582726462165e+19
3.3527392687526633e+19
2.3949435506894365e+19
4.120502928033215e+19
2.1582308961083445e+19
3.1108379877964255e+19
2.6224239358790398e+19
2.382980587277032e+19
2.3772026775917085e+19
2.8833987467687547e+19
3.853437035329832e+19
2.148321505106096e+19
2.629846960325338e+19
3.3748170903008965e+19
3.384137196448111e+19
2.3883622338240393e+19
2.626249193618865e+19
2.8607020047448846e+19
2.6392887914658017e+19
2.6457452100962513e+19
2.3908617805092733e+19
2.3929836434587804e+19
2.8720328322337534e+19
3.1116438839533298e+19
3.1171347115255374e+19
2.6349668437312754e+19
2.394057614880412e+19
3.5837125899393135e+19
2.6299898815481967e+19
2.3866649360494354e+19
3.1186974077152657e+19
2.6504854037969924e+19
2.891594634558741e+19
3.608158032758721e+19
2.8698124198013485e+19
3.09168949370353e+19
1.901844409088868e+19
2.621710364605485e+19
2.6484688367185166e+19
2.881899161587584e+19
2.872325861564778e+19
3.131885138331673e+19
2.8765421321150837e+19
1.903556176415185e+19
2.6371744792952025e+19
2.379903003996417e+19
1.886641305195127e+19
1.91746416566911e+19
3.0833895452884247e+19
3.6123384018039177e+19
2.6359533125656134e+19
2.8866097037929902e+19
3.1143152690172334e+19
2.3636750087173095e+19
2.1405131071080833e+19
3.110452086116887e+19
2.376337817087323e+19
2.8751353125275193e+19
2.629493601739519e+19
3.1221949102547186e+19
1.906930910330947e+19
3.855968680669565e+19
2.137984107574746e+19
2.8723322603069387e+19
2.8556542186709545e+19
2.6325070441783017e+19
2.610589879284455e+19
2.137143330689952e+19
3.367245821109671e+19
2.6265007684316226e+19
1.904560993722708e+19
2.386539819297206e+19
2.146789836932074e+19
3.1197635019138396e+19
2.3869218282048356e+19
3.130367823205879e+19
1.883003321666761e+19
2.619969237388806e+19
2.3968571068993884e+19
3.131353549656785e+19
3.114341700978448e+19
2.6363757560133546e+19
3.14317049089326e+19
2.624621474900436e+19
3.1246982083308605e+19
2.6540720004987826e+19
2.4003837718006608e+19
3.5665384968137814e+19
2.1324485834165547e+19
2.405856518426204e+19
2.8642747398758826e+19
2.8535265777984975e+19
2.3721070639339303e+19
3.5941876966674735e+19
2.1491110077790224e+19
2.8631787586712707e+19
3.1232459830149288e+19
3.3510363208520282e+19
1.8879759881367507e+19
2.885753255617975e+19
3.1356576899907817e+19
3.3629327634913268e+19
2.8898686901380186e+19
2.1492695660389065e+19
2.391952506964564e+19
3.8524028686795874e+19
2.1452304649005375e+19
2.901107091741889e+19
2.3723475735791604e+19
2.87420649741641e+19
3.574945893937293e+19
2.373284677058228e+19
2.644574597835235e+19
2.881896451589739e+19
3.122795002286252e+19
2.6225067365625393e+19
3.85996090170053e+19
3.6143173790622642e+19
2.150492422734914e+19
3.3566888512127955e+19
2.855887306719239e+19
1.6587745721820953e+19
2.860045233048752e+19
2.3825900839495557e+19
1.8926537469966225e+19
3.1121580503231128e+19
2.398709053647985e+19
3.1285868641029186e+19
4.056924938295427e+19
2.397092914747366e+19
2.3754462982203453e+19
2.625012471250205e+19
3.132309774676515e+19
1.908744141485227e+19
2.1541487666691494e+19
3.1167543030891938e+19
3.1466469626625573e+19
2.393817545785626e+19
3.0990148656425497e+19
2.8649203332037992e+19
3.0984391981644464e+19
2.639590900557456e+19
3.0956115223703077e+19
3.3562060063281746e+19
2.6260494819279094e+19
2.884535141471468e+19
2.3770030371772334e+19
3.1099212401983275e+19
2.8717825456714658e+19
1.6556233642391489e+19
2.3533458800034922e+19
2.140858197142723e+19
2.8657705068644213e+19
2.6220609000460407e+19
3.0881873264966504e+19
2.6432743704130793e+19
2.6158593949294998e+19
2.1646794131176583e+19
3.112198330803746e+19
2.6434315190180848e+19
2.8798913762189844e+19
3.601454642135412e+19
1.4134287703908205e+19
3.84461204598074e+19
2.8618790515993854e+19
2.1461167627386814e+19
3.5897156684191138e+19
2.1265195106459206e+19
3.1213026927929987e+19
2.6195810069713404e+19
2.856585467836584e+19
1.899805640931566e+19
1.6446278026698336e+19
2.887104866510639e+19
3.3865964842807017e+19
3.1366689496160715e+19
2.1431639238998905e+19
2.6405934838960054e+19
2.133991707340432e+19
2.6117049573120266e+19
2.3955390902420845e+19
2.6470315450504856e+19
2.397383010342714e+19
2.8604584925379592e+19
2.616840816344907e+19
3.5878351461943378e+19
2.8798048463585477e+19
2.3979516864930296e+19
2.8459968532599226e+19
2.882540143998425e+19
3.607341495044583e+19
3.095932413080934e+19
3.10942997914883e+19
2.8744202782216315e+19
2.8928382580675346e+19
2.1314934347356054e+19
2.153399106749771e+19
2.616854686918483e+19
3.130568415038846e+19
3.1077560150991868e+19
3.3632656293432025e+19
2.879987139313549e+19
3.6126403948182544e+19
2.8792806619142877e+19
1.6464605155826844e+19
2.3817899146820674e+19
3.345249287777198e+19
4.110716400583423e+19
2.625006891974487e+19
3.128565346383354e+19
2.1344650016028307e+19
2.3966938422076826e+19
3.815582394309249e+19
2.6442679660964057e+19
2.63356897658686e+19
3.1044937965415612e+19
2.1485971470777336e+19
2.6246854368585458e+19
1.8885843633156927e+19
3.3426278660878254e+19
2.8752855614839767e+19
2.6481719538229744e+19
2.1423090519046255e+19
3.840859369485889e+19
2.3960699604521796e+19
2.8760219965265056e+19
2.626847924365508e+19
2.882415235056024e+19
2.3881426596473033e+19
2.8816349511275373e+19
2.6449846400277e+19
2.852177198743971e+19
2.8651988529233846e+19
2.4044547324604043e+19
1.896910830630142e+19
2.142830969192133e+19
2.89621319308099e+19
2.1484705345315607e+19
3.397019973412694e+19
3.1197987214447305e+19
2.158969082645195e+19
3.58913682402362e+19
2.386146352988322e+19
3.092258517180193e+19
2.1440673594699264e+19
2.6287887860730933e+19
2.3824028864482103e+19
3.121697709072344e+19
2.137947413025567e+19
2.365895679353826e+19
3.6381867468810904e+19
1.9081782356354294e+19
2.85351002727187e+19
3.0887891056179732e+19
2.6236701273121563e+19
3.1328649220394267e+19
2.6344757200141894e+19
3.838075724710957e+19
2.384441350002436e+19
2.861914779814217e+19
2.3979210476746076e+19
2.4009922240626127e+19
3.1336844076593037e+19
3.365523010883068e+19
3.0917538385196855e+19
2.632510776178598e+19
1.6467533152095357e+19
3.098799978773378e+19
2.6220435860939706e+19
2.1437651032440127e+19
2.620202926972231e+19
2.614813276204311e+19
2.156215202566287e+19
3.1033064669094203e+19
2.6130211625985032e+19
2.148151045005738e+19
2.8788341942972924e+19
2.87384075595378e+19
3.1585688526035292e+19
1.889240070499187e+19
2.89636273438665e+19
3.1252149859342172e+19
2.3907902734189728e+19
2.3958312928085516e+19
2.6293064432324813e+19
3.6030181245505335e+19
3.5918971267633283e+19
2.384955741335281e+19
4.0660227164261e+19
2.3933749193210253e+19
2.6050706452646724e+19
2.8685417053701562e+19
3.1142249805210448e+19
3.1154509058346787e+19
2.6303540574319882e+19
1.6587001159075537e+19
2.8738166847463105e+19
2.856370881628441e+19
2.3750239976451908e+19
3.3416462783606305e+19
1.16734444949239e+19
3.1140439579174867e+19
2.892989946670394e+19
3.5926278495126712e+19
2.6248896114799833e+19
2.89167339991737e+19
2.6386080524937495e+19
2.8652810763100086e+19
2.387001857735482e+19
3.1051231776131432e+19
2.8656629480450396e+19
3.10812268763082e+19
2.1342001255760065e+19
2.8598788240414536e+19
2.3785790107689312e+19
2.869976458839034e+19
2.858668377603506e+19
2.1452879372363104e+19
2.8626347885046145e+19
3.3682747194265113e+19
2.615044237358155e+19
2.3844509709422625e+19
3.599947862504465e+19
2.3893995233216983e+19
3.3565715717837103e+19
2.632785447074777e+19
2.880382951673406e+19
2.8813495353818255e+19
3.611090786705673e+19
3.857405138488008e+19
3.161871798318387e+19
3.875498680100158e+19
1.904407922579864e+19
2.864931583168121e+19
3.335613658762825e+19
2.140981440676596e+19
2.6486996396044804e+19
2.889420203393638e+19
2.620614700682426e+19
3.622435766464702e+19
2.381199665197355e+19
3.13311460861143e+19
1.8921829074578584e+19
3.119437911856423e+19
2.6404226605945676e+19
2.158923426543541e+19
2.3501776232910766e+19
2.8769882963009634e+19
3.080628996756727e+19
3.1033437467461116e+19
1.912849883788963e+19
2.385504060326125e+19
3.1388298475190137e+19
1.8936162318279746e+19
2.8624176309095395e+19
2.6325599639819182e+19
2.387433684481511e+19
3.122444197667777e+19
2.8628426281648116e+19
3.1109328193425486e+19
2.862440168500718e+19
2.372653687737807e+19
3.847698506858873e+19
3.370383387171067e+19
3.1116404459019276e+19
2.384762498757361e+19
2.873540308008981e+19
2.3945389495346725e+19
2.8883191903784727e+19
3.375311020542721e+19
2.3991823295319187e+19
3.108975792576657e+19
2.386414017481045e+19
3.5920638897558385e+19
3.1324339728251347e+19
2.148828857433687e+19
2.866947246665384e+19
3.121783846645783e+19
2.8607661159680897e+19
3.1196307233128505e+19
2.1380119021526233e+19
2.8456129732647727e+19
3.1099164687227216e+19
2.881533508448127e+19
2.3906531984123728e+19
2.3915884198301123e+19
2.6367988307214053e+19
2.622624591956727e+19
2.6164168426369417e+19
2.8445470741975503e+19
2.878015959957872e+19
3.0959660989422625e+19
2.40203797479234e+19
2.863588030513074e+19
3.1195215147465888e+19
2.1591169309479944e+19
2.156510572461381e+19
2.374366107845882e+19
3.1346196659937853e+19
2.8679832106229346e+19
2.8990330316585263e+19
2.6193895977651347e+19
3.572005623358088e+19
2.635312303892213e+19
2.3757117374272532e+19
2.1306442699727897e+19
2.390525771673578e+19
2.856795506839662e+19
2.8640003156772975e+19
2.142043169963166e+19
2.8649989129132995e+19
3.1195006144368968e+19
3.111921531574812e+19
1.90412057895984e+19
2.6386874943396925e+19
2.614392893168912e+19
2.860145638383689e+19
3.144607750758557e+19
2.3892987734305014e+19
2.860824812522696e+19
3.1178018096281866e+19
2.392484284964274e+19
3.3611100521389703e+19
2.8853285566798115e+19
3.6211360050032157e+19
3.139826454607007e+19
3.3562513877117346e+19
3.120779505100777e+19
2.1392417475661443e+19
2.885717848786557e+19
3.6229866058622153e+19
2.388325611243863e+19
2.3706461963713712e+19
3.3487484856101605e+19
2.637114070933104e+19
2.388146887386708e+19
3.1154147793665073e+19
2.3947438107116265e+19
2.8649278835032687e+19
2.646325800126267e+19
3.3669283305748283e+19
2.396077935640445e+19
2.621513767824578e+19
3.130039333186544e+19
2.882271115503995e+19
2.8801600976066056e+19
2.8966092978448843e+19
2.6388266044016804e+19
1.8992652004422816e+19
3.1362469942896984e+19
3.1326235224503374e+19
2.1450766556359344e+19
2.3755926376245567e+19
3.366043148815566e+19
2.8503985755705102e+19
3.156746081800835e+19
2.1435604059816554e+19
3.126855698866446e+19
3.3581128583405556e+19
2.6277263466852635e+19
2.8845258727056417e+19
3.371494370210347e+19
2.8789176122308514e+19
3.6114082858704036e+19
2.3854459979084583e+19
1.8835017065820762e+19
2.141197571155213e+19
2.8626719636106924e+19
3.1054403516122255e+19
3.0995880221429354e+19
3.3782978110646923e+19
2.374977376913858e+19
2.634309007895401e+19
2.8685278888665555e+19
3.599388190043917e+19
2.1444873714201514e+19
2.8833531004689486e+19
2.387069124727526e+19
2.404700099134325e+19
2.8864241852842553e+19
2.873180462517642e+19
2.144201033341866e+19
2.6446988593229693e+19
3.1513887027646087e+19
2.394434985809342e+19
3.3403884192659698e+19
3.1402754953156035e+19
2.3734780194658374e+19
2.1340541616784556e+19
2.6525943911137505e+19
2.61931335371878e+19
2.3980269604228026e+19
2.382714483728578e+19
2.6364516737753723e+19
3.1113232414318834e+19
3.1333497686851154e+19
3.115433720265507e+19
2.375804118085248e+19
2.1421446755555238e+19
3.6061310072151368e+19
2.626245540033352e+19
3.3680220508021137e+19
3.122651842676061e+19
2.88828139946065e+19
2.639841453314492e+19
2.6368951533736317e+19
2.1284645247145697e+19
2.6388354024124555e+19
2.857257383121282e+19
2.84320244680185e+19
2.635806720923633e+19
2.8816069373931266e+19
2.883096329664686e+19
3.5821857717089505e+19
2.6057934770470625e+19
2.627767810153044e+19
2.4059828132113863e+19
3.132425116642523e+19
2.1640186373134103e+19
2.9041837423021023e+19
2.139124821269936e+19
2.145066253105284e+19
3.384840621104478e+19
1.908746605797625e+19
3.3570855651295703e+19
1.90346028014334e+19
3.1178578220746105e+19
3.120043820059421e+19
2.6340123340349178e+19
2.395771363192141e+19
2.3872400586193777e+19
3.842800566214241e+19
2.1231996169501594e+19
3.1216666065839022e+19
2.8909859043291693e+19
2.881365521076971e+19
3.1065776351401083e+19
3.129550820330136e+19
2.863220562593451e+19
3.1331482053505225e+19
2.9004618530384343e+19
2.643496982470125e+19
3.1033845731470533e+19
3.34260616085465e+19
1.919694740007455e+19
2.6446560215721955e+19
2.8946623809925222e+19
2.635748173154685e+19
2.6392903091008197e+19
1.8902053153497706e+19
3.134524499853063e+19
3.3734634341248295e+19
3.107830131238954e+19
2.1376100418928337e+19
2.368770274569302e+19
2.383212601490268e+19
2.6379939900589502e+19
2.870435868677419e+19
2.8665512495620035e+19
2.6126036884745355e+19
2.8763309082603766e+19
2.648082230797519e+19
3.370522536600259e+19
2.627199414047914e+19
1.9112484351414465e+19
2.876362153141967e+19
2.6207153469616992e+19
3.1112859037429817e+19
2.633538273523718e+19
2.8822446650045026e+19
3.1317033767540208e+19
2.6259475257701765e+19
3.340800501840914e+19
2.8423887727188685e+19
2.6400275278650085e+19
3.1346255926491218e+19
3.6329638863803875e+19
2.8900515984785977e+19
2.38293533949692e+19
3.1309623745298346e+19
2.4072859375057474e+19
2.8660493208525255e+19
2.3756368383648895e+19
3.364261346434065e+19
3.363225123206985e+19
3.325812852684269e+19
2.6234257185025077e+19
3.1365653710394364e+19
1.8900844655443374e+19
2.63097673611721e+19
2.6289424568865956e+19
2.1533432550216892e+19
2.880097659409669e+19
3.591984069473335e+19
2.6293490913920782e+19
3.1171305264561332e+19
2.8655195123849814e+19
2.3886843070956454e+19
1.6512574605441307e+19
2.3855577287458705e+19
3.5654733079543603e+19
2.373447498163048e+19
3.107913445347505e+19
3.3845315577615905e+19
2.618333547583972e+19
2.3643431816671543e+19
3.3750043975403213e+19
2.8747002441932124e+19
2.631912173282144e+19
2.6469737231509873e+19
3.616217589044229e+19
3.6009739971263807e+19
3.122620901864838e+19
2.8679302181577945e+19
2.62929359609967e+19
2.8934801637165543e+19
3.100888338580785e+19
2.884381305251783e+19
2.884294824134231e+19
1.671613410818859e+19
3.350967627584581e+19
3.37229921804897e+19
3.35663481485086e+19
2.860759537116975e+19
2.365180088260364e+19
2.8773701034716488e+19
1.4165659047447441e+19
3.838972658566159e+19
2.6397102178652877e+19
3.3710442388863648e+19
2.6383021500337082e+19
2.1423309501383156e+19
3.5765993326511948e+19
3.1174133390654493e+19
3.380395747597069e+19
2.875552644737777e+19
2.1654384795081708e+19
2.6303185557250753e+19
2.3917170699886772e+19
3.1133543550385406e+19
2.61853008544725e+19
2.8871593637192364e+19
3.3682111624338764e+19
3.3698381012661506e+19
3.859452916567773e+19
2.4017597905729593e+19
2.3898637429907456e+19
3.377536960205163e+19
3.1300675216495464e+19
1.43278891914029e+19
1.6424779934801617e+19
3.3546817749865787e+19
2.637522546747667e+19
3.6088024674442973e+19
2.6368086268692623e+19
1.8944722534095245e+19
2.8857050643003384e+19
3.121276254812171e+19
2.6303383269045125e+19
4.578208058766237e+19
2.8516070047988253e+19
2.887067027968621e+19
3.352579477217891e+19
3.1164423685506806e+19
3.370861830866193e+19
3.1273672194298327e+19
1.6575174777913795e+19
2.6430983961340576e+19
3.1079202179981984e+19
2.8741257305097966e+19
3.3605462629023273e+19
3.096208553029059e+19
2.3619392538721255e+19
2.125092739556881e+19
3.325910589839027e+19
2.871963158302084e+19
2.1577557388556042e+19
1.8705047241331253e+19
2.4018386717958226e+19
2.1440884303530795e+19
2.4001631014150935e+19
3.6163345624851943e+19
1.4243697018938833e+19
3.60037524432558e+19
2.1451188376750498e+19
3.1274394902119305e+19
2.1394051516678275e+19
3.370548687184515e+19
2.8563636442423095e+19
3.1327626291029864e+19
2.3784925252298932e+19
3.1316934090205557e+19
2.885464733325748e+19
3.1304011645642187e+19
3.6184733197185253e+19
2.8759540294481334e+19
2.61828226607399e+19
2.1533906960717984e+19
3.824747334701352e+19
1.6499305752920928e+19
2.6185471114700394e+19
2.6298465670261928e+19
2.368030724723266e+19
3.6097267541549736e+19
2.3983984541318025e+19
3.8582637730078015e+19
2.621500422182571e+19
2.8888867608377344e+19
3.3760925474946728e+19
3.3793297607926542e+19
2.1347881793935307e+19
2.393750036410931e+19
3.842019259750594e+19
2.5994100107467612e+19
2.6093746837446853e+19
2.1295363817071542e+19
2.880295253155697e+19
2.154634323895536e+19
3.34479314397844e+19
2.6423283612627235e+19
1.6383284923183092e+19
3.1097211896510992e+19
3.6098532539266257e+19
2.6466485934075224e+19
3.124477408070809e+19
2.6321332262594028e+19
2.15303709457062e+19
2.384159688790616e+19
2.3998335125233816e+19
2.857838288302014e+19
2.861543042017897e+19
2.3880287431043633e+19
3.394523207522348e+19
1.9097094741262737e+19
2.3905546681070035e+19
2.865534557369088e+19
2.6393928704693862e+19
2.6552304416881345e+19
2.3879192993470247e+19
