-0.0001303162479652437
-0.00012795876224387298
-0.00012359823449514806
-0.00012009098497434968
-0.00012011839943524037
-0.00011653234240064328
-0.00011372134354638142
-0.00011198191215818817
-0.00010749227685327814
-0.00010407093968414874
-9.935166195241941e-05
-9.617098705213586e-05
-9.42276399453274e-05
-9.326112464165178e-05
-9.163454982357237e-05
-8.995455142145079e-05
-8.842305612267444e-05
-8.731689848462809e-05
-8.806511727420407e-05
-8.684658247080666e-05
-8.535196145573907e-05
-8.501258276670274e-05
-8.283680869714806e-05
-8.164438649718822e-05
-7.972276216605678e-05
-7.97508117910992e-05
-7.895047289181363e-05
-7.711243018059543e-05
-7.75052127816404e-05
-7.613725001984103e-05
-7.548887596284557e-05
-7.490933812395842e-05
-7.424308434430579e-05
-7.288527262129787e-05
-7.16316561145639e-05
-7.059073821572518e-05
-7.024924141458339e-05
-7.055543958105975e-05
-6.990450627334347e-05
-6.87786957348214e-05
-6.698714666223775e-05
-6.588243101119858e-05
-6.560840497345284e-05
-6.575189305564251e-05
-6.514225377166574e-05
-6.48210792591002e-05
-6.519461856913511e-05
-6.400827745286126e-05
-6.251412587179975e-05
-6.352831109392423e-05
-6.209184761650654e-05
-6.136105636229601e-05
-6.111665236487709e-05
-5.924671441553747e-05
-5.919600085622666e-05
-5.837490661414685e-05
-5.7323791460711856e-05
-5.703076964925492e-05
-5.849480240377253e-05
-5.695920036588278e-05
-5.509426800590181e-05
-5.539864111967661e-05
-5.478392038774608e-05
-5.422483081929386e-05
-5.48319767403882e-05
-5.4788856990247346e-05
-5.502655053364665e-05
-5.531750476048155e-05
-5.488343258211562e-05
-5.422859383677995e-05
-5.509076597971014e-05
-5.447765619869137e-05
-5.4962611035012674e-05
-5.4863538497118966e-05
-5.429021904193279e-05
-5.430277505419562e-05
-5.3602430987801335e-05
-5.3243467711446875e-05
-5.2102795625277965e-05
-5.163349406858389e-05
-5.105204453920359e-05
-5.053888162365183e-05
-5.068794281989405e-05
-5.119929900737824e-05
-4.962251720523151e-05
-5.019123502144659e-05
-5.066842007821564e-05
-4.942665058209699e-05
-4.874275233575005e-05
-4.811159777562824e-05
-4.769192956801918e-05
-4.7672151224644576e-05
-4.687425583445778e-05
-4.7076128491122894e-05
-4.6757068587423955e-05
-4.742016311933252e-05
-4.692719637575835e-05
-4.7205997462798325e-05
-4.6533864709393434e-05
-4.739507467429912e-05
-4.678899858845398e-05
-4.6581371053535906e-05
-4.5958444254076176e-05
-4.6417419744776215e-05
-4.733715414423151e-05
-4.5613936958101544e-05
-4.557963176113036e-05
-4.518593589266486e-05
-4.406438556206585e-05
-4.463480716502225e-05
-4.398108312334107e-05
-4.3061543288381974e-05
-4.388950212699085e-05
-4.2807688495722015e-05
-4.1416908061364666e-05
-4.248378024419287e-05
-4.0122941788501555e-05
-4.095780416348673e-05
-4.050735232239175e-05
-4.150386181815217e-05
-4.2167060908266445e-05
-4.0329415814657866e-05
-4.03829886905711e-05
-3.9258943245470245e-05
-4.0104420164694874e-05
-4.012393455249602e-05
-4.0522967201131566e-05
-4.058881556071962e-05
-4.064511584281853e-05
-4.057511048611357e-05
-4.0802339181364344e-05
-4.049736890010536e-05
-3.987613335657106e-05
-3.9100212705778645e-05
-3.994027833363766e-05
-3.998845729963957e-05
-4.012219546388628e-05
-4.0420187293353525e-05
-4.016297572417426e-05
-3.8582421472744534e-05
-3.8182916964783714e-05
-3.800119507273107e-05
-3.921961022704771e-05
-3.853247081106356e-05
-3.7640715567653795e-05
-3.781933466800385e-05
-3.764009657229676e-05
-3.814585054189795e-05
-3.85195111178931e-05
-3.9065890127353166e-05
-3.9822084713873834e-05
-3.952520772280103e-05
-3.8981847966270936e-05
-3.9674487332511625e-05
-3.88248152847626e-05
-4.0263728604056974e-05
-4.064357549564361e-05
-4.0868920526312046e-05
-4.0669457828496685e-05
-4.0680751596853416e-05
-4.118665310670622e-05
-4.1580535185790655e-05
-4.103194105145694e-05
-4.090626047130812e-05
-4.1084039063813783e-05
-3.971616792518439e-05
-3.933039341872144e-05
-3.903567186272186e-05
-3.8576726014812096e-05
-3.734714967625526e-05
-3.795726593967562e-05
-3.775262060419967e-05
-3.726541305055704e-05
-3.832462162891817e-05
-3.761581198583978e-05
-3.693687944582457e-05
-3.642166942612406e-05
-3.500579475291522e-05
-3.505064604622829e-05
-3.5073452131150086e-05
-3.547426725466115e-05
-3.617480197809292e-05
-3.6393420924906864e-05
-3.709048407337697e-05
-3.637189554326512e-05
-3.663131994673879e-05
-3.68749075547654e-05
-3.726215409524566e-05
-3.867187842843123e-05
-3.8171157939359546e-05
-3.801778587297088e-05
-3.8905639720959936e-05
-3.9485419148587866e-05
-3.866291876032914e-05
-3.683782132510613e-05
-3.75074674526264e-05
-3.7100807579311855e-05
-3.680595209179619e-05
-3.647889591067926e-05
-3.827580170494642e-05
-3.741944062683076e-05
-3.739682492946654e-05
-3.6797049957655234e-05
-3.715767875460356e-05
-3.672629733315531e-05
-3.556303568917361e-05
-3.655153758935975e-05
-3.6682528540647276e-05
-3.6957447095860346e-05
-3.752982566193505e-05
-3.7797457749817384e-05
-3.8925563987706686e-05
-3.9602900667685186e-05
-3.895995636142928e-05
-3.915568016021064e-05
-3.878739436105308e-05
-3.8919445176833065e-05
-3.844486868560866e-05
-3.7729733675304386e-05
-3.7573575860329176e-05
-3.738078912310475e-05
-3.707152036777525e-05
-3.7462493950173395e-05
-3.7236800616719175e-05
-3.8059498264273214e-05
-3.740152721918464e-05
-3.5819331969833e-05
-3.5998029488837346e-05
-3.6261484638089314e-05
-3.512966968291612e-05
-3.5248288946200366e-05
-3.546089364034641e-05
-3.3937631222350455e-05
-3.3524632373074484e-05
-3.3614087038181926e-05
-3.438358167100146e-05
-3.343094970289342e-05
-3.399809779862321e-05
-3.4721786909762566e-05
-3.441979572892672e-05
-3.470497756131442e-05
-3.454137010892198e-05
-3.4299674384615e-05
-3.404353224646507e-05
-3.305678075304496e-05
-3.385915287826383e-05
-3.330043923428834e-05
-3.408637402807707e-05
-3.3222095764897485e-05
-3.3711682960899825e-05
-3.460750047923756e-05
-3.4697418919272925e-05
-3.4400243748677894e-05
-3.4131712002110566e-05
-3.433316278797402e-05
-3.520245054797097e-05
-3.421977534243423e-05
-3.438210060940711e-05
-3.4283176959164577e-05
-3.445297490408713e-05
-3.3865486195147105e-05
-3.380447338309346e-05
-3.3863232399906134e-05
-3.370750049793127e-05
-3.3536738623364795e-05
-3.3945041650440544e-05
-3.395179562546589e-05
-3.438468667337912e-05
-3.3391905162716284e-05
-3.3874368522514555e-05
-3.48188962865e-05
-3.4256664178058226e-05
-3.4699236022317095e-05
-3.470439467626555e-05
-3.4319930920092804e-05
-3.463256359315926e-05
-3.426583013303267e-05
-3.4139890447948815e-05
-3.420696197685579e-05
-3.4869417302413946e-05
-3.436506341569367e-05
-3.3524366800621567e-05
-3.313084811519797e-05
-3.3229669632553986e-05
-3.316333499646539e-05
-3.292896912575493e-05
-3.314213406863726e-05
-3.3036086986410534e-05
-3.332089518490075e-05
-3.372393715566162e-05
-3.259960323231536e-05
-3.348285813613243e-05
-3.3397052094288585e-05
-3.343459414921839e-05
-3.389153776138469e-05
-3.4330901986255344e-05
-3.267918118918142e-05
-3.3011446686470194e-05
-3.241286308534823e-05
-3.268293895180924e-05
-3.2924857940223e-05
-3.2698897013216524e-05
-3.2715066885834356e-05
-3.2523581332363256e-05
-3.1769807888108686e-05
-3.16571813190994e-05
-3.0513374844708273e-05
-3.0037300718874946e-05
-3.0039398956836925e-05
-2.9762895522893546e-05
-2.9758448093801876e-05
-2.9901586256326278e-05
-3.0684770603396896e-05
-3.0804565742275576e-05
-3.1151370489236865e-05
-3.108554119535256e-05
-3.125586031442422e-05
-3.14314781496284e-05
-3.157542852460648e-05
-3.248295454088495e-05
-3.198057701983662e-05
-3.129931172696632e-05
-3.118794214700487e-05
-3.0348039958712264e-05
-3.105049203171533e-05
-3.0124020971319016e-05
-3.111799493059085e-05
-2.988221428865843e-05
-3.0949336009884804e-05
-3.131930915750908e-05
-3.099563548824301e-05
-3.076231998285813e-05
-3.018185412252529e-05
-2.9890561361551387e-05
-2.9497059249142358e-05
-2.8775285264365032e-05
-2.830707213703405e-05
-2.8085575010023872e-05
-2.712883151953402e-05
-2.768223014384232e-05
-2.769510010020221e-05
-2.6916842519616086e-05
-2.6976310133856412e-05
-2.8164694244710348e-05
-2.809908713701319e-05
-2.8650509799869422e-05
-2.990539414221766e-05
-2.949777323616824e-05
-2.9520852034760605e-05
-2.9196959008846466e-05
-3.015658600176081e-05
-2.9938058004417042e-05
-3.0263334472827545e-05
-3.0360819976151646e-05
-3.0862189440220526e-05
-3.1599903229141125e-05
-3.2349179727370266e-05
-3.1719701332298835e-05
-3.108503443837873e-05
-3.0393555789487436e-05
-2.8951112957050402e-05
-2.830264363890617e-05
-2.7814800112672082e-05
-2.7870453508243104e-05
-2.8151314701837556e-05
-2.7878781448062336e-05
-2.761005069058026e-05
-2.6917600364497587e-05
-2.6796612170680117e-05
-2.658116210551708e-05
-2.682919936584464e-05
-2.6685150024369016e-05
-2.7033386383360874e-05
-2.6490881484480473e-05
-2.6990460726126372e-05
-2.6936909678085982e-05
-2.6999402473814337e-05
-2.788599293260766e-05
-2.7338259449741735e-05
-2.7797803206205436e-05
-2.7912425947660166e-05
-2.7811969024090406e-05
-2.7938662377117134e-05
-2.7973421984589315e-05
-2.8260693768431708e-05
-2.759656328837284e-05
-2.7756292049027116e-05
-2.866308191355697e-05
-2.811110546948233e-05
-2.7503874864325757e-05
-2.739993376760847e-05
-2.674652306369454e-05
-2.6242229473104493e-05
-2.599260874881616e-05
-2.588293345642914e-05
-2.4607977846042355e-05
-2.4856403359552604e-05
-2.5542701055032752e-05
-2.5107728746391972e-05
-2.5248910147908004e-05
-2.5596890703093743e-05
-2.5210080517960403e-05
-2.5890710242459102e-05
-2.5699021366394676e-05
-2.6022285763044944e-05
-2.636921305599605e-05
-2.6238121992921355e-05
-2.717540222942329e-05
-2.7085528994643095e-05
-2.660718416370434e-05
-2.6525672553732335e-05
-2.5821176004009665e-05
-2.6194551537628286e-05
-2.5895157806290728e-05
-2.56734869994775e-05
-2.6865925772451898e-05
-2.600044320354721e-05
-2.5001697563480035e-05
-2.4811364238741118e-05
-2.5018788653175795e-05
-2.5539208123788098e-05
-2.587257370544615e-05
-2.518761182188798e-05
-2.429176930928844e-05
-2.353196254666222e-05
-2.3871986707456893e-05
-2.4535131834218867e-05
-2.5384535749455812e-05
-2.4798345529470005e-05
-2.3444397205215257e-05
-2.3054606639629196e-05
-2.312609629168744e-05
-2.3902270523076704e-05
-2.4129032815970412e-05
-2.4822284844790205e-05
-2.438948912539571e-05
-2.4420362158842317e-05
-2.4257089400500127e-05
-2.4568522079520067e-05
-2.4133789405890706e-05
-2.4301391291643354e-05
-2.4739889340708032e-05
-2.4354109781496743e-05
-2.4794270252136306e-05
-2.4502116907064596e-05
-2.5291929853631666e-05
-2.4912611277411794e-05
-2.4553975688629886e-05
-2.4932672170473745e-05
-2.4636702922483284e-05
-2.3505590703549655e-05
-2.3026022096962185e-05
-2.2457015465651812e-05
-2.2620007021706208e-05
-2.188232139343637e-05
-2.201594415291092e-05
-2.2161857958525178e-05
-2.0905508992857198e-05
-2.1608232768981167e-05
-2.1190429901320453e-05
-2.126593204189299e-05
-2.18002454925294e-05
-2.0895389887435294e-05
-2.1327776940543793e-05
-2.072051851158634e-05
-2.12228456398912e-05
-2.124000180898562e-05
-2.1534276028331886e-05
-2.1362722421785025e-05
-2.170216261961118e-05
-2.105988440032686e-05
-2.1205033152471986e-05
-2.0983121430617757e-05
-2.107700297697361e-05
-2.1963739359139084e-05
-2.213691489790411e-05
-2.1323633821642336e-05
-2.0563039840824246e-05
-2.0875254483177775e-05
-2.112599927554752e-05
-2.0588180160740632e-05
-2.1072030870493984e-05
-2.0308144990445322e-05
-2.0185250899952802e-05
-2.0883358889410306e-05
-2.0736526426777278e-05
-2.048784807373994e-05
-2.0367270836787713e-05
-1.9882645372288404e-05
-2.0250529242157763e-05
-2.094887821402625e-05
-2.2078706159070998e-05
-2.186365445258734e-05
-2.1746497117823714e-05
-2.1804387196661316e-05
-2.2219647386615787e-05
-2.164477276285955e-05
-2.131544836932638e-05
-2.1725514805573902e-05
-2.1669403361523075e-05
-2.1231670029077645e-05
-2.0972857345003393e-05
-2.0789791758741354e-05
-2.0356279088041952e-05
-1.9934863370575908e-05
-1.9714825005697396e-05
-1.9866860519094325e-05
-2.1267662507145564e-05
-2.1217761968728155e-05
-2.0369317671456548e-05
-2.031068039219395e-05
-2.050398864041738e-05
-2.116093040698346e-05
-2.0462841348489746e-05
-2.013035016177498e-05
-1.9868582899949547e-05
-2.024895608580361e-05
-2.1608469641823495e-05
-2.2086145556251586e-05
-2.1556093324087903e-05
-2.151986774589642e-05
-2.0239505560042476e-05
-2.060417999153422e-05
-2.081597766071489e-05
-2.0298992374726503e-05
-2.0706018336501007e-05
-2.0409833167731347e-05
-2.1395037981198618e-05
-2.1007462607856184e-05
-2.1257439180367834e-05
-2.0446733321511635e-05
-2.082380760165742e-05
-2.1124431239311685e-05
-2.12575704170848e-05
-2.0596628962300235e-05
-1.986450917212534e-05
-2.022341046810012e-05
-2.056275136257884e-05
-2.0900653773289242e-05
-2.0250323898465097e-05
-2.0571239440835564e-05
-2.1055975324728666e-05
-1.9838734968086807e-05
-1.981349035944462e-05
-1.9668664444233634e-05
-1.9603287068161148e-05
-2.0177132009175018e-05
-2.0552007535351784e-05
-2.0502867536614992e-05
-2.0010326503931235e-05
-2.03832712739111e-05
-2.04322499215508e-05
-2.03052311041608e-05
-1.9810449952341582e-05
-2.0314743340821695e-05
-1.9664495522630642e-05
-1.9228514550680604e-05
-1.8635166068432023e-05
-1.7776561906901878e-05
-1.7843961527601265e-05
-1.83165812578173e-05
-1.8408346443687117e-05
-1.8198775958606144e-05
-1.6817973691676917e-05
-1.6477049804827266e-05
-1.6221859806575122e-05
-1.6466287585596245e-05
-1.61588716393992e-05
-1.598290725302865e-05
-1.6479035939146007e-05
-1.6835366396763777e-05
-1.656398132952206e-05
-1.676748481124243e-05
-1.736659052969319e-05
-1.8229248073314215e-05
-1.86370517541137e-05
-1.8305712055061356e-05
-1.7788026525522582e-05
-1.7851557627350473e-05
-1.792819064037219e-05
-1.7672235925500798e-05
-1.809233395356892e-05
-1.842467544419277e-05
-1.779132994501938e-05
-1.7790296759038164e-05
-1.772904990368126e-05
-1.7072919339019183e-05
-1.74585884114667e-05
-1.693322135704673e-05
-1.670425168682683e-05
-1.6388781794510714e-05
-1.646019929332262e-05
-1.6663343625690754e-05
-1.7032150464257467e-05
-1.6978368674042737e-05
-1.6701886259532466e-05
-1.6212956527144546e-05
-1.628992706375559e-05
-1.5343905639989924e-05
-1.619148679310456e-05
