0.041037057256929715
0.12245201291861357
0.1726529657995949
0.23596938030311354
0.14633431018295665
0.04939862750729339
0.022512554156559485
0.013800046993074593
-0.015485420001722459
-0.03962149981978453
-0.010415640573396726
-0.01869106888167422
0.009945960991360523
0.07155125156795192
0.06374713524969088
0.06937180131811786
0.07080786229387202
0.06677411493621077
0.049859434780147344
0.06633134955471312
0.06394003965477976
0.037301537378139245
0.0458160322504463
0.05873111723404792
0.049003037718918036
0.04369963725373425
0.04681783993469758
0.05065967126197561
0.04639165155175659
0.06027918902260286
0.049286979526557306
0.05846195086983412
0.05732137456329332
0.06662823118407417
0.051965637257564125
0.04247541767027643
0.05732538784138375
0.050108930130523664
0.047478554045988455
0.056980868672124214
0.04783618986106443
0.059612864076539325
0.05225300895377855
0.04351508059469914
0.021743988945942233
0.060170355822063155
0.035832945630385506
0.06330887703397484
0.06576676861624475
0.052969988720077604
0.05401405328194852
0.05910536559962633
0.04898826996105964
0.05784532903797097
0.05138630490681088
0.0578230511509227
0.05653854183576725
0.052484864383047725
0.04428014026402875
0.0556956306832877
0.04757005459180585
0.06123269904680826
0.047742915995143076
0.06093193989902459
0.07391049605966718
0.07117022542903821
0.03690499466136788
0.06293885750239026
0.03657553037757882
0.0410654011303214
0.0389241671870911
0.03476670751330891
0.0475719815240828
0.032735328313989426
0.06489526397220928
0.06027690880000591
0.03721605426054103
0.05052117663608105
0.038077844151606165
0.04789589229902184
0.044820634872411134
0.06378395074150628
0.06570342537533078
0.05737793809061663
0.05191202354789884
0.0572909995465091
0.05546777976538848
0.0722671246363057
0.03973116629748364
0.06764071289432684
0.0485322969681066
0.05848185719784211
0.05020592134031984
0.060230839204181125
0.04419121494585717
0.06874191925507384
0.06024384779717635
0.060347211436709146
0.06312177939064524
0.04967855365463981
0.067641189597823
0.05560258074008204
0.05752963633104055
0.07200940746676039
0.04043609510969232
0.03629674001476141
0.05174627082198168
0.04120174331452559
0.05945297395293084
0.04853852196700043
0.05290542762398858
0.04400611879235065
0.05674781439679295
0.04913908357869972
0.04282728513202595
0.05329777233311216
0.02318756572936696
0.053647186141461134
0.02548609512288951
0.0372464659848009
0.015083026429810733
0.04572820426740994
0.03142381295118765
0.05774659333164217
0.0459680002251709
0.061656289337271894
0.044161580901817175
0.050265418861440765
0.06334120424947252
0.054144735620529565
0.044269822951820165
0.03454758820158464
0.06184283350443433
0.049105204848779574
0.05921631550666428
0.03441714704968035
0.05337155925937825
0.04891063586304275
0.04027624292023204
0.051073342458241515
0.0397139429114759
0.049519617483450996
0.03950277438249301
0.0442416405270773
0.03957931469711992
0.052218941023090375
0.05040966978089677
0.05840404179481858
0.08197480805770115
0.05417285117113756
0.0351244927884114
0.05604734576169263
0.06509065272769442
0.051615214775126705
0.04974783781088061
0.08476230505577943
0.07756993378064146
0.043689387289945175
0.06737064989714849
0.06001047700152008
0.0412110217967657
0.07304373889713099
0.057616356277355445
0.05857908708491811
0.06937651466405778
0.08092910053070497
0.06692156049905827
0.06382130238193053
0.06786280447893121
0.06120178278069943
0.05992988907813991
0.0635293766045598
0.06251398622461474
0.05041174338785587
0.04853093825685964
0.05648993141949177
0.05226254304526029
0.03559171315282583
0.030029071184496086
0.050557761522078956
0.02995502314513066
0.05967290299358191
0.05893378283104135
0.03848697550387846
0.07184976491758048
0.06563241459877679
0.06281713720549036
0.05960209728046148
0.05231283065276565
0.09004913831854032
0.05595722415967396
0.06424469680145935
0.07327106078392481
0.07106044684554001
0.06194399804290798
0.06273749569017026
0.06805397037856488
0.05887766321258688
0.06111630490394654
0.04919051421004244
0.055991838272247046
0.05445323077340921
0.05610316483027957
0.05424911749583704
0.042656835612702976
0.05444409762060753
0.05290625666923545
0.044425896023986514
0.04777007506022023
0.04979926642651359
0.048570645240101
0.05313584256779264
0.04922402974356104
0.03255733392843804
0.049643085096721294
0.05447781132534146
0.04173720096824346
0.06809121996371283
0.06765138920120618
0.03293339216529771
0.05849283174784095
0.05718004137829498
0.06304597870998636
0.06744244811987435
0.06732380282375272
0.07386739417496654
0.06455103151448485
0.06616764901964753
0.061673805152100546
0.05960745307513409
0.04836117233046227
0.03576793134400052
0.05740827568634241
0.06285335535304276
0.04897415304246048
0.0657154875031362
0.029118277477445425
0.05110415752494225
0.06437066322865172
0.054812603147217524
0.06131527900557827
0.0516209668906716
0.0724842092367234
0.06533514796238807
0.05063629471179512
0.07003485991757501
0.062205625249555814
0.052373490279057515
0.060279943818723376
0.05916998235086255
0.052111503944076876
0.05234299638929466
0.05913383016983668
0.049478199514043
0.06322624668677303
0.051784241556931565
0.04370300234640362
0.07816490910395428
0.06491937502114861
0.059426846101241944
0.04761887451469967
0.04226264048850647
0.03492836169553576
0.04652772066010921
0.05128080821251152
0.0394320437270734
0.0644701136905631
0.04778517272185396
0.04133280073896189
0.07746959858815428
0.02087883716147324
0.0504417280856244
0.060687236852202286
0.05331358928405852
0.08002342954622926
0.02031233750124186
0.051608718940298316
0.037798881021983644
0.04274925320512719
0.03675322578271368
0.03969541573207135
0.04647780077842375
0.03364376086271174
0.034133494469440646
0.04477277276088932
0.04028653220652982
0.029502162139073737
0.04737454737726323
0.05586079978739791
0.03624042192111827
0.045330219729631034
0.047132105126770005
0.044540507115285705
0.06776010783613418
0.042656551460149114
0.05260728246152953
0.017626926199429564
0.048502673119030615
0.03572036032737405
0.046210026722056444
0.048823087441700476
0.055311962479242575
0.03946317153706871
0.06764825787481472
0.05241314871926551
0.035758043466894714
0.05621772492304444
0.039229205390896554
0.04528790840844589
0.03952032924388294
0.03290955559781718
0.03887110061219169
0.04748156871991577
0.04414392397221592
0.040019180888689505
0.05992224342534663
0.03753781219927111
0.04648283919905899
0.03520416070413948
0.03354602170832179
0.04332821248789077
0.0446018275666844
0.03198651508298806
0.019218963429685338
0.03363600764768543
0.03723486729345664
0.05606307348891817
0.04142334719223005
0.06494891650422856
0.04865077024118768
0.015516920815032252
0.046506367054664426
0.035352847202577524
0.04535215647235789
0.04209063235841178
0.04662739085809638
0.051079522964924025
0.06074822718208587
0.05594299830220364
0.05379570418692849
0.04115008581774654
0.046285953916796845
0.0726393807541441
0.049375115807547616
0.05476204172225186
0.04085888860195323
0.03954981522703612
0.058070653704581435
0.027668753349981097
0.04007377492315653
0.03785459241933293
0.03448982771132486
0.04062457221422206
0.055083302263584405
0.027978354461353133
0.05342321453133115
0.051699064339994
0.047944631543941796
0.05869224023384353
0.05489127105964279
0.0503722237319582
0.05894237354880682
0.03970086776341001
0.039740849010370394
0.03959739691991773
0.039301779129783866
0.05113820478113161
0.04725260070214669
0.04528229792291919
0.0636035736469138
0.05469429974996105
0.061427337324453726
0.03511606727692264
0.06273116405915331
0.0526260566311302
0.06003260429672621
0.058717494632151944
0.04208250197202519
0.04523735505063087
0.05711268877645058
0.056955785613455295
0.03636194437449039
0.05278334423524535
0.028808991265207255
0.04137834654776035
0.04274815958234723
0.04015955584192717
0.0240058450166274
0.032746768185730885
-0.0076232431064521804
0.02251897430714625
0.008142601787026419
0.015116931646372433
0.02606965120260914
0.04322971326635323
0.0267412644483287
0.016821564925420616
0.04059849876082606
0.03600474693639963
0.016833431242654722
0.028789073334472184
0.008044244135143581
0.019736974689833545
0.05773440362126739
0.025586676503600622
0.030241384455520246
0.022796355222386343
0.03150102222786733
0.0325643625148115
0.04338383293253611
0.041170449280697435
0.04817722856791483
0.06536425567335552
0.03812312734899698
0.024880717542988283
0.03888698015362024
0.03328774500362299
0.05510051876599728
0.04108154258897735
0.04565141765784507
0.05166459656148045
0.0465020643055646
0.05044319625529978
0.06624510745017755
0.05772811806700365
0.06231384070943696
0.06432754863312261
0.04541433047011702
0.0657924859336129
0.05173121859681689
0.05278297867927769
0.05260001849900517
0.06988277668413637
0.024597701306144398
0.05624746736483993
0.05437641602771624
0.037653283733460635
0.04547690143550022
0.04688716962657593
0.055328748602834016
0.05022990790678671
0.04816147204298802
0.06701726056807847
0.04857526093514429
0.059861385418723025
0.053616861847263796
0.06001290209867336
0.05880776334002062
0.05399963752952991
0.05284551496151835
0.04410981756841971
0.035667303928036104
0.0467166992775337
0.04310805247061782
0.04908631759247294
0.034432516638103323
0.04844190292405309
0.05936551401046691
0.0577968185491584
0.03814774483907968
0.03970764011696533
0.054617524651500084
0.020324769309135498
0.04510443010884854
0.06076754208792139
0.025429945994228882
0.038239869099386314
0.052616794145217645
0.05049349728074891
0.042609501328250324
0.04650807797184421
0.04761458123189018
0.07091541498623512
0.05854656406747246
0.06292310205753893
0.06001771177182457
0.049665816248980935
0.03829455841979426
0.06662577105237653
0.058722946137465815
0.053440355540563665
0.05677507953131916
0.055283910146466005
0.06840617731601621
0.06121356532633029
0.05932323182544982
0.05385276545873947
0.03722455674842759
0.03842289537553572
0.05746646236662788
0.05775766961138557
0.04000794792685796
0.02091583382571116
0.05844091346672805
0.026032227543139556
0.03238268610503939
0.04224830698566856
0.038106839819293886
0.05001161195751694
0.01434117562516972
0.026986296029968396
0.04431543729474975
0.03536553470486844
0.03418141324073076
0.03494957611999578
0.035921387581361666
0.04577346014708315
0.02992249926103762
0.04660334603222846
0.0439422090486106
0.014736672845780655
0.057747195155739235
0.02788833687858035
0.03464587332025446
0.04986912732150544
0.03125745022569188
0.054053844621025575
0.03321198410682242
0.046992127904323513
0.04408057708362186
0.051232398832561796
0.044353140931990415
0.06902173547833054
0.055839450178340216
0.02975783478986058
0.04574141435808054
0.0514716541144514
0.04747676859713263
0.04129314050940728
0.042413354126943484
0.04617932112887502
0.05420366240044435
0.0533511070103419
0.03594521165575349
0.038426419465664635
0.04320817970222345
0.039585895698379586
0.023398942193361343
0.04822600191713449
0.041551577410212266
0.04906047452931051
0.04364119425924771
0.041842937128859815
0.033968108119787996
0.03989803027447865
0.03832152791114317
0.037748977196989233
0.06060609890630952
0.02797405120778691
0.03652164828101242
0.056712035486405646
0.04608016206529336
0.0668521500709984
0.04093336395022494
0.04978278114544486
0.05543444031435582
0.0448766209915953
0.041546111443528426
0.03895818722365355
0.03455155408354821
0.031227753372621483
0.030329237487253354
0.034214655735047055
0.027873957029509323
0.037830892971854796
0.021991686171127692
0.024290437503993786
0.028155153730174923
0.043742199411132825
0.03996053832169208
0.05419057211569183
0.010877775140451613
0.049116832169669646
0.02779237377560801
0.024280129681789765
0.05429972689253865
0.016683444829174766
0.04258059038504682
0.029991888022912597
0.05794850245325102
0.03779418439498167
0.038460909483816336
0.03577834861439273
0.014726979416553621
0.026784903417272424
0.025893588451220206
0.022176137349257868
0.03135740805279325
0.030526806535716686
0.03086992778763589
0.026960040718592978
0.028306437966724236
0.030152441200765746
0.021086235181428492
0.025929899075654923
0.04061248360408677
0.04932647833980068
0.03852734398916019
0.02871038199022964
0.04625666502828675
