4.869460079405043
0.506861188483459
0.20988797575787263
0.19708340518452502
0.20301193933658027
0.11737357176564357
0.11131801801147284
0.10787534148052887
0.11040746544798215
0.09478728224833806
0.09982212374193801
0.0897722466400376
0.11154813146977513
0.1182721061287103
0.09995533529393098
0.10380266213582622
0.10420622676610947
0.10507245354906276
0.0939234704538076
0.10500195470673067
0.0998891162927504
0.09131201536015228
0.0930222583313783
0.10295119695365429
0.09489537189128222
0.09563509202389806
0.09881658286408142
0.0945562934158025
0.0949047666594938
0.10071397358896556
0.09398771698276202
0.09693713513789354
0.09491507377889422
0.10579827565837789
0.09669969955252276
0.09051175305136928
0.09983888903149853
0.09417190451037001
0.09760248112595743
0.09794040493391178
0.0963557684035213
0.10025649800620696
0.0976123262748674
0.09549819864332676
0.08073390865077575
0.10511843960180327
0.08847425791814371
0.10380880065538266
0.10491145843708957
0.1000501138192636
0.09888111834448797
0.09947120722521234
0.09826418798830774
0.10141350356517015
0.09760067025544467
0.09990532496185214
0.0998557015425629
0.0983816665355806
0.0933080350773202
0.09974500937042413
0.09410472231468668
0.10514501489146992
0.09629276850157314
0.0998618121224421
0.1100936416812517
0.10780782086981668
0.08934253564587345
0.10370856751170424
0.09151277108186925
0.09578371227339462
0.09196698168913524
0.08810376196547791
0.09927524674545836
0.08569171003721378
0.10294871749701323
0.10241149421091433
0.08889011507508932
0.0985380311117128
0.08985187913532611
0.09735056909698027
0.0935748823814922
0.10312798881420383
0.10141532254163865
0.09631035042305787
0.09637812587122123
0.0985396068405222
0.09641618592043717
0.10567983364065488
0.08958625548553688
0.10682906141435658
0.09431434029506312
0.10361105541664141
0.09629122899086387
0.10213334458293738
0.09208029601722956
0.10511679481714964
0.09972336688251407
0.09968347129998384
0.10100362222227785
0.0972868122022461
0.10612374406169962
0.09974192772750501
0.09906879164002559
0.11286000079578823
0.09173530933481676
0.09352485559604785
0.10049185156822205
0.09368890406632865
0.103791031020659
0.09687610791513214
0.0984119097529738
0.0942804170427499
0.09932586309258584
0.09614618391626412
0.0959780781219403
0.10146206072359173
0.08408964054521036
0.1037298650653274
0.08763958582723583
0.09772035134611307
0.07760127675202158
0.09761144110450039
0.08782463486271876
0.10854202619305363
0.09692967200168857
0.10020518737534682
0.09587285498640051
0.09263188509201561
0.10338246929286807
0.0962855131537826
0.0945752351027396
0.08550626343047177
0.10254598671087513
0.09808306678853652
0.10246681380603048
0.08709058717445091
0.09465931969936248
0.09373334270936472
0.09311305234829585
0.10032065799114881
0.09176926349324209
0.09568719089859062
0.08876025076541635
0.09646292230873196
0.09048282603422801
0.0957076719927567
0.09733459670786504
0.09669453878369597
0.1126167652093702
0.09731071331986675
0.0878877576302599
0.09907248754192281
0.10581343145006233
0.09436193412100827
0.0929530665140461
0.11422385482324494
0.10846973486520627
0.08639096917101631
0.09826390396941591
0.09763753586621196
0.08845609633458985
0.10766759804553455
0.0934676914303391
0.0966430603078118
0.0994917484069312
0.10902998582632453
0.09760302853667074
0.0998766112520739
0.10069998539984226
0.09906686552696758
0.0963870195189008
0.1005781243244807
0.10000324580404493
0.09321581896532465
0.09301063849556225
0.10138232716255718
0.09512848945127593
0.08827098783243585
0.08641851924497772
0.09785783811713811
0.08383923948363022
0.10019529300431411
0.09988031708807857
0.085266823362973
0.10571969014213041
0.0990104336567499
0.0983755339488939
0.09660554456490057
0.09321715344709379
0.11586298503809506
0.09237779256094385
0.0989866946582441
0.10514935188823277
0.10395380626949999
0.10025369879548196
0.09725722073818799
0.1020031747304731
0.09743862216257387
0.09933147075827475
0.09851099488635857
0.09660348282368095
0.09687238172800453
0.09757773136651074
0.09865387087618863
0.09335029539134768
0.10065630857867224
0.09390183910727501
0.09220471288318988
0.09320316229153562
0.09626653880156853
0.09468561221190074
0.09960255909849096
0.09537942479881975
0.08660050302192017
0.09574910687903564
0.09574778916107284
0.08923439798807656
0.10261176678317564
0.1041358473400275
0.0820310509039296
0.0981520325359371
0.09409523679426422
0.09845169868182253
0.09980966116267222
0.09988017956277838
0.10155511274933815
0.09320482246025845
0.09979543834924698
0.09894805049730672
0.09824250448771098
0.09477452371545413
0.09005059839950667
0.09874183808763821
0.10084201409308999
0.09432138378421466
0.10346946706650434
0.08259029817525987
0.09703957317052064
0.1352640291744912
0.2142411486970054
0.09891580138355494
0.09021338820457458
0.10504279920348415
0.098714097575457
0.09459453345172936
0.10129792346722549
0.10097910053338166
0.09091573794958768
0.09996160105974586
0.0996188223361969
0.09328868712678
0.0963110326340905
0.09904526384478365
0.09280022150940365
0.09934287518262863
0.09325821545940859
0.09009943702430637
0.10691017395368328
0.10166923549992067
0.09428746377428372
0.09372723143961695
0.08956374807490243
0.08960226064340936
0.09672175309862252
0.09414753786943576
0.08805278053990116
0.1023273832268185
0.09203005706270535
0.08843439776036474
0.10874371409968094
0.07946233651428311
0.09404344770505473
0.09875243226135219
0.0927799286113845
0.10832018074062136
0.07892967801955011
0.09853377876182397
0.09127938923322493
0.0955267775527857
0.08893297819627656
0.0915362223016995
0.09324911857644717
0.09077785502153414
0.08955257385969162
0.09044256820170968
0.09279820654127333
0.08532829658576736
0.09246694413876091
0.0985619346783669
0.08668598153248981
0.09186203246591268
0.09540863342031285
0.08721182688518807
0.10280011359740186
0.08750927130933162
0.09815941509549264
0.07814482689179757
0.09683377585477299
0.08894530607870331
0.0925127754194869
0.09304674314679923
0.0962141415587178
0.08914784445530838
0.09925130896132302
0.09612035861721745
0.08614982837052257
0.09630998030856804
0.08857738143867916
0.0923043150730707
0.09179251703123252
0.08745951322769677
0.08953032214884404
0.0911943765219163
0.09103313447148711
0.09292597761722626
0.09977077927302432
0.08645470743929898
0.09656353343140196
0.11794776952377072
0.08951234327698196
0.10488148212984756
0.0945541267455728
0.08708483684394094
0.0816223446831659
0.09010366378007112
0.08897121774929541
0.09818721873064835
0.08966508921649721
0.09978317600433473
0.09658273214612294
0.07441490288409922
0.09184015859608297
0.086686786816076
0.09079638385662327
0.0889891390171316
0.09173517915661689
0.09097461747350516
0.0981115773320198
0.09237917581642116
0.09358830874164899
0.09016829929142087
0.08683424056680114
0.10376548215194985
0.08981934224289877
0.09272348380613106
0.08852016436005081
0.08553987637990051
0.10054136688510577
0.07927385700383673
0.09134253652559386
0.08532559678510383
0.08701699994573439
0.08814434741658193
0.09822523555959817
0.07784246956860577
0.09664323677619298
0.0919381149665073
0.09003280613709379
0.09577660848972974
0.09305699638746402
0.09249549586739805
0.09739526340530978
0.08684577923957948
0.08917316711611217
0.08962425486081177
0.08787801751384029
0.09546463633025135
0.09201770034377221
0.09167897149368569
0.09868541801417316
0.09257408804087727
0.0943951463257825
0.08472384339957326
0.0933695839786971
0.0906223810657307
0.09588175656756869
0.09687804485912677
0.08785138989764231
0.08840767583913273
0.09475443015495937
0.0955071134009847
0.08585220295935869
0.0975829682968281
0.08274745154711935
0.08911040059670254
0.09308982602562066
0.09254127437317813
0.08106512955769345
0.11081906070035917
0.17380262152464301
0.29355695664330766
0.07926933336313124
0.08153906926788666
0.0855774995698421
0.09364761444912464
0.08571979134447044
0.07763476483523846
0.09546458003697572
0.08913893828651419
0.07995414095758288
0.09006673256280245
0.07551023926309965
0.08177802863496321
0.1023871384009167
0.08451123218293544
0.08825065250749942
0.08450399420258624
0.08874964493292349
0.08369129551229654
0.09065270665343161
0.0927285138103697
0.09070062609734358
0.1016290918406513
0.08831458907850363
0.08150985178158239
0.09096831842153161
0.08583420832399968
0.09606535705151381
0.08717572896016969
0.09074366968814973
0.0934263970013018
0.08964861329230997
0.08945088612812536
0.10006585013535288
0.09304319832611967
0.09576153713795874
0.09610197127417282
0.08595614425010151
0.10059510033439707
0.0914558535096822
0.09205960937672192
0.09030634713255697
0.09981698853274186
0.07988869936929809
0.09925406881504589
0.09545133807868869
0.08291763405281084
0.08791212399524671
0.08942619517997459
0.09336271744083476
0.09026897491680251
0.0907480616674379
0.09930755801636863
0.09029319613344139
0.09471427621664824
0.09252778019894052
0.0952991527263765
0.09290573194071099
0.09235988509047914
0.09462417710434508
0.09054739735330697
0.08394869768785106
0.09134913511850216
0.08799391950446146
0.09452809524480943
0.08760212651557392
0.08949595703570931
0.10149580495501007
0.09229662310745981
0.0865460814114798
0.08749801734531368
0.09490818571713236
0.07787230081373343
0.09034241729036525
0.0997793410939199
0.07863573695498484
0.09068970147658277
0.09563428060048157
0.09115814514182231
0.08843613326273582
0.09029431468634694
0.08588297030440083
0.10014162785201161
0.0918850976007956
0.09634408472036873
0.09551089408772963
0.09152336108187835
0.08393892921783307
0.10152232391690766
0.09377520552111997
0.08917579192806173
0.09304746157593197
0.09126573187057618
0.0973163344034994
0.092231720134064
0.09875507597570066
0.0919975405903878
0.08643590031122719
0.08756187123556931
0.09479155350062582
0.09502115204102463
0.08706872958551955
0.07965738871307285
0.09860977433897831
0.08087265431122095
0.08400927753084236
0.09217190935655876
0.09001581972740867
0.09558130428195
0.07373269192046589
0.08342273350529096
0.09249209453938184
0.08830635228918658
0.08650358635242339
0.08791857081706878
0.08779856286667011
0.09331822043491735
0.08111663873272913
0.0931165648141393
0.08911184925172064
0.07736882015510842
0.10096299054997938
0.07930975014136897
0.08487063604924414
0.09834734736769288
0.08164274002666827
0.09566004864043659
0.08664510571570308
0.08868099273078972
0.088271490815613
0.09132906973913864
0.08850384358730581
0.10062572546303272
0.0946455359182976
0.0821695954159454
0.08829016686865578
0.09188419169987794
0.09098430778141375
0.08905592077860126
0.08869459976752599
0.08989796014847579
0.0933506920657776
0.09353121542544277
0.08727593036989371
0.08668831521990122
0.09088347928115616
0.0909687287553593
0.08136992025430556
0.09625932236236555
0.08963638516487898
0.09456427353951666
0.08732515249263358
0.09180025370032699
0.08525358050785682
0.08988089576639512
0.09173638014881699
0.08768889018230969
0.1017989229272913
0.08504731615108473
0.08533928764087183
0.09713800168699688
0.08541893386454494
0.10180183210306698
0.0861874340378024
0.09183708281704674
0.09440706891042215
0.09118604570351264
0.08825951690475146
0.08910316422029778
0.08826480533375784
0.08673274627438297
0.08793290935594726
0.08816378863735332
0.08330140054156934
0.08972360290311
0.08353582755834968
0.08220297070565047
0.08599242692192395
0.0899307478081297
0.0925284030812758
0.09691976528200838
0.0751935511275574
0.0931558346858731
0.08420045804922227
0.08168193194325324
0.10165674646419508
0.07374033359465776
0.09339127737890791
0.08487449896832307
0.10026203882363108
0.08650166927664368
0.08963388659887844
0.09194070031797444
0.07876442279666662
0.08819282944831583
0.0870133321042414
0.08151553502237355
0.0875434835475904
0.08641224789122741
0.0891833579926579
0.08365079905423853
0.08786876306489662
0.0870700433022446
0.08140117378422508
0.08321683405450096
0.09160872907550247
0.09453342744597683
0.08667030357928188
0.08273912269484114
0.09072340669593325
