4.910366859735438
0.6291852389220838
0.3824173395556432
0.4329326986162751
0.34922613148336057
0.16665566919578445
0.13371684998963718
0.12156340499253322
0.09481455301176067
0.055061711395090376
0.08930713141819945
0.0709850077325461
0.12139986275643525
0.1897300990574338
0.16361083587010702
0.17308450986941656
0.17492566599200168
0.17175925193630434
0.14369484147539846
0.17124645744829817
0.16374380350181902
0.12852854045383907
0.13875545519921514
0.16160066760386582
0.14381868875137083
0.13925497892692132
0.1455554728982625
0.1451388499527066
0.14121891414160254
0.16091702740501473
0.14319920890826593
0.15532417498804904
0.15216220649718135
0.1723536229174998
0.14859370376776765
0.13291658081666188
0.15709402839894648
0.1442102780220685
0.14501113018572884
0.15485249708096185
0.14412497190965545
0.15980348073773915
0.14979972662749114
0.13894752739859675
0.10241275473877236
0.16522397314784704
0.12424200841363657
0.1670536696738391
0.17061571011112797
0.15295657474133703
0.1528330814714233
0.15851521205708938
0.14719133956047395
0.1591995860691424
0.14892778085130784
0.15767000127083589
0.15633692191396323
0.15080950302244336
0.1375296806778621
0.15538368153351326
0.14161968231201172
0.16632231590510518
0.14398089962331276
0.16073952808424277
0.18394930691768727
0.17892325766108655
0.12619250439160237
0.16659210953447554
0.12803341855329495
0.13679488458567196
0.13083605699379136
0.12281599175184965
0.14679226472206344
0.11837217312508815
0.16778969247308043
0.1626340993464476
0.12605256788191144
0.14900596305637415
0.1278776191002517
0.14519482747548157
0.13834446476324014
0.16686140136664984
0.16706805862055193
0.153637089525108
0.14824052593084397
0.15578041449879054
0.15183329747782814
0.1778975308665799
0.12926867875891426
0.17442166380998161
0.14279894687933847
0.16204523929196443
0.14645027617182307
0.16231710925974227
0.13622475198159614
0.17381129524222128
0.15992028949161372
0.15998347782253944
0.16407886951195974
0.1469179710580243
0.17371814656588766
0.15529792966683292
0.15655246970278244
0.18482299086948237
0.1321240668443756
0.12977598321244674
0.1521925399666307
0.1348454619033469
0.1631999408300207
0.1453699951331752
0.15127335585377835
0.13824347441981513
0.15602978835468767
0.14524246041697483
0.13876394688634686
0.1547173464161999
0.10723708297505423
0.15733609593438883
0.11308517279448332
0.1349253126040653
0.0926421374099812
0.14329931614392316
0.11920806487884235
0.16624936267423132
0.1428575679935791
0.1618213501405316
0.13999391574826506
0.1428567141259986
0.1666830283486181
0.15038967365399003
0.1388042560752688
0.12001335438064954
0.16434894688427448
0.1471491733358966
0.1616431915425454
0.12146774546622678
0.14799075544363371
0.14260355597016988
0.13334913368992232
0.15135541779023629
0.13144502374860975
0.14516880654264241
0.12822380665952718
0.14066603189955154
0.13002450137261162
0.14788879540369468
0.14770662531049716
0.1550604338688707
0.19455305356704802
0.15144450069163684
0.12297242872968868
0.1550803085513137
0.17086510298152766
0.1459374769280354
0.14266207777998513
0.19894589622681788
0.18599902700494836
0.1300394892653761
0.16559388247077111
0.15760733188060974
0.12962593295163027
0.18066975426066806
0.15104301485957372
0.15518124180811424
0.16882717771524633
0.1899193680189826
0.1644852612581518
0.16365888023197098
0.1685242135491636
0.16023130156099796
0.15627895319765364
0.16406974693139395
0.162479967241072
0.1435892349195287
0.14150396053230874
0.15783531963825226
0.14735460987409438
0.1238276968554904
0.11641254086323359
0.14838052568612276
0.11375878819402445
0.15983202218733453
0.1587777075668176
0.12371670637555697
0.17753308128427575
0.16460621926105684
0.16115579736867436
0.15617037999133268
0.14549131551757455
0.20587394988440252
0.14829699770995863
0.1631924851573314
0.17838092621726295
0.1749755884003308
0.1621608574771219
0.15995720815327433
0.17002004135051887
0.15627947765730182
0.16041129549827288
0.14766323404317652
0.15255790309661446
0.15128821645070006
0.1536441006594234
0.15286582991636047
0.1359704042767623
0.15506484007669818
0.14677154328415376
0.13659392759911027
0.14093627887605517
0.14602827566192933
0.14321845904406574
0.15269947652187613
0.14456385384417242
0.11911887683662051
0.1453530362082852
0.15018681378138285
0.13093268001210634
0.17066454181137183
0.17174950655963686
0.11492686895481138
0.15660748055584175
0.15123820603238763
0.16146021593293106
0.16721487308192687
0.1671659223459385
0.1753851049407213
0.15772003233777704
0.16592708840552303
0.16058559312174717
0.15781482867896557
0.1431004504362742
0.12578306799103436
0.15611617715546378
0.163661846804812
0.14326192366166246
0.16915056971764122
0.11167514391450419
0.14810973016924603
0.19959997261563936
0.269019332041757
0.16019637475687046
0.14179981348139267
0.17749270879560047
0.16401520047198842
0.14519777012712978
0.17129892269494357
0.1631514233433538
0.1432551428399704
0.16020832465168228
0.15875509143289593
0.14536558319297102
0.14861932934986222
0.15814469406312262
0.14224428931117505
0.16253478932021945
0.14500725676340084
0.13376821991470125
0.18504069869716963
0.16655432815766996
0.1536798550988789
0.1413122418059545
0.1317925854689545
0.12449675801434312
0.14321576752398094
0.14539480999250104
0.12745087961148885
0.1667635436547075
0.13978084390638051
0.12973380683817798
0.18617943446669313
0.10030635188471664
0.14445091887480682
0.15940497174031204
0.14605881528997863
0.18830929202872707
0.09920738301136428
0.15010823191712713
0.12904412921569827
0.13824182389631728
0.1256513326101143
0.13119727307585655
0.13969339590618834
0.12438848573300573
0.12365284098174285
0.13518217702706656
0.13305181023423318
0.11479731583622871
0.13980845582705956
0.15438941466035666
0.12289267851695142
0.1371596524841152
0.14250725866467864
0.13171893548806785
0.1705267883716496
0.1301319321134576
0.15073236778240512
0.09573907309849919
0.14530343693439607
0.12463325394869403
0.13869011849682364
0.14183690725109988
0.15149340447452334
0.12857829782835864
0.16686704002872663
0.14850173745718268
0.1218762135271121
0.1524971924178923
0.12777655188822085
0.1375621863882299
0.13128308448250647
0.1203393122629711
0.12837151861835824
0.13864526260402743
0.13514625332835647
0.13291400577872992
0.15966193888474395
0.12396126359494196
0.14301494192504496
0.15312035252443618
0.12302588113514637
0.14817771450099018
0.13912465112904707
0.11904016264748794
0.10081095769311543
0.1237086193567073
0.1261759616986469
0.15421917458513268
0.13105855169878514
0.16470113879552595
0.14520218533774218
0.08990082758720275
0.1383157630485517
0.12200945256740346
0.13611864967754594
0.13105027432794925
0.13833379371229698
0.14202583196176286
0.15883171892966386
0.14829504203603225
0.1473563269332603
0.1312906904603113
0.1330932811833918
0.17637788573348964
0.1391662935105463
0.1474574253445974
0.129350402754628
0.1250597851704461
0.15858252318920912
0.10691308968321041
0.13138711417990703
0.123150033324405
0.1214768892430045
0.1287386545704471
0.1532781783974281
0.1057899616210273
0.15003485053225799
0.14360482980393702
0.13794571742484416
0.15443776237467924
0.14791787422641559
0.1428387673675186
0.15630933511312362
0.12651883217471618
0.12888614384940378
0.12919350025347537
0.12715191711430196
0.1465752312430629
0.13924338392637395
0.1369344722652049
0.16226241051184911
0.14724156177706188
0.15579579906814076
0.11981287550319124
0.15607425763651175
0.1432214467096384
0.15588742484235102
0.15556854192443467
0.12990600524978987
0.13361769362732215
0.15183932039265832
0.15243498605882955
0.1221863352176216
0.15033837283651033
0.11152846966352728
0.13046048560904133
0.1358103886315668
0.13267307610604567
0.1050423117423499
0.14353771876819707
0.1661518810454894
0.3160485331900418
0.08738518899513616
0.09662976004592902
0.11162115807679517
0.1368514426328518
0.11243644827562901
0.09443147245932508
0.13603753634487037
0.12511857872380427
0.09676232216534791
0.11883021028781379
0.0835292740828461
0.10148911216054801
0.1600958459786381
0.11007188567546783
0.1184656671938245
0.10727411172249252
0.12022349169408833
0.11622857275263716
0.13400993216782808
0.13387243569552623
0.1388520336433969
0.16696715205088603
0.12641182259001113
0.10636489502913146
0.1298284330577762
0.11909595225006342
0.151140875838421
0.1282324600205929
0.13637006757953377
0.14506545483514113
0.13612480523685613
0.13986889466091437
0.16628666725699548
0.15074778598284833
0.15805150527093145
0.16040498525318173
0.13134508887823257
0.16636278765508905
0.14316362880722242
0.14481953138278592
0.14288323774450906
0.16967586110587474
0.1044622725220742
0.15547671209572367
0.1498033631834443
0.12054649347232448
0.1333647688993046
0.1362887982417036
0.14866733284132486
0.14047458050427614
0.1388847943291896
0.1663004650423924
0.13884366372669185
0.154551159935417
0.14611934846336092
0.15528714353287662
0.15168894028411833
0.14633458818274517
0.14744505465582566
0.13463370931007107
0.11959297606652533
0.13804337841079192
0.13107935085685718
0.14359253193079322
0.12201262651770203
0.13791569991520158
0.16084040860059085
0.1500718331447354
0.12467263730380822
0.1271843908837548
0.14950390899967816
0.09817617559908992
0.13542551609377065
0.16052616156499694
0.10404446076049849
0.12890833160943455
0.14822953839406924
0.14163028172872685
0.13102393035121537
0.13678133149665814
0.1334763490077522
0.1710360594852655
0.1504105848984586
0.159245224182356
0.15550646999919857
0.14116785357947703
0.12221292561541001
0.16812722309044115
0.15247702536483607
0.14259555908264937
0.14980147107228362
0.14652933202752913
0.1657023262232542
0.15342440123290377
0.1580575698365768
0.14582981630573394
0.12364009046858107
0.1259648850256646
0.15223776659479848
0.15275787551783854
0.1270545990102821
0.10055135856210082
0.15702893950597005
0.10688307722685514
0.11636974386594913
0.13439857056450652
0.12810134365119868
0.1455711901049923
0.08805219711804832
0.11038779372487355
0.13678655842388118
0.12365109711471531
0.12066464211481313
0.12284821225330234
0.12370023621177231
0.13907181188740111
0.11101787050979005
0.13969869321833053
0.13303368918045802
0.09208518195103992
0.15868968133711153
0.10717692578004466
0.11949604544100077
0.14819634466914944
0.11288032101260291
0.1496936439157084
0.1198354812114741
0.13565103378560808
0.1323305118173637
0.142539948820033
0.13283674556899955
0.16962685753349904
0.15046416978293564
0.11190712989601134
0.13401087323048463
0.14333543462540815
0.1384396829073214
0.13032805551429866
0.13108669555125138
0.13605683507328784
0.14753353118861992
0.14686119763387573
0.12319988474525788
0.12509413718038964
0.13407179385561635
0.13053439992169538
0.104748299789477
0.14446442412359087
0.13116771051729167
0.14360417411835105
0.13094529220661907
0.13362335210183152
0.11920187420522173
0.1297592579180168
0.13003830568588995
0.1254176879775952
0.16238447002790593
0.11300086448210533
0.1218409256975132
0.15382965488566291
0.13147866331834207
0.16863367449561203
0.1271009867389997
0.14159954818724482
0.14982184436586168
0.1360434369287557
0.12978699320444353
0.12804357379812886
0.12279851464727135
0.11794218320951418
0.11824373802584079
0.12236024618700699
0.11115854023093427
0.1275380192221039
0.105511293142896
0.10647694083551566
0.11413141950119839
0.13365696380949682
0.1324724635299019
0.15109349977272493
0.08605476141113926
0.14225589856505394
0.11197546658459706
0.10594383378823598
0.1559378350912421
0.09040547279572045
0.13595408218464367
0.11484853392121969
0.15819261426589004
0.12427818216383457
0.12807670121805537
0.12770062250395617
0.09347361091662336
0.1149599412801089
0.1128891912392444
0.10367459865907828
0.1188834330101532
0.11692212389230176
0.12003658039288388
0.11059445109977215
0.11615874114687796
0.11720582005498861
0.10247037759809582
0.10912975355016964
0.13220450985762808
0.1438436929343475
0.125181357341784
0.11143416073173285
0.1369638798835998
