-0.00013343797069795144
-0.0001233539173531776
-0.00011727106768655806
-0.00011133461521239951
-0.00010867497677771517
-0.00010900920326373755
-0.00010706278452954183
-0.00010609197096737962
-0.00010663998534885021
-0.00010841755552414375
-0.00010424178942160394
-0.00010433412512961345
-0.00010631491212944428
-0.00010656971728447108
-0.0001069636746811179
-0.0001076193791679823
-0.00010825362976622553
-0.00010908320993901445
-0.00010955992206268442
-0.00011030277237296104
-0.00011089810577686876
-0.00011056216776173991
-0.00011038713128073142
-0.00011049695122682561
-0.00011075907834590627
-0.00011048370618552257
-0.00011057203552739408
-0.00011022635522889546
-0.00011035420477408199
-0.00011063990610777042
-0.0001106921312524579
-0.0001100942677182432
-0.00010918936772773472
-0.0001086730934240712
-0.00010878900704063619
-0.00010864346852311149
-0.00010891139379684599
-0.00010824857991582785
-0.00010786158650612028
-0.00010733331582741812
-0.00010743233467040297
-0.00010640337579668715
-0.00010493325479239082
-0.00010488642952763117
-0.00010436971911426204
-0.00010270438808500051
-0.00010186261038492935
-0.00010126737895636605
-0.000100773182818487
-9.971046820282936e-05
-9.935918776766182e-05
-9.831651539291041e-05
-9.72466138101971e-05
-9.608711552573368e-05
-9.536765730724884e-05
-9.414961566038144e-05
-9.353707338540026e-05
-9.379692189843179e-05
-9.166775103389788e-05
-9.053150379958634e-05
-8.971267413401689e-05
-8.771921140858188e-05
-8.733500737714795e-05
-8.567322914202053e-05
-8.547511142051708e-05
-8.453601364565727e-05
-8.275764468215549e-05
-8.135902406558251e-05
-8.056984381535305e-05
-7.986417152166653e-05
-7.866377485557818e-05
-7.792831199297395e-05
-7.61148159374268e-05
-7.420350459422199e-05
-7.295491590272062e-05
-7.206537971237245e-05
-7.109283089028815e-05
-6.906201060001667e-05
-6.722719699610024e-05
-6.512554111675574e-05
-6.403946899808943e-05
-6.369303670138694e-05
-6.21826265929625e-05
-6.0949221145934785e-05
-5.953583414129053e-05
-5.867639097582119e-05
-5.6336199150581914e-05
-5.593563708736418e-05
-5.515265718433791e-05
-5.294788492252477e-05
-5.2186726455917006e-05
-5.190175490077728e-05
-5.136536654810278e-05
-5.03553663013288e-05
-5.070120650298822e-05
-5.009619657917378e-05
-4.947049993251522e-05
-4.7266480452470625e-05
-4.686740195701042e-05
-4.5215509733400095e-05
-4.4827341536382356e-05
-4.357669699507264e-05
-4.2924248555209486e-05
-4.3248556231936585e-05
-4.1619507380976124e-05
-4.009858961440981e-05
-4.027965803218719e-05
-3.9731483915462514e-05
-3.916957295866898e-05
-3.8377141194919555e-05
-3.873166978547278e-05
-3.791409220027093e-05
-3.722145954200712e-05
-3.627503650092806e-05
-3.547502811460827e-05
-3.424858463963923e-05
-3.370163696952379e-05
-3.300884396034794e-05
-3.217406707475535e-05
-3.096293764359031e-05
-3.0313184022536287e-05
-2.9586228349496824e-05
-2.882680962032352e-05
-2.8445478948504808e-05
-2.7614535065367817e-05
-2.5835190060136553e-05
-2.4726784081744532e-05
-2.3676150242233864e-05
-2.3172618435077872e-05
-2.2847844229545443e-05
-2.227863677454969e-05
-2.1433101238261978e-05
-2.018797041763229e-05
-1.9585728436001002e-05
-1.923252893902827e-05
-1.8471745883848947e-05
-1.8329753863956564e-05
-1.8413370735988094e-05
-1.8181325895756556e-05
-1.7832105703956376e-05
-1.7889706130238037e-05
-1.765229045794023e-05
-1.7025181072173067e-05
-1.6843960167114766e-05
-1.638116946896144e-05
-1.6009769667736973e-05
-1.5867348674174327e-05
-1.602875031844283e-05
-1.5101332456442133e-05
-1.4582666937293163e-05
-1.4426767484110314e-05
-1.5139063487787588e-05
-1.4779272057169761e-05
-1.4503719998734036e-05
-1.4884408609269975e-05
-1.4966739273894257e-05
-1.3855365726228158e-05
-1.34901967472755e-05
-1.3595849178762783e-05
-1.3454475867127677e-05
-1.3049429211465535e-05
-1.3663613236321208e-05
-1.2988359720531242e-05
-1.3183515119845441e-05
-1.2728197669695454e-05
-1.3119458750364943e-05
-1.2963714023219207e-05
-1.2612653573831686e-05
-1.2791918435630998e-05
-1.2290170833204265e-05
-1.2212473960132159e-05
-1.1904323652673226e-05
-1.2202865722289201e-05
-1.2040003457514104e-05
-1.159905539400195e-05
-1.1628171117850937e-05
-1.1695659584522499e-05
-1.1585621051870895e-05
-1.098397350198446e-05
-1.1075580508846683e-05
-1.0955115123159396e-05
-1.0847728788995972e-05
-1.0732932885450561e-05
-1.0878040414424435e-05
-1.0900234631732858e-05
-1.0853781168407295e-05
-1.0828216671563075e-05
-1.0149270677245043e-05
-1.0443282651697071e-05
-1.0311810826981225e-05
-9.68937618801227e-06
-9.76366314157181e-06
-9.624287975804271e-06
-9.600447838937935e-06
-9.428075365856505e-06
-9.148516437562648e-06
-8.418800923838996e-06
-8.056542761691022e-06
-8.2601821094823e-06
-8.465969865658106e-06
-8.105142366660473e-06
-7.656122285810012e-06
-7.5154487883712414e-06
-7.886591706315252e-06
-7.4998485895496114e-06
-8.216951461620809e-06
-7.646746668727316e-06
-8.289971573014134e-06
-8.443185036482576e-06
-7.422698301804933e-06
-7.689211843871118e-06
-7.864773131307e-06
-7.637254972136222e-06
-7.257551106494457e-06
-7.556935718009929e-06
-7.3038802558865145e-06
-7.349845089685494e-06
-7.228486517236049e-06
-7.382420776243984e-06
-7.620344569239443e-06
-7.451988816543375e-06
-7.463067112649486e-06
-7.1390127651774e-06
-7.45814662038286e-06
-8.236100592722114e-06
-7.801636603779535e-06
-7.362974443262479e-06
-7.448568682705697e-06
-7.19827873511419e-06
-7.249037354575613e-06
-6.976268286962295e-06
-7.124442925907296e-06
-6.815829216905583e-06
-7.4273641705356286e-06
-6.585948358406313e-06
-6.598330736988618e-06
-6.061512739016997e-06
-5.919230821186479e-06
-6.082977163784493e-06
-6.259387590454515e-06
-6.4589344219712075e-06
-6.496759215224301e-06
-6.145991602142413e-06
-6.257135723549604e-06
-6.2033001365937075e-06
-6.2881162543467675e-06
-5.7762672300808705e-06
-5.354649175177866e-06
-5.4125497277149965e-06
-5.444459678144015e-06
-5.048891734287071e-06
-4.915013141726376e-06
-4.893004230465382e-06
-5.268217466017142e-06
-5.136410618433729e-06
-4.956150335671667e-06
-4.740732478799495e-06
-5.212161025925665e-06
-4.762895871233643e-06
-4.690139786152241e-06
-4.637691493441637e-06
-4.868834324812409e-06
-4.224746533929227e-06
-4.144469907119996e-06
-3.9084213522773305e-06
-3.931405850520465e-06
-3.2338866381346284e-06
-2.834562767999999e-06
-3.2518595792050923e-06
-3.4082701998928456e-06
-3.6416327580249905e-06
-3.406015419106832e-06
-3.282769924995731e-06
-3.2011909822288616e-06
-3.230823313060682e-06
-2.8171184112579796e-06
-3.498049563159629e-06
-4.148449257767285e-06
-4.278836919323882e-06
-3.894652375562985e-06
-3.7434144185401517e-06
-3.6470434364533642e-06
-3.672577139905815e-06
-3.94252190115087e-06
-3.766671492345407e-06
-3.632335675809792e-06
-4.062807584677313e-06
-3.826719026059996e-06
-3.929848113470004e-06
-3.6909142461529253e-06
-3.4611093024768006e-06
-3.3186494420078815e-06
-3.586808256491517e-06
-3.873241187718052e-06
-3.3800887614723672e-06
-3.6257206969681785e-06
-3.1306199931490343e-06
-2.9655805519723797e-06
-2.9388821111262167e-06
-3.1725325977906605e-06
-3.3268579535125842e-06
-3.5021385324048774e-06
-3.1623106399190595e-06
-3.279886581927153e-06
-3.5274656056571986e-06
-3.434499701772718e-06
-3.3983133107540198e-06
-3.6772721684358728e-06
-3.7519984848936124e-06
-3.7253101114541863e-06
-3.6930162947940587e-06
-3.815986789189852e-06
-3.6597004649453225e-06
-3.3196654665236845e-06
-3.0203801928179857e-06
-2.8519296287973143e-06
-2.67611654425519e-06
-2.550439148762962e-06
-2.4848828546125263e-06
-2.578276668758078e-06
-2.8578168089902298e-06
-2.6373523549129737e-06
-2.407077884597059e-06
-2.6613612030464886e-06
-2.5795273079263725e-06
-2.2268739765142806e-06
-2.9632707782394183e-06
-3.027093187203998e-06
-2.985329375895582e-06
-2.976704840525949e-06
-2.9818561870342817e-06
-2.534305629244325e-06
-2.615691335869577e-06
-2.6540230639791564e-06
-2.6945006014172507e-06
-2.4463345023552674e-06
-2.5059358344711093e-06
-2.4356226906372915e-06
-2.126618831145886e-06
-1.8645312593434938e-06
-2.03628624673841e-06
-1.9723182748958396e-06
-2.050425662393816e-06
-2.5797961475641036e-06
-2.3048575153202715e-06
-2.007664441477503e-06
-2.2157673986210002e-06
-2.010834006026786e-06
-2.4802338640046612e-06
-2.5138755797972687e-06
-2.237871124704655e-06
-2.3478481090513435e-06
-2.241692258254401e-06
-2.261271954641695e-06
-1.996959326788783e-06
-2.038908676765389e-06
-2.281965201361275e-06
-2.5032354362617927e-06
-2.665947749846964e-06
-2.4614779809221197e-06
-2.210385218859301e-06
-2.1715592818229477e-06
-2.248044540045577e-06
-2.096552449214729e-06
-2.104646822632416e-06
-2.1513794728469715e-06
-1.924109079272267e-06
-2.2163995429134678e-06
-2.4787309135158116e-06
-2.3635775645603784e-06
-2.140020758535964e-06
-2.071042884101469e-06
-2.135549196352188e-06
-2.007893193387225e-06
-2.1443103500692255e-06
-2.23852244884116e-06
-2.52801547643545e-06
-2.6596891110295052e-06
-2.659805068105925e-06
-2.3820613198320362e-06
-2.2290408406451415e-06
-2.2556526626151304e-06
-2.3340963497713137e-06
-2.0132488333939153e-06
-2.2129024448356806e-06
-2.512121370902885e-06
-2.5354122744129897e-06
-2.5221883368850777e-06
-2.345521985402089e-06
-2.1256276288393286e-06
-2.025910285178375e-06
-2.195152205786144e-06
-1.8791178717947332e-06
-1.8196480281263715e-06
-1.8582466876838365e-06
-1.8090293556619705e-06
-1.7778139950818374e-06
-2.122567334831379e-06
-2.1010494475166734e-06
-1.5571382688834162e-06
-1.4152258140361832e-06
-1.6959188682309245e-06
-1.604309306038396e-06
-1.661236816429524e-06
-1.5679005645534534e-06
-1.9122799305757953e-06
-1.7464139336180568e-06
-1.6332571266712666e-06
-1.5417847512603308e-06
-1.5088457233175107e-06
-1.2716700911579e-06
-1.2284649983484997e-06
-1.3324248899292658e-06
-1.251496489483263e-06
-1.2742957883696922e-06
-1.4529552187853438e-06
-1.30618462802746e-06
-1.3305329573016094e-06
-1.2507764355317564e-06
-1.6717990897282457e-06
-1.8391373399796206e-06
-1.9420018746201933e-06
-1.7915958184088454e-06
-2.1414011563627773e-06
-2.100647405383755e-06
-1.8511106383392382e-06
-1.5470840673095574e-06
-1.487813338266838e-06
-1.910426448585685e-06
-1.8892624229220717e-06
-2.10143944234285e-06
-2.2309577896241815e-06
-1.9865418957684037e-06
-1.9801569473761795e-06
-1.7557873854037517e-06
-1.714423816478162e-06
-1.636177767767759e-06
-1.550493782185815e-06
-1.466894122341518e-06
-1.3181824705008274e-06
-1.6551656856860903e-06
-1.7482996974229957e-06
-1.961666600016962e-06
-1.8918528177472092e-06
-1.809510649763979e-06
-1.814660873396161e-06
-1.9212869906718527e-06
-2.2342340956199153e-06
-3.367442618932378e-06
-3.1231542484769868e-06
-2.423175678464199e-06
-2.4271136086239353e-06
-2.187128104826395e-06
-1.6449152728735218e-06
-1.4892790554418192e-06
-1.3657076928771298e-06
-1.6171983816093416e-06
-1.5607743762302561e-06
-1.8534199940544428e-06
-1.9435414357688456e-06
-1.632461843515697e-06
-1.533316946314209e-06
-1.47637888578454e-06
-1.5102466005163689e-06
-1.659081203797541e-06
-1.4809358512698404e-06
-1.5479159908584103e-06
-1.161582800845141e-06
-1.3253548681509879e-06
-1.459328639332223e-06
-1.3155894223998005e-06
-1.5482061109231346e-06
-1.228529929274093e-06
-9.098933341752294e-07
-1.366098319102513e-06
-1.2552875379976916e-06
-1.3378874935089978e-06
-1.4750069987293011e-06
-1.461267092613875e-06
-1.517086532378296e-06
-1.1414054352616613e-06
-1.1614450351351898e-06
-1.2910005999891347e-06
-1.4040580708751805e-06
-1.6312058995446513e-06
-1.5817696976228035e-06
-1.5296338128442026e-06
-1.3751257466328054e-06
-1.385212254507888e-06
-1.3894155979589693e-06
-1.5357975878662098e-06
-1.2770622473768665e-06
-1.3107208815199557e-06
-1.5032655937829986e-06
-1.5646471340984975e-06
-1.6807320207590236e-06
-1.6546198926684716e-06
-1.3549620252188805e-06
-1.4417115100793756e-06
-1.4077526097585528e-06
-1.848346489798412e-06
-1.9221830353462094e-06
-1.5359884890550837e-06
-1.3747139641614362e-06
-1.2494128126351055e-06
-1.5884169810166126e-06
-1.8942726141036614e-06
-1.6678005837233145e-06
-1.4394618556952291e-06
-1.327315883897357e-06
-1.4519092561525982e-06
-1.3390975027505191e-06
-1.4859327988093495e-06
-1.313625113233194e-06
-1.1168959120438488e-06
-1.2119776818928166e-06
-1.0660456557441368e-06
-9.239742002346947e-07
-8.683503044546971e-07
-7.612837416323041e-07
-6.715539038500887e-07
-9.235581553814253e-07
-1.078858067033322e-06
