8.356305030676035
6.120329812856821
5.337075882691604
4.702787347940299
3.7649281850227942
3.3941246564571674
3.1276714710088878
2.8242384378726664
2.5676749339470497
2.1416014652985793
2.136044142796443
1.87279212474823
1.6905049617473895
1.5793554159311147
1.4124458248798664
1.364647074846121
1.2631484196736262
1.1601423593667837
1.0226065777815305
0.9099174288602976
0.8481527383510883
0.7145329342438624
0.7456164305026715
0.6598368300841405
0.6699934129531567
0.5829082642610256
0.6032964662863658
0.48470396926769843
0.45701981095167304
0.41137151420116425
0.32097070148357976
0.3181384699848982
0.265952340226907
0.26712002049271877
0.23110728779664405
0.22653871390682
0.20470423509295171
0.2002117212037914
0.17351193827612754
0.17401895753215424
0.1710342117621062
0.1400145403192325
0.157680016132788
0.13642533876789878
0.13951212231141444
0.14805079635519247
0.11337961588220563
0.11011528556879896
0.11601866475091531
0.12269935164457331
0.0993542921815578
0.09847874220890494
0.11531228580727027
0.105434486588302
0.11396289942786098
0.09618748065684206
0.10710399848623918
0.10130033410118464
0.09564001975052704
0.09626354956283019
0.1035138830041083
0.10079782868090731
0.0858308638087832
0.09515701111029977
0.08728418930505331
0.09425563986520641
0.08966743453549078
0.09378247677276914
0.09395565222680138
0.09172446576950069
0.09506696304664589
0.08226864516305235
0.08789651387397988
0.09975177811709447
0.09792533732520846
0.09450088340269688
0.09234376948488017
0.09023153194116626
0.09102498775598808
0.10492500938976614
0.08085399875954653
0.10845673994447749
0.08994430498793148
0.106785829927629
0.07345049020771582
0.10099039025461444
0.07557538286558925
0.0926332254607517
0.09175087802689702
0.08411012767509629
0.07968385140769757
0.09908946452375789
0.08573491800433168
0.08832932010006446
0.0943429566695928
0.07462225438167269
0.0724053704752945
0.10150898650037841
0.09002123404956924
0.07057907180771088
0.08781943074964847
0.09836092551883596
0.09866109166222696
0.08535554724243971
0.0845825154065656
0.08658019238724732
0.07193461483111604
0.08891852228329158
0.09540180745668925
0.08292072627048652
0.06795587149771073
0.08547735819234871
0.0888858029153198
0.08230790762950514
0.0934622086933814
0.08691158877112544
0.09252287640853095
0.07953353995242371
0.06379503245071437
0.057405184825452475
0.07317955440196854
0.06591490669301353
0.07335573943475118
0.05997608637687965
0.0845571478542227
0.07945410021616575
0.09015630699824005
0.08229401744991684
0.0845059434381815
0.08512023902641466
0.07593633416287887
0.08261454998014064
0.08053952322269861
0.07732024445520858
0.07454006996077414
0.08720189433616514
0.07937318351334677
0.08055981518163417
0.07247903733335148
0.08190439078741922
0.09025194513468215
0.07918951297637809
0.09461910463670882
0.07345069748564409
0.08941446266029603
0.08414018888098117
0.08680677295375902
0.0987325296128312
0.08620966595682637
0.07166489756021362
0.0984649260313465
0.08788014812251696
0.0884318802998258
0.08897612409916922
0.08735209555732301
0.0998616652097553
0.08800695238348383
0.10107623430936095
0.0995949213930334
0.08436160835867318
0.10784775717363049
0.07901014936192391
0.08935658463250058
0.09858166300333464
0.05613301146703844
0.11414148186046917
0.0883112433178422
0.08802216765470802
0.06497550478939397
0.10894733504392207
0.0952373820840596
0.09178295966166143
0.09141279562877921
0.10344720853026956
0.08166105381589239
0.08713421460997779
0.09225445308435995
0.07684619834539122
0.0946103802219463
0.07674218761340644
0.07877082095051614
0.09559464921924071
0.08803396766665034
0.08410790448721785
0.0810289194111157
0.09639031044028412
0.07853476177327907
0.10578151751094712
0.08343566566920624
0.08342596851289272
0.09471829196151632
0.0857970248370503
0.08024952236491327
0.08543632208154751
0.08687832854473247
0.0897126629590415
0.08339109184721914
0.08747229497754373
0.08872245072405069
0.08565289560132301
0.08678009064796452
0.08718320908777129
0.09372867516313609
0.08672438473261607
0.08925300717282181
0.0803944540514539
0.08408056112283913
0.08541161639508434
0.08901425845598658
0.08231916596504071
0.08894033593197281
0.08438178836368024
0.09715850107156887
0.07888389067867628
0.09799739142808203
0.06945963713806122
0.0885128825974579
0.09711776140074317
0.08908598530822648
0.09201605412801235
0.09203382091632542
0.0788076840985853
0.09104176572559831
0.09044663128801263
0.06401724911724718
0.1104461238998248
0.09236045954569888
0.08986497021351869
0.08806424870943794
0.10293204461296017
0.09411074300654805
0.09136493187576819
0.09234638963826
0.09332968725178103
0.08717215106365844
0.07851166754217746
0.10514699260417659
0.06639005880659589
0.06619692366713514
0.08741768926668625
0.07324322949951657
0.07734964314776545
0.06369990890559096
0.08656453358081098
0.08719032912967332
0.0758794077170583
0.08415680458643832
0.09054189055728225
0.06862482862735096
0.08690570865381653
0.09511728944400182
0.06598352822385585
0.09503886057063937
0.07816236298531294
0.06686354559217132
0.0862875329115643
0.08667285774046411
0.08469176310329483
0.0889146854635328
0.08577588402594512
0.09594382952648
0.09266529160981568
0.09009033634972113
0.09470427960802157
0.09191045315506366
0.09193559396080672
0.09167965496532046
0.08784373703484352
0.0984427926560434
0.08904958915484783
0.0804634336471701
0.08810403102632755
0.08595759873278438
0.08822611024997269
0.08605782949150755
0.09026691718922498
0.0868632620236335
0.08471527113221013
0.09219471601267847
0.08304170604477314
0.08881319458954609
0.07605715887979246
0.09219315678167801
0.08451618719487809
0.08187621548377837
0.09241294477564785
0.09104089850846392
0.0928709726640171
0.08738074844989639
0.0832345314243307
0.09607768778044444
0.08179980816247945
0.08040872953402309
0.08896678878495899
0.08731454700822584
0.06795995901831282
0.09702918807116266
0.07941327301355508
0.08743083203354707
0.08153724850456526
0.08769041141136907
0.08857911115942094
0.08518057573729983
0.08053201252881151
0.07910089392322474
0.08121505951096948
0.07310468586734854
0.08900998550413464
0.08999157241688897
0.07571844435655153
0.09200248354956364
0.0875519902445376
0.084444989036106
0.08645240644691513
0.09547263498400123
0.08266989183388292
0.08775373505285153
0.08978865433197755
0.09562988996935579
0.08409533665085642
0.09672407992184162
0.07799597301547272
0.08742653582639133
0.0806747930804984
0.0865020929584996
0.09246186058825025
0.0851178055897785
0.08871507631758084
0.08847721926062009
0.08371452713528504
0.08484417321429086
0.0829437834980826
0.08750607529744649
0.0840738454858253
0.0874176888834112
0.07743019837026413
0.08560430479343407
0.09183254189287814
0.0855922305616192
0.07693282873907055
0.08149896014051941
0.08998616650127447
0.09328466334129469
0.09452125699474262
0.06982863830903975
0.091976768029697
0.08959554069800875
0.09581103530497505
0.08791876023348708
0.0948539153063813
0.0820351046810034
0.07951163251242319
0.09240268896190593
0.09537892934078207
0.07756469167339114
0.08527821110552535
0.09439308407376162
0.08754898006960642
0.07259597673501748
0.0947781595813397
0.09713722347066953
0.09600455859102881
0.09060640356037766
0.05901034736755089
0.10895558178532296
0.08057513742421109
0.08499432974315893
0.09566824939146709
0.08356087442774039
0.08360752185734992
0.09242387455888093
0.07848365846304939
0.09589900059016565
0.09546635253548
0.07341999785052254
0.10349687544758826
0.08088838186830309
0.07657879076969738
0.09527028349425214
0.07493961249621442
0.08892383873820878
0.10171579269943043
0.07546768304712784
0.09147084419740938
0.0871535498519034
0.08107866302777368
0.07779287813016428
0.09426208111869458
0.08402409510185513
0.08977244282521916
0.08647420398461131
0.08063406741533141
0.08627171345735685
0.0865884404271268
0.08187194525335843
0.08588161064813343
0.08855688812282796
0.08517088582918335
0.08764957182395916
0.08703919178358493
0.07702849697715675
0.08616395356573496
0.08684095471219805
0.08702800761048611
0.07928380117250176
0.0865542275723643
0.088652977269913
0.07441115580642453
0.09174468711179752
0.09497423872548658
0.0902829595322076
0.09028098549908743
0.07702148790457823
0.08773482861713722
0.08305527399150799
0.09184624530876485
0.08046148452245129
0.0710321314740353
0.0948448266995211
0.07970756760870035
0.07249360865143199
0.08523685249842507
0.1084721821682671
0.08597213559640715
0.0877441003981333
0.08761734687723219
0.0871158050297079
0.06655846296343952
0.09339605310501961
0.08780963972497445
0.07975201049210646
0.0868467565984107
0.09464412909001112
0.09868108985694841
0.07344466773972202
0.08460844565505306
0.09003495289585911
0.09316196696689495
0.0848263030889659
0.10063461192095509
0.07844758491287043
0.09910101846505243
0.07279804665774393
0.09568578396619369
0.08455196831984302
0.10114663197063446
0.07504082642016538
0.09385066968747056
0.08149304273359191
0.09286000849858213
0.09022455893886777
0.08789984573108646
0.09297707853659701
0.08395529172311608
0.08006416260837936
0.0871033525636169
0.08114236369729041
0.09146888057853525
0.0820035584199314
0.08040835777870738
0.0847923989327123
0.08774649237927336
0.08596307705335605
0.0940524827894898
0.0866070124052035
0.08730868635376772
0.0808343910253965
0.09189967732303418
0.0779296385622449
0.09752687803433778
0.08744840520308711
0.08737139658142741
0.0966444738343573
0.0844553874223493
0.08824498451968583
0.08515448565953053
0.08821553140878677
0.08896101582795382
0.08745154763858479
0.09999013268156537
0.06627853141667751
0.0928098504805418
0.09603946037733783
0.06058532105257305
0.10698974343965977
0.10433389583933883
0.08881055567270288
0.07321691039340714
0.08956154664763465
0.09485167635318179
0.09410574577139834
0.08676080302550243
0.10668888746474225
0.08484402119065634
0.0845826856720333
0.0711340605724567
0.10281746859590594
0.08429517316712568
0.10197131888260348
0.0678950705458052
0.08950743511892283
0.07845588507882964
0.10812721234945527
0.08549788904447968
0.08423665852930684
0.09825359326258387
0.08320774696409129
0.07442451981970898
0.09044140845250626
0.07847363694857519
0.08976907223337688
0.08509110267220352
0.08949673781171441
0.09249610796642418
0.08148771092259827
0.0854918277665722
0.0866684847842687
0.091855989274392
0.08888649865984917
0.07675522951892792
0.09285895426202422
0.09502772270486905
0.0877566036875718
