4.490948332273043
4.110649042863113
3.7494375669039215
3.3278824476095346
2.763851682956402
2.514874210724464
2.2938030059521015
2.0858598929185135
1.8212600946426392
1.572224316230187
1.5267813902634841
1.3662476145304165
1.2458558220129747
1.170349330168504
1.0638880445406986
1.0027474761009216
0.926245785676516
0.8620384152118976
0.7665245065322289
0.6543532554919903
0.6211761382909922
0.5145508646965027
0.5337757578262916
0.48851883778205285
0.48436427391492404
0.431401923757333
0.42534470626941095
0.3459094668810184
0.3249664533596772
0.2869859568201579
0.22253300146414684
0.2156099665623445
0.17872471241996837
0.17240215006929177
0.15111910643485876
0.14312402988569095
0.13068190899032814
0.12057625038477664
0.10327772531622591
0.10196743118755806
0.09923721744069973
0.07828075270920705
0.08715395303890826
0.0742216488561378
0.07355601644588974
0.07652945649057913
0.05554493283494734
0.051340230103904524
0.05446539175911592
0.05715000423280379
0.043130993946005426
0.043466223551569365
0.05259206930282884
0.04688852154000555
0.05181054173422476
0.040069606507089565
0.047720696315026054
0.042351878534715906
0.03808409765792581
0.03893733538615589
0.0439181592530356
0.04106471663555847
0.03154167152623324
0.036819883709988344
0.03163682261410241
0.036071601438407715
0.03359677070536866
0.036032493921140066
0.036433886274552116
0.03456722559326758
0.03680336579250602
0.0285321116178798
0.032605917344559344
0.039704319644862644
0.04022190105259562
0.03627344227447443
0.03478881112801341
0.0331973201866696
0.03493849373226112
0.042713344281834834
0.028672920307144523
0.04480668166652322
0.034708461631313324
0.04388505510197809
0.02362421789349845
0.040513574106332204
0.024373608062831828
0.03457290332477826
0.033434498503517644
0.02954086259437295
0.0260478439516961
0.03915504130284087
0.03054450950674856
0.031423702197095664
0.03534609819046007
0.02285267245919945
0.021249025869362344
0.039602132711129695
0.03151030806262637
0.022734358567350472
0.031385311535380496
0.03862799829624307
0.03807029500245475
0.030727797904714513
0.029151403158903123
0.03049720088736369
0.020957236086878064
0.031969556970020324
0.035160551993892744
0.028057623064020074
0.017830474270410308
0.02970766236786193
0.033112631377298384
0.027279552560335454
0.03525249331141822
0.0305492956424132
0.034280836178032376
0.02563915279248389
0.009525824431329965
0.006652805495720643
0.01780162158404262
0.015008397768486668
0.019328186873239107
0.012552769525119892
0.027533210790716113
0.024866090579710613
0.032293030811258804
0.027053164377083213
0.029373580704514797
0.029484590480345876
0.02332494408250428
0.027771213212131093
0.02594168738444121
0.023307680393694543
0.0217902600299567
0.029975778297319684
0.025317249878739508
0.025571004453545005
0.020376166047600026
0.02666337678137307
0.0327927767332697
0.026414018978651328
0.03587715532473969
0.022494718563169813
0.03242145647796301
0.029365867024395042
0.030377989733376756
0.038355532449741776
0.02937851561896073
0.02238897583335459
0.03787724154714781
0.03196388316125824
0.03266784636876904
0.03337546476664451
0.031636248978499606
0.04019977803848003
0.032619687621123515
0.04228376870294316
0.04038520183172435
0.03185007359134033
0.04393784523440095
0.027415804616891994
0.032721237850805315
0.03834301311379442
0.01236772068816488
0.04825443520139043
0.032042875226873616
0.03201301352506002
0.018400879851497638
0.045658919979961445
0.0372498065385466
0.03522939151421619
0.03482499475447604
0.04268481924306028
0.02824387077260046
0.0312872136202014
0.03485200958393062
0.02755383069609077
0.03594590882913998
0.02402673918986693
0.02532542240805924
0.0366494680969761
0.03172148202653401
0.029416003223293675
0.02786790787739357
0.036805108977625005
0.026773140427674383
0.043649676621246795
0.029752832751434585
0.030496417143597052
0.03555045524755349
0.029600213983884224
0.026667976533420956
0.029860175157843446
0.03140385112581918
0.03253978832911413
0.02915739406956933
0.03183689487811465
0.03227425434160978
0.029803308208759587
0.031066972844732494
0.03136776524434726
0.03544005741983151
0.031694156891451435
0.03248641546815634
0.025789568967257554
0.029360269090662208
0.03063032115997675
0.03270477247603524
0.028047990558955533
0.0330634707173046
0.030500441144865293
0.03815927977602069
0.025722740773702613
0.038202305904661234
0.020320102636483522
0.031885781542111476
0.038283029177602235
0.03213764150579944
0.034828464510904336
0.034880253828417224
0.026832442703128505
0.03392562684423935
0.033762373709872076
0.01776800908936331
0.045514531967301784
0.035319689607534274
0.03385805991711095
0.03341062958710469
0.042152579316797736
0.036351586620395
0.035776980140452413
0.03412294076675048
0.03519566982196501
0.031109261100601332
0.026132574074122554
0.04120163215932105
0.016824664879263415
0.01697666184224475
0.028859011747632533
0.020709339446889668
0.022960031051983465
0.015050620370311662
0.029328144227530665
0.029904906715875347
0.022939380586971172
0.02873873100347387
0.031214869999362585
0.01885137732606381
0.030391266725760382
0.034482272229909613
0.018308004976894995
0.034867581637361304
0.02428014806400125
0.017656476700750108
0.029684421978890894
0.03134238444483624
0.028857051350104693
0.033265191476004055
0.0304443564830133
0.03759207880222955
0.03569843379350809
0.03421978254381639
0.036946539791265075
0.03528189442328697
0.03554671255988069
0.03466575638247797
0.0323069375509826
0.03936500833130525
0.03299783391546673
0.02737739203999249
0.03220652767922729
0.0312888842380534
0.032750110624272986
0.030281976300074558
0.032466536031727
0.030740576330572367
0.02999944919630742
0.034786173430844565
0.028365180836632274
0.032805184059991284
0.02508346109114847
0.03486322921772416
0.02949457338455921
0.029002124844835355
0.03532912848660579
0.033375016327660816
0.03638673168159305
0.03191732215614488
0.029183819873903234
0.03664353098362111
0.027603507937433627
0.026767323746417576
0.03160563839080099
0.03184042268146116
0.020003745844587684
0.03589886616727409
0.025794129862557524
0.032396497291763526
0.02671950585925235
0.030911555635527922
0.03176209488385491
0.029682143974619418
0.026433327622138538
0.02487980823319119
0.0272791112446262
0.02257028331872649
0.031221326173713
0.033446496681202774
0.023966797337365838
0.03461471726902975
0.03185368487521863
0.030683478857659232
0.03111334262357559
0.036973163972680384
0.0294222683332359
0.03243138520763471
0.03382346933492674
0.03638167808441302
0.030229593487456442
0.03725247534636695
0.025561615918727163
0.031334115679447466
0.02631603655799364
0.03138750041266926
0.03439705422363029
0.03025680034278104
0.03277447992608918
0.03191024101554201
0.029365907315737926
0.029418949282710227
0.028148794929998427
0.03144236796159441
0.029869831485960344
0.03130614858550521
0.024492510587263566
0.0302998875751375
0.033944026989719045
0.02959671550488565
0.025386050773354676
0.026563869559098608
0.03259246600344061
0.03491571209328518
0.03577489598851221
0.021926285109769267
0.03318304129374715
0.033168034690718814
0.036095100474015526
0.031782065057016626
0.036157976885582546
0.027687002285920942
0.02773348511285576
0.03353848249414743
0.03674621796951844
0.02514091276814445
0.030258008606660253
0.03578634033373629
0.03142622035945981
0.02214804040805365
0.03687155501773724
0.03785604343463022
0.0369079028793539
0.0339296063211245
0.014010226126545323
0.04466084229777782
0.027282149269460487
0.030083973141602025
0.036796290355806165
0.029742606740015057
0.029794624591102967
0.034586652537557085
0.02571075870856965
0.03667535357078752
0.03764026782905253
0.022482839685891612
0.04167519755652532
0.027815714593117054
0.024412135786126152
0.03582845660410105
0.023986936220899223
0.032480110550442566
0.04063759039854631
0.02424414255298101
0.03397988275839732
0.030105890307235175
0.026807333379446602
0.024808880269455796
0.03533175164424252
0.02977862796979025
0.03359057895767574
0.03074177495481518
0.02743246634132587
0.03068499999264112
0.030660351557442202
0.028357878939893385
0.030560472859808493
0.03248964642138722
0.029914370825281367
0.03163006782818299
0.030492853441347296
0.024620603567273764
0.030345295634693823
0.030364699744117946
0.03147190492779303
0.026441361599315243
0.03035574782317361
0.031968174333003564
0.024081513312501975
0.03389904275536537
0.03682774906628765
0.03351791993571589
0.032689163396403625
0.025039217004534573
0.031376018199639824
0.028692027236908103
0.03385108066991401
0.026627711009664032
0.020962906268855126
0.035521109559788155
0.026237392973584624
0.02266934062986715
0.029917116602882744
0.044640031102328344
0.030001890387099522
0.03228350013288526
0.03156016229011304
0.030804190652382272
0.019197855871215534
0.03465816971057883
0.03175124693303727
0.02673419933193005
0.030162942758313594
0.03684467436889043
0.038532656912978455
0.02326802648917342
0.02929414350051397
0.03352893962918852
0.03537094307561906
0.03053953069835328
0.03967139228927688
0.02659082697489514
0.039094175119848494
0.022627463518270257
0.037048587899726745
0.030363551256819988
0.03993004293722781
0.025138031523853827
0.03501774363551074
0.02831819718166326
0.03561659742307921
0.034625173442495556
0.032274566657053166
0.03422271460473824
0.029197032641297062
0.02623801283681622
0.030453575785773304
0.027492328826785803
0.03357325181977313
0.02757914327322886
0.02682439538721855
0.029510322521225762
0.03160052793279577
0.030663391630514524
0.03536824865911443
0.030776846018404913
0.031328459512979655
0.027074419579003008
0.03463779155147047
0.02570208362214124
0.03779162035341589
0.03223232091762698
0.03186439705851416
0.03704814016998101
0.029503946788183664
0.03205518189531106
0.029650725671000636
0.03191688783430996
0.033161740454558566
0.03184351525358999
0.03827099158930091
0.01913542961701751
0.03453691167647216
0.03619111894020954
0.015628570807166398
0.04279096737065209
0.04294218813928847
0.03339300650315216
0.02238468742893579
0.03311803013113184
0.03724888927446535
0.03529281382305691
0.031751812590160765
0.04383089406809841
0.030408134983959965
0.029888367070816456
0.02207064733419639
0.041906297975919396
0.02924980326430299
0.03983919274894736
0.019184909468122686
0.03250123335903761
0.02643218128427039
0.043967039768512434
0.029792035627626598
0.03031025833065192
0.0387783908786682
0.02788004750887362
0.022791851335205136
0.03316677707928018
0.02577388019909939
0.033016353906490485
0.030127297194961173
0.032837269013264
0.03528705327771604
0.027549238173434368
0.030114972348271225
0.030419703783431593
0.03503791574263372
0.03215390361505202
0.024891180121518957
0.03549858363560186
0.03621475684743088
0.03163262895697978
