3.8654901733765237
2.0098040892527655
1.5877555278631357
1.3750162714949021
1.0011851678674037
0.8793594547189199
0.8339755066312277
0.738484647984688
0.7465214668558194
0.5694855589706164
0.6093669819144102
0.5066488480338683
0.444755447942477
0.40911265939760666
0.34866473697699035
0.36200721447284406
0.33701088005820146
0.2982130251824856
0.2561916230318065
0.255674478597939
0.22708749685149926
0.20009263126322857
0.21195106034596953
0.17142848944148192
0.18573989847388406
0.1516168243968143
0.17806233130395413
0.13890472976490856
0.13216371261156523
0.124496197163199
0.09854839155540014
0.1026385956730407
0.08733681935028961
0.09482654141835295
0.08009696967828159
0.08352332855216586
0.07413123769757267
0.07974371946273515
0.07034207586772166
0.07215886132863279
0.0719044248573482
0.06184019146916958
0.07063099409883412
0.062308575603394555
0.06606047492331037
0.07162404479458928
0.057936544972471894
0.05887632381099348
0.06165404478088021
0.06564905644537737
0.05632265634978047
0.05511083433834406
0.06281746393069625
0.058642051866851175
0.06224772613853789
0.056212024530395865
0.05947683996592577
0.05904225313749451
0.057647590686638765
0.057416745432867455
0.05968543625293443
0.05982083123750412
0.054376528096886784
0.05842280035408644
0.05573284024229416
0.058268575090914966
0.05615342020128782
0.05783134184132975
0.05760233531920956
0.05723710365665074
0.058342259903796594
0.05381446062730482
0.05536671250772018
0.060121661700451606
0.057776390986803636
0.058299506403720724
0.05762605164200067
0.0571032733656466
0.05615372185308773
0.0622767916522347
0.05224511819676711
0.06371375271477378
0.05529802573056748
0.06296172456171077
0.049885807297407436
0.06053549211042432
0.05125811088901873
0.058116257559651364
0.058371532568708064
0.05462221240338225
0.053688194724516226
0.05998632377729966
0.055241774323468024
0.05695597337415585
0.059047559254731125
0.051819678148827875
0.051205813906227166
0.0619541192964579
0.05855779317565835
0.047889928688080265
0.056478946505544275
0.05977650231753404
0.06063371998472856
0.05467099790962843
0.055472731765789485
0.056123089177820544
0.05101765965720495
0.056988697688883316
0.060280424825703866
0.05490148043116698
0.050164128965339984
0.055807609354647306
0.0558103939697433
0.05506463025768216
0.058245190784621696
0.05639654252176674
0.058275741507084325
0.05392739639545863
0.054301382603052145
0.050783341929603085
0.05540824638536343
0.05093609594489233
0.0540563813267419
0.04745176275475667
0.057051551338428486
0.05461384472795404
0.05788800375392804
0.05526452918823522
0.05515553523929646
0.05565849536886582
0.05263366910378234
0.05486477060744969
0.054618024421282683
0.05403215003629717
0.05276904283628727
0.05724458705562239
0.05407426423894671
0.05500722313299775
0.052121052966238215
0.05525884523701209
0.05747705844517511
0.052793146102116086
0.05875897436187817
0.05097282228704828
0.05700938796552901
0.054790331727753466
0.05644465026517327
0.060393025901598424
0.0568462518742308
0.04929050475609704
0.060602111655932205
0.055931404902814674
0.05577881297884652
0.05561516298912465
0.055730731348292185
0.05967685367124012
0.055401120358146726
0.058805955581080455
0.05922331518063752
0.052524988818913695
0.06392296165442811
0.051608008712243574
0.05664833380231777
0.06025183372414456
0.04377801856205154
0.06590016775477964
0.056281332180906946
0.0560217655568312
0.046587417498589134
0.06330070620975815
0.05799978780381095
0.056565472351100585
0.056600003678781485
0.06077442939679783
0.05342878137822621
0.055858629207628276
0.05741413915529847
0.04930395325466704
0.058675455456026475
0.052726523212801954
0.05345635302006625
0.058956027733018765
0.05632321799460512
0.05470277970441832
0.053171911366427176
0.059596056415914346
0.05177244919602974
0.06214199147473734
0.05369327594884313
0.052939863649841684
0.05917752598269055
0.05620657489276849
0.053591168929751104
0.05558574747365828
0.0554839049716695
0.057182023960810444
0.054242116660596085
0.0556434573748937
0.05645645712502301
0.05585805233926154
0.0557212228474852
0.055823098900369725
0.05829613282918357
0.05503811459415234
0.05677409113671344
0.05461310195879868
0.05472793920825307
0.05478958431989528
0.056317928096709345
0.05427859891564227
0.05588455457383623
0.05388921241884908
0.059006859877934824
0.05316840738702852
0.05980264351058465
0.04914683881573952
0.056634451475782464
0.0588419609130002
0.05695572596831391
0.057195209314186986
0.05716101804998918
0.0519827044604776
0.05712327659488298
0.0566917146771
0.04625747595340587
0.06493939446428647
0.05704813374994466
0.05601435867496408
0.0546608183067292
0.06078671426512301
0.05776613269789288
0.05559507580115818
0.05823026511173409
0.05814144684789846
0.05606947600698242
0.05238569184349706
0.06395142173681122
0.04957131368931956
0.04922634453082887
0.05856493748903561
0.05254034842722691
0.05439610900357365
0.04865543452413896
0.05724264674175244
0.05729162559056511
0.05294631476728962
0.055423850084368426
0.059332375407505494
0.049778863332735804
0.056519886435797584
0.06064006646629423
0.04768043809498732
0.06017617261431252
0.05388748379997336
0.0492122065795299
0.056608067263061036
0.0553352144600537
0.05583992361700019
0.05565425684460654
0.05533621778998237
0.05835638835023229
0.056971726598791204
0.055874778165553626
0.05776188483891579
0.05663246740945257
0.0563928120285989
0.057017133488821294
0.05553963418620137
0.059081035587363516
0.05605516386254189
0.0530896836408199
0.05590091009194461
0.0546719971489018
0.05547919959331361
0.055779084088639
0.05780319815071729
0.056126183837365645
0.05471997106304535
0.05741282109206972
0.05468041883745732
0.056011753898257244
0.05097734469096535
0.05733359931753232
0.05502555603519655
0.052877857260262735
0.05708744814440322
0.05766994470658784
0.05648806848061772
0.055467355999952325
0.05405440216060155
0.05943761787448938
0.05419961902348754
0.05364499231800437
0.05736502323729487
0.05547750426384692
0.047959839129963745
0.06113345356514821
0.05362210778806072
0.05503727458775617
0.05482091602439491
0.05678218251022582
0.05682051942612116
0.055501593323424456
0.05410196562655843
0.0542246125298194
0.05393938285370286
0.05053780070649316
0.05779233705252409
0.05654882792240152
0.05175537171128851
0.05739145869245896
0.05570212139819677
0.05376517022959888
0.05534238207619637
0.05850249188952148
0.05325047574364222
0.055325026695544906
0.05596773515168864
0.05925069716759026
0.053868322618878806
0.05947446115673161
0.05243699468421535
0.05609482763191828
0.05436141751885701
0.05511717262964409
0.058067033121075765
0.054863968308871754
0.055943623281872044
0.0565699629413967
0.05435159697663039
0.055428205212005054
0.054797522795314975
0.0560663226669511
0.054206667550338004
0.056114233944278495
0.05294013508022405
0.05530692351122315
0.057890949892596556
0.05599764243233949
0.05154864210635424
0.05493712679912838
0.0573956739408179
0.05837100234169226
0.05874894021723706
0.047904658109809345
0.058795735385054004
0.05642972149026509
0.059717946538988216
0.05613917554728687
0.058698451304091855
0.05435034000278952
0.0517804946929503
0.05886644766164514
0.05863497129713113
0.05242577626978835
0.0550222420742592
0.05860902663463583
0.05612526385185237
0.05045060275767285
0.05790906684616437
0.05928339040479981
0.05909882768128927
0.056679045437620236
0.0450022177842374
0.06429684450133488
0.053295139384527616
0.054912280463255365
0.058874176052184056
0.05382074638842963
0.05381525970207384
0.05783936166061232
0.052774970856710124
0.05922578169534413
0.057828092736263687
0.05093930261926009
0.06182391577256987
0.05307519405793685
0.05216931453906
0.059444485880577796
0.050955057964445306
0.05644595742655488
0.061080458520266875
0.051225874490606095
0.0574929743897743
0.0570498727942602
0.05427384190261364
0.05298653333089673
0.058932851605977006
0.05424781236976672
0.05618398994422303
0.05573445555682366
0.05320379693204394
0.05558859318709718
0.05592990914502969
0.053515924506175976
0.05532294731730452
0.05606901905356118
0.055258637806400654
0.05602160600873713
0.05654789553955197
0.052409308271196026
0.05582035318231927
0.056477858867639535
0.055557765242142176
0.05284400796338629
0.056200392787846234
0.05668654949404299
0.050331277382345156
0.05784718631408536
0.05814799817923743
0.056766311602237135
0.057593050355521536
0.05198360461240204
0.05636006115864103
0.05436452129999032
0.05799661693521417
0.053835080309699364
0.05007055498874531
0.0593249686456357
0.05347184736209993
0.049826106959237504
0.055321678284627314
0.06383394181656722
0.05597238758077415
0.05546270101689375
0.05605903583435485
0.0563131602982489
0.04736209441370402
0.05873979410658089
0.0560602822376845
0.053019911516457796
0.05668604608195332
0.057801440544426444
0.060150412255181716
0.05017839654420431
0.05531601696991577
0.05650764876761689
0.057792573909346875
0.054288238573532835
0.06096453731879592
0.05185841225589124
0.06000859053232349
0.05017254501222991
0.05863908801156168
0.05419022628965859
0.061218401660712865
0.04990471598262397
0.058835161781798186
0.053178212884813544
0.057246534322173546
0.05560180869383308
0.05562770643378966
0.058756551741120905
0.05475990385748446
0.0538276391569525
0.05665114247240126
0.05365165234901584
0.057897190330550075
0.05442626815145979
0.05358590570708307
0.05528370927876005
0.05614749750194068
0.055301161819639115
0.05868574530602648
0.055831825267523526
0.05598170761592113
0.05376151962062487
0.05726304709409865
0.052228880489173415
0.059736717205781206
0.05521739990665363
0.05550854610494123
0.059597561182454226
0.05495235165581107
0.056191168521316004
0.055505014973907515
0.056299981865315485
0.05580075185101193
0.05560949402861297
0.06172065821906122
0.0471442426304118
0.0582740999543323
0.05984963383167409
0.04495815444880953
0.0642004055974002
0.06139328979457227
0.05541908010625495
0.050833598947009215
0.056444902270315934
0.05760417554814082
0.058814467375095075
0.05501026746888573
0.06285930305647736
0.05443739044265105
0.054695882390324885
0.04906509448415958
0.06091282800054894
0.05504672452807426
0.06213356794502873
0.04871156936009916
0.05700805044661348
0.05202562482669376
0.06416170674806031
0.05570722776465118
0.05392764946087622
0.059476792350268134
0.055329593697276254
0.05163433651010004
0.05727607001049014
0.05270108418145145
0.05675417059459365
0.054965143425103564
0.056660954439296175
0.05721036879918896
0.053939589356573725
0.05537806650122198
0.0562498472774258
0.056818998540536715
0.056733464413823986
0.05186480973274089
0.05736104282192313
0.05881388830379225
0.056125053881595915
