4659702405966507.0
77696263190148.73
62876225105161.484
18627374420726.52
18639605363143.11
5447892708010.667
3203030011600.593
994441429333.3334
1822396404015.4075
3477291228577.185
1556292057315.5557
666659895296.0
189870173639.1111
229446903296.0
304518130640.5926
113527434628.74074
571898830753.1852
336803533805.03705
339320862947.55554
220555065988.74075
216054100840.2963
200817066590.81482
165013352661.33334
145831146744.2963
232108236534.51852
168019009275.25925
139917812318.81482
146464309589.33334
108728053549.03703
160363574869.33334
96449303488.0
747485089829.9259
147544960573.62964
166368338413.03705
66753411723.85185
39680058851.55556
73206974466.96297
83552730946.66667
103311794820.74074
133516248417.18518
537820839746.37036
125418557970.96297
229219336229.92593
167889824616.2963
176036875301.92593
224835605959.1111
259325837729.18518
115529863717.92592
162271995520.0
231457202503.1111
104446013129.48148
323636174317.03705
192394704829.62964
218720695836.44446
182330609526.51852
217378533565.62964
165203937540.74075
124862648846.22223
362208656899.55554
1656938452309.3333
880650704744.2963
221305843522.37036
512073438473.4815
606340916261.9259
466905064220.44446
321871898747.2593
361040742115.55554
194807315512.8889
625738390945.1852
355036791808.0
324094311348.14813
394171602109.62964
343987535644.44446
311089566603.85187
245593353661.62964
292964545630.8148
192914512516.74075
247225230980.74075
265569270452.14816
580590593590.5186
662655093153.1852
285144657426.96295
222978056158.81482
320823064372.14813
268633251361.18518
273901582440.2963
480334359134.8148
396803003960.8889
583243984592.5927
365044614238.8148
392399153948.44446
267560246539.85184
288970674289.7778
150354192545.18518
181963686580.14816
527535118810.0741
406524495521.1852
745765834676.1482
492744141482.6667
377429140897.1852
361610993777.7778
373573613074.96295
214265435401.48148
265129023907.55554
404343726903.7037
294068468318.8148
217565508833.18518
267907590267.25925
200712729538.37036
422907057592.8889
260651184567.4074
295738866443.85187
393506638298.0741
300430281272.8889
307628916157.62964
379319152766.8148
390571991779.55554
348614901622.5185
253262736944.8889
352488053025.1852
325027148866.37036
616762443510.5186
292995229089.1852
337488525174.5185
281849706823.1111
252463644571.85184
200962790704.2963
542915095855.4074
406384039082.6667
392476186434.37036
382118218315.85187
480772339408.5926
491430229333.3333
397464089261.03705
523859199419.2593
406476718042.0741
453229168573.62964
217523687646.81482
229890994232.8889
265191224794.07407
263498095855.4074
228631138787.55554
245888388257.18518
251212749748.14816
203075424981.92593
195050803253.33334
140541133501.62964
254121580041.48148
254594584016.5926
241378880137.48148
208878325040.0
273687257125.92593
259283590174.81482
217882996155.25925
193793268790.51852
208895126432.0
174955482308.74075
188917099939.55554
159345342581.33334
210240434459.85184
105199240707.55556
135481390073.48148
142921296592.5926
99980618762.07408
129443671218.2963
102673497456.2963
92913102980.05896
124775935406.58044
133715589136.30049
133170173863.19676
133468662958.72685
89570703865.62962
98805697481.70096
120713393637.07292
98226480007.50926
108904472300.44792
86084523593.55556
108318542901.26982
96875915547.53806
128292785611.88889
96608055625.72946
105888412564.86111
95909652793.07408
105245528828.35301
166703678321.9861
113589324674.42404
104334024677.33333
82889470949.5
132768676713.75
102082596396.5162
140524464084.2963
92485846734.44444
100640836147.40741
70507060112.67174
110464204999.25926
109353011964.2963
118343267223.7037
98016188661.14822
106937404858.1279
116297637709.81018
116671676169.33333
78110752160.2963
115713526091.59259
133613724256.71297
66750439903.85185
95097454984.87038
85159463286.83102
84641280008.85185
122424213493.33333
56121095285.89815
93020797176.62038
110909708520.97685
83535455706.55975
109802655263.95421
108960033305.03241
127043963264.22772
72087851180.12962
72602278054.56033
90151702773.03703
116154437162.49913
62587215363.34259
89203627635.12962
116071455675.48148
89114428117.66667
88110842747.05788
96393446790.77547
104626330147.40176
86665501835.18518
85848436446.58333
77456459428.26302
128505819721.68982
93678741794.02777
100892745826.98148
84202675355.34375
101077445606.36806
133667825059.01967
100004918366.40741
99221008310.07408
67769508814.888885
57548685843.3967
90363838441.12962
40615894504.59722
97712153158.76389
56603440487.71991
80756065041.36458
80032594141.01787
80109345435.85185
118312180171.85185
102261072828.85185
79243665555.25926
86255244798.26389
62889706229.77778
86064825066.10648
54201512602.15741
99474170824.30498
90974883599.86111
68497493583.82494
75806294547.2348
98205266247.77777
45525045523.958336
75035595764.89352
82369297632.7657
97151417252.2743
82001261239.28313
59744069309.21296
89749022869.11111
59463112644.0
51937753349.486115
65188204976.3206
86399867289.33333
71893613965.11111
64553072870.39873
85777092620.0787
42641190015.22743
77717614087.2963
64078001747.583336
63409094154.333336
83910865310.78241
97754219230.81482
97073447450.00926
55290128098.98843
61796647329.02416
75201947531.7037
82523197845.62038
67957419782.673615
41007241594.36574
81580014798.2037
60538104282.27778
54146150839.48148
53550034542.60648
66521492633.26186
46475271778.80787
66349812313.796295
59517633508.59259
78884181625.03703
64688089665.19242
84367103094.46065
57907375885.85185
83316524832.90205
57929702801.916084
57888615620.55093
64199171644.111115
63701938232.07407
63099641249.59144
49900282150.05324
62415521730.83796
68536519089.83449
79930243559.25926
55599373018.73249
74576272275.06525
54852596520.58536
90726657619.7037
55967573936.59722
72079825325.14635
47892316885.19444
59590994097.37153
53415799520.71239
35885042296.81481
54112729981.21615
35306191154.76932
58430781111.270256
58308988172.25694
40716702183.15046
108051294373.92592
63285676317.25694
68448525560.21644
57494537656.21296
56712997816.25
57590736694.703705
56111487127.625
56524163335.234955
67043694619.796295
66773256808.4103
66740425156.35185
66461054096.35728
65805042459.18519
49532296282.068146
81192212639.93512
43521260574.308235
64901442353.19329
64391043885.51852
63983274378.48148
69330531286.22223
64016391169.25926
63112688291.203125
57833281853.8996
51786751260.65856
46735131155.09259
51659529929.77199
46581947195.68771
87564207180.81944
40751111043.296295
55454760567.55556
50789885133.02778
40272755685.672455
50513250004.39048
49985012235.773544
50068586664.28588
49667806545.50463
49392549553.77778
49248852254.72222
44368946220.94907
43781150460.52778
57897855070.51852
53588077087.30787
53199850417.61603
47356864351.45949
53608383647.40741
57089757077.296875
57338819850.166664
65901121792.0
46240773050.53704
51075643842.55498
41294343274.65538
46416755493.85185
41442771505.85185
59071256533.31271
50004652831.70949
45147348494.59954
40620941947.38021
40464805261.943016
49286281411.79586
46661242023.111115
45359147112.333336
49439315205.08102
44462924743.25926
43161463200.703705
47228380037.77778
21441184537.1603
63099865116.74074
47256196485.92593
47003514220.87037
46225528041.01157
41575098188.41319
37778483600.51852
57410488055.703705
49453372950.584076
37092675515.39352
45203192365.50926
40842342145.95084
40821224939.74566
48045348423.53704
52666308952.37037
40105462316.333336
43931471916.65509
59755504669.39352
35895350180.74074
24231569451.84722
27405769889.75926
51670054660.888885
35338652776.74074
46147451025.74074
26912828573.287037
56958569886.51852
41440136018.06655
30486530415.74074
45575022835.4809
33733764851.23611
33909442191.703705
44352606579.111115
58684425207.333336
33324377112.67014
25647130240.462963
40440757454.74074
53711918034.65741
42859908151.59288
28591711097.586517
46149615186.51852
35444223308.74074
28346559040.1875
69818154720.34259
34900420717.03704
41860027366.37037
31242623661.20486
54866953562.85185
40875315259.078705
36948291777.48148
26996341771.88889
33537571582.36241
29858988980.03067
46230647710.18519
17204121286.231194
33040491272.075592
29506345916.402092
32727887815.842594
39510972260.176796
25920853934.522427
35646505486.37037
25959015076.962963
35714055073.65336
31901248471.817276
53484980872.046295
28433920925.87037
40883841869.48148
31425216528.61111
31316872099.185184
52693696603.27778
21909052474.148148
39848758975.85185
31503432408.74074
33138838644.90278
32976758978.25347
32779661166.74074
29816583197.50463
29591999810.65278
50679903620.03704
35932391201.06713
38213436889.87963
29325694088.929398
28720823521.180557
35017044672.333336
31688739553.24537
28541863584.848454
34668929138.11154
25425204312.037037
30909356163.407406
44867967435.74306
28380907426.48148
27634682295.73148
41390698642.578705
27684905722.828705
28273283191.185184
25422369230.06713
22283241953.750362
32468527051.96499
32838990151.06167
29429789616.5
29550933067.660446
29099724271.88889
18538533181.61111
26243651387.95602
34733222001.69907
26063118128.407406
28509581911.25926
28510816600.296295
28399845494.27778
20555642429.534107
12970031363.351852
35460221823.06597
25193443473.43942
30474760151.069443
28031502073.185184
17765624663.876736
27232569157.462963
22229521224.708332
24495897417.432293
29419273870.29572
32030706380.810184
17370896066.074074
24452800407.368057
33673424060.27474
14426671087.231627
24304924410.51852
21269062650.287434
28369379857.554253
18669930269.577545
23627389388.148148
20897256405.37735
23013863976.483795
27727713645.525463
27174122946.185184
20624351877.84838
24803142448.311344
24929657311.560184
29160163489.28125
20161505437.351852
22381659822.523148
31246369659.851852
22894634167.407406
28730878660.47967
24218596090.037037
26285527889.898438
24050486965.037037
23749164776.56597
15142704677.804977
17330826650.127605
21607168116.400463
19161216621.50926
21144382403.916668
19872258085.412037
21272184670.88889
30740317959.092594
21209024752.648148
14528858042.738426
16470987437.50926
22401460177.806713
24557226449.541885
16426428327.87037
22139873819.13672
24073364493.77778
18141344214.83033
23626246284.769096
33307136456.366898
16747824800.48611
23461242797.8342
21730340497.497684
21835414438.51852
17655942355.98611
19110846019.944443
30342677150.608795
11462832939.164352
18792298928.851852
24414981263.805557
18564611054.50926
18654272865.998264
16611077382.185184
25815857582.046295
16705648181.729166
16431811702.622902
21536984972.074074
16693579491.962963
18072582821.314816
28402007798.666668
21315911903.824074
19314261734.25926
17757680262.60894
19426101377.29861
21303501392.074074
12394489242.680555
22526140561.354168
22198865787.46658
23719708332.6101
15526074161.661097
20197895368.54514
12247682618.962963
18498903263.24074
15066332957.166666
20143348416.666668
16532992625.88766
16643963470.625
17881542338.75463
16429732244.407408
14935720667.390047
17624996670.685184
11218951660.412905
18238242054.675926
12726667445.078703
18766340737.703705
18894968384.627605
17018849935.650463
17022714768.969328
15868826039.925926
14147441318.74074
29286014780.390625
15902930503.679688
19795283545.349537
10916485249.773148
11979934120.978462
16219914103.507812
18034224651.324074
12045660810.536531
14138194736.444445
23695141178.60648
20457050613.62775
15139361361.666883
11477863064.86111
13036732557.037037
16904241256.703703
12803398644.53125
12868322862.863426
15410097070.582176
9866244562.055555
13809613138.435184
12481062659.26389
16395965994.518518
10012391456.085648
12470503938.87963
13756508222.914352
14664967806.228588
12044156061.75926
14634165402.201426
13295541896.24074
19773554116.756943
14796987854.314816
11894839947.755262
16741357688.57986
9224892458.145254
20496347395.94213
11514037486.916666
10223768840.164352
13775257151.793982
11497638550.12037
12602338204.0
16211356648.369791
14881203123.332212
7573110267.175926
19637278157.14645
14588359845.559029
11140339289.644096
9874293791.25463
18472843867.703705
8500021201.111111
13338938852.333334
14858482321.833334
10633138156.88889
15159926511.002316
20527992690.444443
13763370714.814816
17674792243.185184
9068287464.57118
11270682373.731482
12275861983.534721
17140003433.166666
13801507455.444445
11018689555.761574
10916856218.511736
12031685836.269676
9280131712.962963
9763292250.023148
7547546595.469908
13906864409.585648
11685427983.440971
12054118128.262587
11724698354.430555
8464007982.055555
9298180783.25839
9609701896.86111
15653178722.148148
10427383976.972221
8140520177.911458
9244752770.744213
9295578552.685184
9082447978.893518
13765222696.351852
11771579287.440683
9809246681.787037
11981158269.320602
8273114515.833333
9798890802.300926
14597384838.925926
6760872928.842014
9548788834.508535
8916224145.796297
11560003794.907408
8532354829.12963
12210746428.224031
5812462190.666667
9316634571.274305
8316408855.634693
10177366457.89587
12874562463.364439
6458775436.932653
7882832432.074074
11775418036.00926
10712124335.88889
9896071789.365334
13309832399.222221
11631569617.88889
12260969505.537037
9551375603.518518
9544784706.518518
10549424619.309029
7845944510.412037
5073049647.787037
9305880971.1875
8465524541.434028
9292406039.430122
8442973403.652778
8224978032.662037
6734262847.551505
9961216092.907408
9133938116.601852
9945152469.875
8953195996.996529
8990122411.54438
8918291317.816551
8074008085.232639
10322813218.11111
6428200677.043982
7406065716.962963
9504639157.768518
6946335032.685185
6178314137.761791
6957515707.513202
9175938016.666666
6931162511.185185
10583062159.174479
6030268091.456018
12168974537.309172
6702026112.021575
5271173460.319445
6941880165.502315
7833386658.888889
7569177020.074074
6674030621.763889
6826746230.574074
5862173022.680555
8625646684.643518
8128817682.638889
7804363312.518518
7818935736.037037
7199728967.759259
8969626300.527779
6493332725.793982
7646155696.822627
6491660722.592592
6782364385.703704
6912945929.777778
7995121893.0625
7300928078.875452
7081374721.409722
8075535817.368634
8294224053.761574
9721495443.650318
4056649846.1944447
7935993159.143518
7641105121.720233
5716208688.828704
6958174576.020833
7012768002.546296
7595979885.493055
4529210311.564815
5788094052.5
7072092163.824653
7383430476.662037
6207508878.49537
4964455013.008825
6717844835.023149
4356024290.754051
7855898234.333333
7180422508.268518
5979942634.768518
6484889062.481482
5935111272.111111
8790931160.731482
5253284586.20544
4717050315.740741
6180415301.994068
7058724982.055555
4866877939.180555
5768692733.0
5137921895.943034
6185255745.72121
7273839063.136574
5147852317.740741
6227664339.845052
3839909972.5925927
5526266672.37963
5011535619.483796
4406465342.125
6322002268.481482
5442958095.011285
8476727907.277778
4622765652.930555
6884615329.37037
5410583087.951389
6212228395.324074
5662120003.62963
6663934996.135995
5587580278.953704
4244246689.0694447
7006618359.72989
5910339898.958333
3990310651.9461803
4647617460.055555
4498235098.898149
6747775845.796296
3512864086.1561594
4980424142.721861
5364011232.0
5770198697.768518
3829512552.571759
6206534401.564815
6661499170.444445
3394982197.919271
4679421192.739583
4667283631.296369
4881155248.111111
5560426522.585359
7103571375.542245
4755900272.740741
4282528183.069372
6625516469.552011
5368956607.594908
4891751490.395833
2326414751.6064816
7485554946.703704
5296942744.037037
4414507503.259259
5158471438.576823
4748527277.488426
5531140772.221643
2565576708.953125
3846313270.1296296
2955175494.721065
4294248191.3078704
5174314552.652705
3898473958.846065
3478896325.9421296
3416118117.662037
3751758413.0555553
4460100682.987196
4493300866.171694
4806667126.407408
3315883625.867911
2025895366.9305556
4384846346.5
3955236972.079716
4845194840.865741
3139418167.335648
2843141566.399884
5193843653.565972
3517829952.296296
4144288284.834491
4540191776.322338
3763427490.1666665
2615647809.5925927
3353062479.9884257
4105120654.773727
3340998383.3333335
3634053554.0185184
4385575658.296296
3501860005.6666665
3898339129.3703704
3363237907.865741
3979957356.871383
3196665555.973235
3671183288.134259
3363928217.330295
3811446156.015042
3967125188.0185184
3535858184.664352
3578476778.7291665
3416687859.0833335
3752315667.1759257
3715838687.170139
2749399873.902633
3791335601.5324073
2891487202.384259
4685817491.356482
3652027399.365741
4053343346.101852
3616758987.883536
3262288715.775246
4814213396.246528
2045319033.0046296
3183743949.1203704
3558077232.920139
2818292097.9502316
3553594946.614728
1895740463.3241465
3870590569.867947
4332098792.590278
2800716538.591435
4057003635.9652777
2803387096.0115743
3088877462.80353
2494789121.8425927
2438428667.111111
3299996463.7154226
2820389556.4658566
3375684897.537037
2444822029.689887
3537175520.75434
4358321439.740741
2904350860.273148
3192540899.2534723
2890837076.726852
4137255509.888889
2560958972.564815
3783760316.615741
3072315239.47772
3228462542.4259257
2795547767.712963
2471395346.939815
2799410397.0625
3503999447.388889
2903271468.810185
3059959825.249421
3233581530.1805553
2687557637.6678243
3334234829.0
2430526566.5769677
2968056217.15625
4393423212.828704
2612504461.046296
2819062578.0
2808249002.050637
1559232682.351852
3124307445.726273
1780942645.65625
2760896264.451389
1840277440.2870371
3041863837.9652777
2938730256.5
2467720185.431134
2416415433.8336225
2705974195.532263
2167068855.954138
3035950471.910012
2166364957.611111
2616276190.1396847
1872906385.0278502
3022323527.6582756
2175055941.1944447
2104895087.1666667
3134876693.0740743
1798679111.7442853
2501286795.134259
2481867853.978009
2022504620.725405
2233309180.517361
2292018754.609158
3240767579.6916957
2335328506.0115743
2632180603.265046
1788932188.3151042
2763140957.814815
1370644169.175926
1708782126.5134187
1712789709.7118056
2440168294.2105756
2409544263.156829
2017508830.2916667
1861789122.4398148
2750925877.1473885
1463186317.699074
2869520966.974537
1521216304.4347513
3037033101.9597077
2461937722.391204
2640709965.2242475
1810671885.256221
2426598211.8564816
2201683736.634259
1995859080.3255208
2323682430.3333335
2276815065.537037
1874199967.0410879
1798158652.0833333
2736769197.8856697
1367574987.7037036
1826397149.5260417
2092811436.2693865
1937409728.0578704
2154021140.194227
1039186499.3125
1682919419.5914352
2397421564.5970774
2305746324.0925927
1678631418.5462964
1659935868.126881
1469483503.3680556
1457303054.515842
1457823383.7314816
2076886567.1851852
2427986522.6296296
2102030583.6707175
2074766364.8611112
2213936571.7152777
1455979710.4796731
1700579465.3472223
1675401126.2158566
2125877005.0925925
2161031326.740741
2820271587.037037
1211978775.1111112
2278071868.9947915
1711438904.3472223
1687781745.648148
1738346384.3614004
2275722614.688766
1437996816.821687
1894495727.7685184
1599358875.9915726
2189453934.4444447
1665590914.0774739
1676889530.9386575
1580023858.1367188
1421892243.2870371
1864651296.9074075
1521801995.6618924
1340590500.2164352
1588083947.875
1649468025.6828341
1635542223.9583333
1334008868.3541667
1579803143.7186234
1171722889.7592592
1687425212.3854167
1431496182.8382523
1269657689.4444444
1660018234.7246816
1572674588.949074
1556975682.2135417
1155420810.3703704
1423871680.4444444
1538431581.3564816
1275204690.1111112
816856536.9314237
1129663276.9965277
1747345392.8975694
828278903.5231482
856309586.2199074
1745809222.148148
1988696595.6872106
1446240343.8298612
1331531972.7638888
1428426537.2583911
1588384443.7476852
816907682.6828704
1625246746.5
1113772176.2708333
1379505938.7826967
1125505684.2077546
1688750813.824074
1925489619.3703704
1170631872.4351852
1161459206.4814816
1313681178.2546296
997043401.7267795
1730515685.9814816
1146877177.3015046
1930413704.4166667
1399203203.7993345
1336452476.164352
1382894761.212095
1503284309.519676
1188908943.6666667
953577051.8101852
1300312002.2546296
1140122784.0917246
1071913189.1388888
1057346639.5416666
1554785715.75
773345911.5972222
878997129.921875
1701468680.2592592
1168918368.5949075
951094023.9465423
1199345996.4236112
688458700.615162
1853012511.4861112
753518094.3171296
1538649066.1776621
1149634935.5162036
1335350443.297743
1106912168.8443286
1314512389.375
1179032984.0370371
1166526017.590567
998201758.2381365
1120036009.633608
1098539506.4814816
919403640.7546296
1044300419.1342592
648628428.7008826
1072680465.425926
1126737952.3796296
1163006130.531467
751901044.3969908
941551921.3425926
868692354.9282408
738462805.238426
1002391767.4583334
834045996.1388888
894364944.7916666
1083635312.0
984418994.6481482
927563137.2037038
1048425007.6851852
874765709.880787
1148635745.1313658
663744101.5
988868161.5555556
921742518.8773148
882949660.5046296
772343102.09375
898882515.6666666
897812806.8184317
1339777340.421658
1029189110.6967592
898105901.4585503
850476622.6725802
1051611108.6342592
607244949.488426
933225784.5668403
820800973.3425926
713634571.0973127
1091463963.4201388
862323368.837963
715483452.7233796
974950713.400463
1144740708.2592592
918543478.9027778
750604242.3572049
964612926.1390336
623824379.6944444
730058974.3007812
992975465.7106482
646311930.4266493
1100096326.8842592
811655896.1653646
755663998.8994502
680578341.7783564
377510862.3599537
947372950.7592592
713823389.958912
768459668.9270834
684486565.8454862
1086948734.0092592
216110184.33796296
713087298.3605685
811016258.0833334
844111743.931713
944000648.1550926
1033735471.1984954
629467860.4907408
815354559.5231482
767020080.1332465
587587351.7337962
788502507.7361112
723488751.125
749672789.1840278
828908984.6342592
833893477.136574
1219326931.6378016
707193896.3602431
846211362.6226852
869422839.6261574
722369814.3428819
654535090.0555556
794547706.6944444
834610988.5127314
570474853.7655889
639669396.3425926
475678287.3472222
1075416339.88954
399490742.78284144
746922468.4201388
960276234.11943
752817313.8356482
595681444.8930845
641355015.3041811
865778267.1111112
789877632.2270689
438963213.44285303
594104399.5975115
535348478.6342593
678176515.8125
612224963.6628327
613906772.2597656
701064589.574074
550034451.0416666
645628905.7743056
439850597.99869794
463244874.1429398
750805722.1736112
554994102.8414352
660848113.3475115
569447351.5798612
515969968.254702
483051342.6296296
574339845.5534577
483334724.5341435
672174985.0185186
480648138.8900463
601103068.368128
410271354.7962963
492761673.9467593
685566698.8279803
522694337.7662037
526946470.2083333
650641656.1331018
537506210.7106482
497384867.7928241
522822716.5057147
529258470.1108218
611927285.6615306
581828589.7708334
528616991.2962963
518709440.416956
503437715.9259259
510154335.22670716
481642942.96889466
562192155.2430556
398894994.6990741
617999814.0648148
607473160.2592592
346304124.5601852
584279196.21875
614247050.9435763
461646678.5044126
441011786.7199074
342847403.8009259
586989443.1805556
430922131.4490741
408782911.2271412
428118185.0321181
454049395.6765046
506113314.462963
750540928.6203704
342558062.3425926
478385069.6516204
413049377.71368635
487622819.6950231
471145863.5
674633034.087963
396972904.1869213
525151559.1805556
487617038.6666667
541676692.0925926
396214246.2106481
467453046.931713
446366964.5856481
370714354.6481481
410656991.9930556
464738837.3981481
416653149.3564815
491668324.3333333
279642954.3101852
369623421.2575231
523647117.1571181
455631993.4675926
446653922.60951966
433200348.8425926
398030394.5648148
398697154.4398148
333917917.1209491
455536522.53660303
347277220.7369792
434814883.744864
300055451.24327254
365092833.6941551
349998462.4363426
412043089.01027197
342072204.8156105
283733993.6660156
414593461.7627315
309474525.1226852
233077322.19907406
490560275.89019096
427160826.40625
293334798.3217593
275860381.9305556
392166545.8049769
418111375.8969907
346910789.3055556
496438389.75
489856071.4800347
350360341.8926505
299030213.6736111
345102384.3573495
394937941.1941551
246745374.84837964
333903394.6799769
335641594.4907046
450528779.46310765
255704701.3925058
454818114.0902778
302389927.9649884
325955196.2465278
283920030.8587963
463214591.0
244811453.91087964
343235917.51316553
348249900.462963
353657336.760706
311097821.3321759
282628223.1284722
331325446.6875
323667177.8657407
636275714.6730324
411135041.1018519
251586014.6574074
241477668.27430555
320139539.9930556
362859020.3055556
234012445.22685185
372825891.6631944
319139055.0462963
266850996.0277778
420371029.6759259
277687297.4166667
217333263.94429976
144339563.429796
299274096.0619213
324977443.0326968
382404995.7962963
247940919.86342594
240112580.54166666
254254426.9952257
264508932.66666666
358190675.21940106
198694337.90769675
277526221.09375
208318355.73654515
335666432.85778356
166796554.88425925
312266519.6984954
304707950.87427664
288654598.1944444
222924429.0451389
302449792.335612
343575959.662037
283975667.3576389
293294825.21875
271564531.9537037
184438015.77199075
266109265.64814815
278948311.2418981
173599188.19567418
315342184.5934606
371407210.8706597
258613573.60532406
168536945.21773726
210389327.5434028
158474140.46028647
269220211.7384259
292313123.2650463
257046467.4027778
182173912.1869213
307424841.6956019
230217210.20635083
217585719.2534722
222771339.0788484
280866045.8622323
291480374.8425926
160652646.77387154
296118582.30946183
215544333.05787036
253520407.75
269307703.7222222
249969004.47685185
306088262.7384259
267623935.12962964
232972481.14814815
143482307.3744213
241530415.05092594
200199311.61313656
249778943.3726852
262523928.75694445
176402833.5648148
169631092.9328523
257578293.3287037
199284526.8935185
194976557.3300058
238429387.69907406
193946689.04166666
192318071.71195024
218596641.1689815
116575046.77083333
195341653.95399305
170107229.1226852
227240854.57342303
178019934.1550926
130193001.59027778
174518676.0972222
227882066.96415654
272095101.2777778
279736385.4351852
219396929.0162037
120213563.02314815
179524201.9508102
217293182.9759838
160548281.15306714
186369825.6898148
176278253.8935185
165716837.55787036
179469944.4357639
150933228.80266204
192828180.4487847
183221723.2372685
276335487.3240741
234761848.3425926
170840392.32407406
103852649.11494502
137441894.1412037
155280571.24822772
165273545.45775464
128431160.0295139
177804022.52199075
121971471.42592593
143833840.0950521
158714040.1689815
243210244.4722222
182174884.16087964
168655357.94444445
192178309.2037037
173651094.47916666
159097715.4722222
119752118.375
112743453.52575232
111181178.25180845
170622736.46412036
198198652.8425926
180277006.36400464
184390269.7643229
264735942.62962964
282612413.9166667
184244560.3912037
178273994.50462964
125656780.2078993
148361639.4007523
126687809.4861111
163559178.78703704
200571655.5737847
295825646.5706019
171607118.349103
166620108.2735822
149903482.78826678
122603433.3671875
135270167.25925925
164277154.4788773
197232702.85185185
140756316.8611111
139144042.8096065
73111518.71137153
159658251.6779514
221659124.32060185
148441603.37037036
183476518.69907406
120478286.80439815
122444407.69560185
92923495.55092593
181386428.75925925
111739549.3113426
112829527.42418982
164244496.24421296
128367082.5787037
119326460.52083333
229730009.63657406
180288553.875
112800013.52893518
130832852.83101852
172653014.1898148
215821799.87037036
170109012.0648148
202208975.9375
49227260.784722224
108746863.3425926
220414517.07407406
150922731.3912037
107120277.3738426
147517519.17592594
154062445.07841435
165929938.33796296
139028162.6412037
165994985.5
120066335.63425925
96944244.20167825
104882228.95341435
146498341.3096065
128368365.56539352
146468927.85185185
118837771.7581742
155272706.46484375
192806733.5980903
129425200.6478588
104336152.10054977
80829658.61154515
84273792.48987268
74042382.5630787
104447501.76663773
99005953.00890662
87239866.31890191
70489905.23987268
117584674.463397
80826978.93981482
100923150.55324075
108335653.94733797
117120290.05367477
224452193.38020834
185658948.9079861
84309412.33318865
128052225.57407407
115675642.2037037
135098174.3148148
98201200.7391493
54775400.12037037
88850949.09722222
103097395.87037037
122726017.82407407
99179494.9513889
89968894.45203088
117795561.02314815
98715907.11823641
129131015.17939815
105457063.88252315
88117000.2986111
116765614.41478588
99332996.05150463
95601935.46672453
103553072.7806713
59911489.88093171
80948140.75848162
109531252.63136575
62909876.9693287
148057271.6383102
110399945.36342593
96687126.66001157
58832161.878472224
76260479.1537905
81686551.68836805
100631245.2410301
66686339.00549769
75568380.73846887
152528981.369647
64177661.246527776
95812680.57002315
64019730.31481481
69517767.30873843
108976765.14467593
87878498.0462963
153008134.2517361
97409211.7644676
80394355.12123843
70960215.1087963
67714743.22569445
79695443.67860243
71990965.86805555
83380455.0324074
37854011.791666664
87745974.90769675
57695444.74030671
117144280.67708333
78827720.53935185
59077276.71296296
73603168.07407407
70319760.60185185
67158577.1111111
77726835.46296297
64578247.833333336
48745908.76765046
73493097.61284722
51231209.78703704
64764042.9537037
72828126.23148148
73647967.53703703
59157753.42361111
88053530.48148148
47068543.30555555
53471569.17115162
51513304.22106481
62897987.81944445
58924486.87037037
90648887.17592593
103497399.21412037
129534245.48090278
83741251.15632235
52838535.66189236
47614373.8900463
84687912.22171585
56353896.27893519
87977877.2337963
65848904.49074074
55979815.15017361
64275766.45218461
122058145.03038195
53716552.76388889
34627647.95081019
42417881.02662037
46954506.54861111
60938921.027777776
64253899.7037037
51928916.277777776
55506862.4537037
60631842.2962963
69907033.81481482
64216417.65740741
62099605.731481485
103255302.93518518
53419947.92824074
54368143.95138889
59807516.68287037
52845450.55324074
62663063.24855324
67843416.52430555
67703175.7824074
56181835.19212963
69764949.22685185
68632563.30555555
49458593.106481485
58729612.96643519
75150070.67592593
42706719.7037037
42339212.87037037
101320915.78703703
67540245.62731482
61274346.46759259
59347258.800925925
132334268.6087963
88933515.53703703
58740862.8380353
50804125.2782118
45030205.24074074
50393907.85185185
73434923.47974537
57377368.041666664
43579914.34765625
28530565.136770744
57196762.965856485
59047378.641927086
37020695.88102892
57583682.74074074
54503129.227575235
56310130.21701389
49676055.10525174
48669475.89959491
52985183.45428241
36104599.72511574
54825989.480324075
65410668.186704285
54706100.94452809
43592504.18250868
38311620.93677662
54464607.89959491
45618603.57609954
109673549.11574075
44847017.244791664
42423942.58470775
49988255.4068287
102984711.92592593
60107483.003761575
97237810.72916667
46932722.69979745
49788877.356481485
45584368.23828125
52631149.93431713
58812323.21064815
41471497.04832176
57404056.49768519
43574349.05584491
48268368.01793981
46903191.95891204
36205550.9874132
43870865.68547454
49669246.98611111
28122877.778573494
41055343.700231485
43192918.424768515
21671395.88570602
50634935.9375
115904736.56481482
35963238.10040509
77206400.01822917
30399130.386103876
53520259.21122685
45461522.11631945
35488520.91435185
40779284.93055555
47017013.73611111
25303422.837094907
49651691.7662037
41028643.117332175
39081251.536440246
41564328.42795139
37243831.76523393
40692410.955078125
69156526.38194445
30230966.204716437
38316052.596643515
42404529.65265118
23782084.857349537
41185266.81481481
32721711.055989582
45900970.21216725
41735741.4092882
41569978.111436635
44334566.31481481
42140965.5462963
17328431.587339047
36348483.59346065
43821282.520833336
31775073.974681713
40253464.34953704
54961845.574074075
34820435.762731485
59358604.503472224
101276594.40046297
34558903.8125
45620752.699074075
34657659.41521991
79435254.3287037
55254226.17418981
43989866.65031829
50839023.70543981
29402788.76070602
50263279.0083912
40210827.64561632
42526633.092447914
52119036.993489586
54700945.071108215
50543728.34346065
33295816.54976852
51644395.417824075
36396337.19444445
24129931.836516205
53771535.098958336
48495279.7974537
31493335.821180556
28076417.001446757
63518774.07118055
28330993.021122687
26812938.310908563
80014268.41898148
40586285.62413195
19869108.59866898
24902075.73046875
28932037.219907407
25729721.623842593
28159282.685185187
27321617.087962963
26127415.62962963
46184146.19560185
71379859.92592593
67988489.64814815
72076005.1111111
65957601.675925925
67150684.10185185
61214192.199074075
75913977.83333333
61792172.28703704
67012357.222222224
28128243.236400463
22677057.462962963
21831552.416666668
25916045.23148148
65806491.31481481
75783891.62037037
64665969.472222224
25600631.736111112
23460197.192708332
50118597.356481485
67003460.706018515
24695404.18851273
22082475.96875
55809990.197916664
44970604.909143515
50491475.355902776
48104265.45196759
69091221.75882523
25894599.332899306
68225853.30815972
18299082.11689815
25337691.128472224
62619787.42100695
39317990.55787037
20435773.941840276
18118733.677517362
25343858.771990743
35415489.18894676
62428893.62962963
65199624.36053241
55340851.34490741
65038243.86574074
58106544.64814815
61331093.2962963
62965324.12962963
54629913.75925926
67173230.73148148
61678853.81018519
41976737.715856485
43002313.0462963
63784860.77893519
63734234.78009259
23281178.2776331
19724338.09664352
18903706.12962963
15662669.426504629
19027524.475405093
14098187.523582175
24289629.86255787
57260326.99826389
70139281.91435185
65837719.738425925
59409037.083333336
65651593.09259259
57353386.64814815
64487642.21296296
71977641.82407407
23428449.532407407
21276971.907407407
62674221.541666664
50299742.64756945
22401361.821759257
18598193.50289352
20333396.658564813
17207494.743417244
60485812.597222224
26144396.71404803
15776092.074652778
41859358.02546296
57314814.035165295
36333117.47511574
47914853.14814815
22555760.43323206
45312616.61516204
20284774.361979168
16669322.587962963
57550910.69328704
17619163.651909724
20065405.489438657
60069997.14337384
46814545.40798611
15478387.99569589
19577573.707175925
29958497.513057
27143989.498408563
13143897.197265625
17102647.20804398
13426219.7421875
16954955.188368056
18557188.729166668
15383807.265335647
18756593.855324075
14878345.094907407
19777609.3572772
21769749.271990743
16620847.837673612
21484573.24537037
15437944.363245081
24826831.825954862
11137953.38136574
22867859.37962963
14349616.582175925
46580223.68287037
42513474.434606485
19940429.420572918
15358802.756510416
15768920.614583334
18849756.064670138
20370146.197916668
16460498.372106481
18032668.52633102
15661863.327546297
58585500.416666664
66195758.58912037
26537386.83101852
17881214.105324075
16248028.162154587
18755028.298611112
19978038.65335648
17076024.891203705
17999809.880208332
16658346.929398147
14934329.54050926
55309498.66435185
24585099.071469907
17860917.195963543
19680308.236111112
18389190.990740743
19690443.236111112
20531297.078703705
18087947.467592593
16705417.037037037
16450742.839120371
14216788.773148147
20011603.657407407
17729213.967592593
17697047.515046295
17397909.833333332
16842611.87962963
17101223.0
30270625.134259257
59438011.62037037
60668222.043981485
47366118.56481481
16913585.12962963
15720232.50925926
16549672.409722222
17986271.115740743
17355082.597222224
40776014.5931713
62323538.722222224
61976579.99074074
15994412.351851853
16929068.333333332
16830412.909722224
17199361.35185185
16679582.337962963
19791100.842592593
22276055.358796295
33589217.34490741
17612905.407407407
20268110.935185187
42684671.3666088
16453916.619791666
23609892.85185185
23192392.069806132
18214588.430555556
17032531.652777776
16637218.314814815
18570040.662037037
20530779.027777776
15538924.24074074
18588301.138888888
15620015.875
20461284.591290507
12786572.045355903
17035283.171296295
16998050.944444444
17175707.60648148
19628377.52314815
16634749.060185185
19775492.73148148
14774721.180555556
19847949.678240743
20897013.671296295
67231011.59722222
60387641.199074075
64193726.85185185
59169048.03703704
57087920.87962963
64911456.5
51816827.11805555
18508720.21875
18928176.030092593
43302195.68518519
46327922.21296296
18524224.189814813
18467233.741319444
16122573.684027778
17380562.196180556
21219483.002604168
43369671.152777776
65500821.72569445
23579412.727141205
20729115.50974754
15852179.35973669
17722648.938078705
21490980.75810185
14776463.447193287
55617587.035300925
20047615.455078125
37718270.182291664
34956276.81221065
20838948.665509257
15055114.498263888
44269803.49016204
38675063.49826389
42937441.24537037
17877312.209201388
13275987.76989294
16912418.986111112
17486430.333912037
16894443.764467593
17387119.833912037
18588578.733217593
18731085.25
