274.5222878012902
14.442132204771042
3.941068695141719
0.940860083565498
1.7552341268612788
0.6039758870521417
1.165590590869005
0.8457629883614106
0.7999397883048425
0.8211973098894725
4.084509705885862
3.0945603326918225
1.8661839131456919
2.6217600892369566
0.8473426749308904
1.052723204382719
0.9917877931864216
1.9215684621475446
4.053745073385728
3.4054323881864548
0.6777756504045848
1.901042562025862
1.7227282444110665
1.7291543653760202
2.371095153192679
2.9639841777582965
2.1899514683546166
1.7642467417396033
1.257905803573055
1.7947360085180173
1.1471584874850054
0.7805021461099386
1.3781012769501944
1.065716692318137
1.4969679796710038
2.6842724279715466
1.6837701184722857
2.2023639307381253
2.47298568348663
1.5075165805382988
2.1887676647613543
1.419621754043664
0.5868243392174824
0.9017523044887452
1.3006520822930794
0.9057637887696425
2.7025595135413685
1.0483976455214314
1.351451585164819
1.6666080263347771
1.3933138101337812
0.9781979754125365
1.201977961231023
0.778500798650874
1.1452941515315802
0.9986412118559178
1.569617263924999
1.0519515471055338
1.5527990748628209
1.1129913212931477
2.120460871607065
1.7230858978731796
0.7186958804153479
2.589699697579281
0.8764089646582038
1.2401524950774052
1.2123513830443606
1.472704640016533
0.9630158601257091
1.9410437962401492
1.5629358654125378
0.5653777635157801
1.5289775354978747
1.5034413597283838
1.8266782910586932
1.2471946866657488
2.4474496562571195
0.9395929458551109
1.4217702283595617
2.4853354483389127
1.2350886377195518
2.2302284377973334
1.2310208616157372
1.942949947136908
1.4689816204974284
1.1426080588060312
1.5437579314487102
0.3862599288710417
1.3432957179223497
0.5489782436917989
2.290342517865774
1.4463041088161752
0.709480808357535
2.169436912422008
0.7356372167451832
1.4927348704077303
1.2506114608393266
1.6430412605404854
1.108195133602772
1.3976911596524029
1.9389201034433567
1.4492372384008307
1.0974748354846946
2.390537200200458
1.2293791784195958
1.0208409601786674
1.0667522507749545
1.3391218924453148
1.1146555253579162
1.3327749631821344
0.9467919667681249
1.207692922725796
1.2296537802053185
1.6804417899439636
1.0533069372736814
2.3602070099292085
2.3299687267549767
1.242667440754863
1.6427607947530656
0.2303931958725652
0.2703806384084507
1.589719651822144
1.846839815008048
1.3993988086541111
0.24011492871273404
1.6347135292270627
0.922733954888267
0.24064908252479747
1.1234265477605498
1.6129924721048714
0.9419544749678328
1.6290779217468718
0.45781258856638885
1.5931237073830113
1.632754204861181
1.1494102453789077
1.1475001835885148
1.3700122963875914
1.2508017441305594
1.4479567487246523
0.8690430873673625
1.1716289290537436
0.7118325741866078
0.9151132781571971
1.1746156388440003
2.9747305082378146
2.9303346457771764
0.9830609973137959
2.0264523073266716
1.8910196191416337
1.3845033765507815
1.3890412432165482
1.10310869608955
1.3875671534154277
1.071372017962858
0.6616082191735936
1.2395109862316018
1.8812169186555996
0.8422638041516527
1.0383052481696582
0.6304795654156269
1.2057482044821461
1.5457619823849735
1.503516288408532
1.1650201105870879
14.350064231345478
4.073554138318659
1.8398091118687239
1.3730076115745573
0.8163165535646467
1.0586131078979144
2.549985373344941
0.5070276956703776
0.6369738508506905
1.5874189530892555
1.645305488915302
1.0246057347036326
0.7710692119987633
0.20454341177052507
1.156124803965959
1.269726722757929
0.905968409554006
1.0106746447772588
0.9273959540363509
1.178453896421557
1.1250533137010792
0.7290391922832873
0.9774530911937547
0.9246811372890639
1.1603822953243836
1.0186072781156652
0.9149498579074413
1.1617744022589296
0.44833838754148486
0.9889605558501222
1.280807489911333
1.5527097807528498
0.7383539678576665
0.8199304017364809
1.3743004579789555
0.7771967838589962
1.5462602880090857
1.0526297818182802
0.9551406771016235
0.5882396651431918
0.9087611854953977
1.1743256716283026
0.773598418035246
1.9622564411077361
1.3694634326279929
1.1419230556721465
1.1101347383153506
1.5392899048128106
0.7597426202007157
1.235238201410259
0.715401831906862
0.7939277093451566
0.9634061666707007
1.0769105419238212
1.6323857250987577
2.722244288294743
7.413659844834071
2.189102226631337
1.3151458089168255
1.1620340665133717
0.5649692157629687
0.7431899488378221
1.2222720212183702
1.0565844291704707
0.7093831448851583
0.989817835189826
0.5029002325476867
0.8464508938173262
0.17386050576654574
1.1354671974505226
0.48566088087122455
0.9921839904395128
0.648322912784538
0.6509284696033156
1.1221372970926144
0.4830910653489319
0.9516584677420235
1.013554438835201
0.6655411539369454
1.1970837952401967
1.0608284346138437
1.7775435676643003
1.1319629670701359
0.9644705805067832
0.4904297035939705
0.6499040593640902
0.9592888270122691
0.7945978032792202
0.6731312996528757
0.881410346676906
0.6625923581588535
0.639969939540606
0.47673597450678545
1.0004029200361588
0.9201389600064618
1.3274626800438198
1.4125546059833887
3.7998979474441748
5.934115056235057
1.8900349367027864
0.811369451159874
0.7666943624588805
1.3052388508684742
0.5373293834869773
0.5086829523818616
0.4644364303974912
1.0778217555299097
0.6033133758718554
1.3411890841253364
0.6062275415080456
1.0553973192663995
0.3235104334009334
0.6331735787516197
1.0380296560977467
0.4628336848392605
1.3536151657746627
0.7724267517437394
1.4883007211789776
0.631353223450461
1.2633353943417136
0.6092049802917665
1.3576383620667725
9.030988987368078
1.1461485529628892
0.7553062033438414
1.58127141965386
0.3321699316565616
1.615271646851817
1.097177495678457
0.9528494082056941
1.1382233415945218
0.9674993001464873
0.5818180406839439
0.8289338209881232
1.0399663818221039
0.647903017345995
1.0302615275379652
0.6059426398192628
0.47135376401591855
0.8747435382172579
0.6135226339848043
0.6922887935855752
1.008384457616231
0.5622149961343847
0.7806126077891512
0.99046130435995
0.7560089050123516
1.1342850624977683
0.30096685759072456
0.7218830095236906
1.0756173419336288
1.6078481132355638
1.9495237020727916
0.9465765364883014
0.7523270971231306
0.9640096428741415
1.1308856333653705
0.3036243745300453
0.7045316691510379
0.5535942307495787
0.9778458497618349
0.4198507573783923
0.6906674858943845
1.013893992932609
0.3073757132813812
0.5508803811889942
1.214495128087807
3.778862555708306
0.46447884408833207
0.9311555809892105
0.696506131587506
0.7703486873480216
0.8122541336272732
0.5580543955048853
0.6480503455908874
0.5779667475636905
0.6764043710613922
1.4498827980401425
2.014117238040154
2.414636524298634
1.7472733248693821
0.5562480504069334
0.8035356124731688
0.6936377235210668
0.4027095298515633
0.9099871074907312
0.5255744480975688
0.42208822151550496
0.5376982627385587
0.9699862625163335
0.9285988537415576
0.7813079730549362
0.3809635000255254
0.6418845783848669
0.5398523072139002
0.7649552353168241
0.9359213272527529
0.6511009657630124
0.5020312341825607
0.8624238220658392
0.4810067771445924
0.6301286567501777
0.6523412648582448
0.6297502409732447
0.6088070383635708
0.8648902873412739
0.6350628467775189
2.586012746296966
7.522807602698986
1.7783198008934658
0.8289721972847847
0.6267298859833644
0.7771560783253219
0.7166930813124427
0.48316773744959507
0.6817186560738497
0.6142765517504767
0.6791140615348409
0.6865391858650466
0.5697331386192952
0.23507498890364495
0.669905135165885
0.1318939334536807
0.2686816164984917
0.5653698298489102
0.7348194875551436
0.60362119670623
0.3554672571331955
0.4722677261146227
0.8297126368643382
0.5918535900194771
0.7449257463761173
0.8159633330188882
2.2308850055202267
1.2978720005052402
