2.6279606921801124e+16
2.0207406272127676e+16
1.5462759254639228e+16
1.177368402720987e+16
8939786022389998.0
6717510904286438.0
5012580236992957.0
3717551122794607.0
2695414330726098.5
1913280997853422.2
1320239766399277.8
886720022192064.5
571372874599654.2
339379511723254.06
182688266813694.0
82683216429818.05
26343968683412.836
8939856326687.752
8844408362198.326
20481592005592.31
176263865252490.9
103579910453136.88
281956464992192.5
115555600821287.69
29806262066374.45
2226029101944.6045
1542264633829.8508
1024169005105.6134
1401534455492.942
1271284864171.9854
1775473470648.0173
1642903170500.2268
1260348747528.5679
1382245051648.3682
1377274320221.8381
998975255398.6095
746619555745.28
1739102155733.4592
1856985264805.2083
864732623296.5736
1355714044786.814
1351019126506.5708
1103086381353.7983
1710925812317.315
1097372066845.9845
1337347346970.2966
848412876144.3856
1572591609209.902
1688557769621.567
1804721509454.815
1437879653450.3838
1435122204660.47
954180404790.529
1785529176268.0747
712837499025.9274
1538904725178.784
1535813561758.5427
1413270509982.4526
1409696377471.5493
936872603789.7626
1402098987473.7578
815862036895.5765
1278857743761.6929
1273845556878.0232
1155742605978.1172
1268319390817.7412
920070244256.7277
1261861776469.8887
1029252623851.8691
1369560929607.5193
1478464067085.2751
566881789008.1075
1584311813481.501
1128183051428.2363
1350945777696.6094
897364706257.2985
671872611566.876
1451196422823.0261
1113252908208.2092
1110988427296.1687
1662487749927.4312
1214875185212.1152
1101232027284.6396
1098475013086.9904
1314499410339.8933
1092464165895.2849
1416898804468.032
760497228893.3372
1625765455963.5522
1081127096933.6221
969951040612.0359
1395825826245.002
1179393007506.9177
1604050032870.1133
1279715878493.47
1170841480462.8992
1379898330422.7722
1376615470552.4158
1688727258511.0466
842391472745.9777
945871011808.2219
1152190182773.466
1149438986766.2073
938154520674.4419
1143206228941.7268
1035725352082.9215
826651166194.4264
1134029439430.4932
1233136851680.128
1127603867947.3613
817654061557.5765
1427273850190.372
915187967041.0901
1014662235997.0775
910817977120.5271
1511605710536.5813
1005483494219.752
1102612633698.933
1000429035387.8779
1097111943464.0669
895327150262.1172
1190970031399.5417
1088902399170.9021
986922925389.9525
1180634932700.7383
1277648233475.8071
685508179708.8837
1269316265852.0852
1461383463138.6628
971622490590.5049
1162497157800.3042
966777406919.3837
1541527303401.4128
1057100590093.5251
959039536192.9225
1147266776608.1724
953458211523.6154
570494031609.7936
947896026929.9274
945662828530.5233
1131413987480.2869
846995987857.2606
1124893277192.5417
841551968109.2161
933338013335.185
1209791142873.1338
1206507697608.528
1016927939204.7869
1107883786690.527
644093594036.063
1010064594155.1318
732372846839.0397
1096046964973.6715
1184277615838.8923
363313649947.5523
1267724935069.3303
1083190545238.2219
810390638190.8837
809124432695.8672
806355406940.2015
804025430703.3973
890900802376.8905
888695900064.2112
1063709823805.501
1059945251703.1172
793583974775.8479
1405977426411.1658
1139048707033.875
961724468925.654
871597665818.687
955890797882.7219
520184356321.14246
951504817667.8169
862745004415.6783
945859654703.6841
857495937031.189
684405381810.0571
852539092085.22
850393155684.5756
678579979275.3624
845612298944.2965
1012407517769.2112
1009720576163.8837
838668904866.1948
1003789231410.2015
750692293090.6056
998204217498.094
663559135086.6938
828010975837.0707
908139281777.7684
658843033731.5059
984845295212.7751
818349311317.5969
734491488901.8605
1221687092475.1782
812158506427.5465
810539303812.2141
888769632389.9244
966489025743.2975
562699611278.5979
1041410226830.2432
959040196759.3556
876688538974.1066
795452538466.6686
792668137545.7365
790831039818.376
709533355403.5087
786664475032.1696
705729170886.654
703493572978.8256
1014849768208.437
778007342231.343
853662583262.9515
928641420292.4506
540326471769.04944
846494174184.751
921196861577.6405
611835706747.3556
687300413886.0891
837494955441.8866
911581117793.7035
908102313625.3334
377557137658.2306
903440577005.593
901221789859.251
749052757234.53
822848158989.4109
745715517440.1309
744150743376.6754
1186053118187.0098
739195729794.8381
884877062996.5465
514583015559.0039
880317973965.5369
731068949966.5969
875736422195.2374
800423229187.5397
798653158984.9274
868185180698.4011
577289361313.9128
863708117275.6638
718198779397.0853
858951036563.0068
785145106084.279
427171312894.9254
851207180416.6124
708474005453.0204
707070775404.248
774589066543.721
772810230106.596
771022014629.469
279342735067.98157
626735199522.4205
833330170957.3265
415698091024.3653
484132068804.4942
689164390581.3024
824239865073.9612
754330537427.3575
683551356871.2394
613292222576.5547
747547063222.2141
609833269758.9724
743355462633.1245
674405206975.2112
605244633645.3059
1072709472321.9109
736095932789.1895
800265994107.5039
732116658987.9286
664083598339.5078
529366642415.91766
395810536628.4961
657655137383.5281
721984995392.0999
719778646628.31
521854804263.56055
650778008414.9744
842948173874.1929
776425934425.7144
581326568762.0078
772615084985.7856
705559999461.2074
639872988790.6434
510596041205.17584
509602482317.2645
635267461225.8876
696784189305.251
883824168292.9181
818383936675.8445
565260715566.123
688915960302.5862
686699149119.0886
684159713206.8992
930804702870.6346
680702493375.4457
555734660847.217
616026007546.6309
736372073664.7793
550738928603.9811
610901329304.7869
1035387153067.5785
789305098017.529
545326765049.01575
664688862509.1078
542194740692.7292
480513815355.87646
718728489635.28
657873724887.936
714966952185.2638
534879814296.1347
533491780989.1047
768593890766.1957
530600803796.7965
646608627784.2277
528114565664.6376
818830432044.2916
757726462746.1656
581671415435.9279
521964084371.0872
578614039655.1119
403618099300.8946
632769337507.7025
687996065465.9045
686356250382.6102
569991721629.3236
683059139865.4904
454151824275.9797
623534192878.0504
621519356703.4142
450925015283.8062
617907218561.4927
727280770486.9966
558548153292.346
500935076155.46704
555094669108.0999
443312259055.42004
552135359158.7094
660502342108.7675
604283880249.203
710551719109.3326
600565341309.7869
544032149441.9477
651282206058.8634
703931463984.5106
756274902532.0765
538587713839.0465
537551097866.5596
589403115409.9971
641316257048.3295
639830455763.5785
425350413819.2374
530018366745.05524
581023495991.6599
579871538927.3881
683309350335.1095
681305580314.1105
627295660418.6991
728901494006.9094
519662019290.3248
518287538151.0683
516964523525.8275
360713801826.14874
719575815651.6846
512287980220.5678
561976212763.5209
560438878040.5079
508194604439.1933
405312406298.9322
707677984264.0155
454206669740.91956
552576183956.5839
501212250057.313
499945101722.8392
597737208215.9409
595342294721.609
495676240825.6453
543017101230.09204
443511504842.1623
491158692085.0572
587327302338.3881
487969462991.35077
437990154720.3702
388383158400.87256
532501578893.4423
628049179229.623
481561432351.3852
479839790199.0688
430471259659.4108
573185131189.3954
333481316010.18506
617426289837.3071
567998258893.8246
424785060623.1473
423382377540.91376
375575744399.6221
561941295360.1661
420005234776.1105
557341832193.0
418029020893.51697
601499769485.7751
738246067726.9319
275859288184.9031
641957687573.0911
503564465741.3285
501989869137.94476
364128040093.36
543509554552.6938
453023073480.9467
451422420487.9743
585142716660.5286
314135188967.5145
626402162025.3566
624337748321.845
578525668627.7616
487771297849.13855
398041691536.9797
529430868176.938
307818442435.9508
658404744754.7665
437217127804.28973
479663434390.906
522063848341.7098
433726289743.1318
605343978932.9612
431112499138.19867
344306567563.7907
514777938970.01355
385174058157.0223
383705292522.40405
637948971654.1948
424004638364.4237
380599477480.81494
421739401417.9942
461754818565.47266
209428585833.3411
417544294210.3939
166694817271.2856
498982943911.5058
290125610416.0092
454627529320.9952
535990743690.35345
452277367261.3663
450591832918.281
449277344333.532
570771983320.8566
325232255129.06274
486740692786.8663
484718873727.2907
403118990697.07556
643321747491.6337
480428370125.874
439393303765.81494
478077593800.5882
514913012330.5407
435871685490.4247
394576330109.3004
590643980935.172
549460266230.20154
430220661640.80524
468101170966.9593
505711712633.14246
388783537139.6124
387054160680.2282
386282605180.12744
423977310818.8503
422474510386.5925
498473074661.02734
343726229808.7393
456960839852.3527
417810008191.36145
491661418283.6204
377921741882.7907
452294695034.70593
375995139715.08044
336656563115.2355
411133547679.1163
446706589640.8217
334111674177.51794
481206845271.94574
332667548535.7558
404629342495.1289
404017203449.6628
293057767109.42346
401618454882.3643
508945939687.5126
472299341275.1143
361940671572.89246
432536904199.5165
396081069789.9496
358183128809.71124
429637402019.45734
606414822250.0049
356019205097.67346
354485270943.63855
282837867473.26355
387740123398.18604
492174223342.20734
455854081468.95734
314795203404.14246
383307635978.26746
277944638937.6841
277182897280.8716
311185527383.36145
413306934406.97095
343757691562.9002
377114794785.79944
478143153494.0833
238654662888.53973
441883270355.6395
271077971022.19186
371408324548.8382
336847409476.0901
436770784895.24805
502969072636.4971
300948850519.2025
333287244198.9273
232251446015.8062
463459092654.0814
495642134478.21295
328900392493.7306
393673330335.4835
392601596846.8023
261279901009.26648
390996503068.0407
421273107349.76746
323897575320.5678
290341162336.374
386214985714.188
256669301575.0843
223935333427.4525
350916730656.9108
317929990650.515
285906505408.28394
347899617863.2948
314900668400.16034
408087857506.9322
250804709991.4845
343501025545.36145
373672563561.8883
311133700259.0562
371977729892.30817
370455087221.50946
338876670045.7132
276510596244.5358
367186447958.4322
335422331619.02905
273862750701.84497
485293149326.36896
362775001858.7597
331610340447.5727
270733694493.02713
509692202332.0814
209197648713.13034
328091976585.92633
326946167467.75195
296165680864.90796
354159711562.71124
323936938693.343
293675370114.0107
292889750456.16473
262715812155.00388
261870257026.01163
144852719244.97867
173757518486.02908
259400998398.7844
345003086353.29846
286740218209.7849
229362554551.04263
285877932631.4845
313039398936.52716
255555423841.89246
283019961472.6202
310458469501.23254
197038301656.45834
364830962448.0281
279768055116.281
306639463100.2064
250410542277.0591
221486174879.26697
331969754528.781
303090797362.2977
247536773202.44864
301285451419.81976
246192673430.21317
408313923920.0814
217373592279.6274
433479565642.2238
323951775575.02423
269029499616.02325
241676835720.08237
374545239048.72095
186795217452.2529
292517280390.188
212126220474.9089
317282735428.10077
342132549747.2694
341406441004.798
288097488767.6298
287290747462.969
260525502430.9971
233743538084.89536
207154323412.16376
387311499516.405
205718199479.34885
230846906750.72287
306608458038.76746
280503037773.35657
178156849451.35562
404589368152.8837
176864815852.06976
277235628797.54846
301451150807.28973
251001410099.26163
274815221491.12985
348700836816.3217
223586113094.938
223134018920.43896
247041593888.98254
295236672374.5504
392321070274.81006
317928752794.2752
243195599616.12402
291449154331.0465
217740224826.99225
289564190073.6047
240871784616.14923
264239393112.28198
215191363802.99612
238887461449.00195
310082642003.2529
261633962607.312
283748540507.3556
283221786199.4835
258833502121.26938
281437138041.7902
163775020715.77908
232961229519.813
186072345486.25485
254692482775.4157
300677700804.76355
184266101566.05814
252671037186.719
275042189150.0097
251170875722.3721
250474396853.09592
204446148986.19162
317071815752.75
248141558978.56784
180137424606.62936
224597965319.8149
245805470877.90213
245485750575.65213
177831688269.77133
177482513650.64438
220847322550.71317
264115917014.88083
219691194206.047
241039842828.57172
152816732943.41666
217696626949.08817
216426562903.86047
259811017302.05524
258784812755.36627
215381607634.35852
235888647174.01938
277835278403.20734
191679095198.4089
275950096608.5557
148065131234.8314
189840866318.8566
273327267793.29846
209725776470.62015
208916229031.76746
208177683345.71222
270139433238.29846
228025727790.87598
227521470801.78198
206034595696.51163
266935614073.69574
327892412762.5358
265542253544.60464
264334774522.53876
243495768546.2626
242712000390.25583
161331339541.7505
180857142134.3876
200574138532.02133
199881425030.63177
279121659260.9477
218611542274.0339
197955250653.22287
197553598339.2936
256091715671.6725
235388336683.687
234831183034.66376
214350072847.86047
194565240216.64633
213306205393.02713
135641190549.13857
212402619793.35077
153860794155.53586
249487446264.13373
152816428047.6279
209189950423.3411
246138756303.9215
226737322284.2035
188838952623.5446
169084746523.18024
206272459356.77908
242917197272.63177
149275210297.01163
222803976173.9031
203676321575.0465
129387178610.7655
239189182119.15576
146719291030.39148
201464477677.05814
200228228813.62402
218083648927.0562
199021027752.39536
306335583562.6996
198023907474.3275
215025576202.13858
196661770369.85272
178465142651.76163
195792646227.75677
212901904111.1696
194186599585.96124
175957604877.58527
210776378988.14923
175044377177.40115
139804594547.91086
191572430311.69186
138971929037.58334
224990472153.0562
154921825338.22287
120197124999.98062
154197738697.25
102561650944.79167
187427748958.87598
169655890174.15503
236767162834.5097
235800490561.69864
201689693810.54553
167708070648.5775
167059567966.1686
166441461485.1715
149661647787.1899
165844521832.51163
132133943965.28876
181010243420.98254
147549986562.87598
212449345373.17053
212172454768.30573
227266481338.83817
210707523463.25583
193681002904.5843
128647319386.3527
144677711848.46124
176029658987.2529
270723153651.69766
158594624614.50388
174149549242.0252
142041098289.80328
219937272525.75775
125488900666.30038
250052912970.11676
186858792120.80234
124378190970.9312
185690758183.95737
169760079477.4244
122986472340.83333
122624870040.83914
167997424291.34885
152025259000.50485
167252584837.60852
196559668970.4031
150919770195.56784
180544114880.2054
179682618696.87695
164194185363.75388
134150591486.0155
118727448510.56783
133401910387.26648
162266112245.1405
161817488610.3275
146578783030.16086
73131300390.77713
232779415160.74612
159598066822.22092
144674189567.9031
144303127650.25195
129582014354.04651
200679804744.29846
142690119009.7752
142557359454.46997
156138401977.3096
141661391694.25195
141081273956.11823
154713684872.14728
112146663552.14632
167638144319.7054
125345367385.63954
111234947573.3527
110723436882.89342
220330755671.87015
137678967315.75485
150612428974.19284
136420179662.72481
122689368988.219
94956240889.906
135131372840.00775
121447992655.3062
161158388362.3062
160621830408.24805
133449598103.0155
132995408562.53392
145672199775.24612
145378430801.27325
144667684975.91617
118038608053.73643
143700590114.73984
143235878718.12015
142870874879.07172
155525380222.3779
129166223435.89342
167124903253.08334
153902713564.08527
128214017582.86046
139830455185.33334
126639510130.24031
138625952648.79846
88118828329.45349
175790061324.39536
125037305903.07364
137342430038.74225
137083620593.30232
148806002168.63177
147946218226.00485
123320789346.7655
110865177588.79457
135217376568.40794
146247210564.2965
145896258452.7839
157591387140.6434
169075550233.10852
144351694850.3779
120034139958.64148
131477420812.6938
131398368819.88954
142732208254.98837
106658611118.18993
129889760988.28682
164210428192.9535
93625603618.88275
139871316969.87402
127983915001.32945
150589439995.82196
103969492675.82945
126698694517.70543
149104727693.58914
91497014955.06589
79694419702.20349
136200680900.2907
124558779114.60077
101533978207.27132
123645795680.12985
123311309059.79457
89456323099.12791
111349243886.3372
111285882017.219
110638510679.5
153997385387.58527
76926535058.27907
120382224326.65117
130852186390.31783
130277204677.08139
54165710782.76163
150889844906.1221
107517763286.60658
139528637554.80814
117433612106.40843
148913349688.531
169522694813.90286
158525737468.23254
115823143732.25388
136380521255.81395
104424959010.24225
94180617678.76648
124665679702.50388
113797286383.4438
113490590471.43411
144076709783.12402
122844947767.96512
111921093933.53876
131887703309.00775
162021924684.46124
101089103975.79942
70599456848.00388
80105391999.69089
40061333579.18604
159012617318.24417
89302903838.35464
98904302896.46124
88700353382.65892
98264365306.21512
127064816297.1376
117007403775.86433
116617958846.34108
77564662961.02713
106105188623.81976
124971385049.92249
76679943183.91086
123812648171.51938
94860354478.57751
113444895601.99806
94396239333.21512
131793926881.62402
112220442860.33333
121484974951.99612
102239008247.08527
102210063229.11821
64857584393.46512
92257855253.2907
100973058656.44186
100639297684.91667
82096721361.5407
118330729438.56589
99742238407.74031
108570876292.68605
98906581198.7907
98625242824.281
53782957534.77422
106748094604.8527
62156998459.29845
88266072136.3372
97059459871.63179
122850950082.24419
113837437391.06589
104609840654.06976
112694496635.26357
69176777791.0969
86469734784.87209
94259739729.07751
68542746065.75581
93880452772.36433
102048811166.92102
93188547198.32558
93236498531.5
92805406388.39536
100834498511.86433
100172741138.95155
91628416035.81783
91354562343.18993
66196605584.5
82412897697.31201
65824795645.70543
97893244670.07364
81360138715.30232
81273883443.8062
97154262330.04651
80411184510.47093
88442835742.30232
64247712074.56977
79713382252.86821
87561734235.21318
110689885043.8527
47547898911.976746
101958038817.1124
94050809210.49225
85713726147.65117
108936739113.31783
93021390155.59302
69630047686.88373
69319548035.99612
76652706684.77713
60970903212.78294
76242231233.68993
90944468437.11821
112979257892.469
67805468564.41085
75038691491.27132
119639773481.84496
59543941014.96124
111128609119.71706
95825595815.36046
73370794263.17249
95233984735.93024
80197718229.0063
101613179079.969
65224556261.47287
57851355541.74419
79270908952.23643
85920849073.99612
85684137893.77713
106638437844.78682
63851928165.91085
92019214615.63179
77483167689.40698
63380640506.3062
90773805212.95349
97551193075.86046
62575858375.63178
62317935243.92635
62168084397.15116
82533141725.73256
109453541666.53198
47852319591.52713
88337254761.12015
60990912024.20446
74268668230.13567
87155727560.43024
46832036406.99031
93137098474.31395
73213962539.22383
79234146691.5969
72633670609.09302
78871916891.57364
91754588854.57558
65314539198.93604
65026565878.689926
84016762418.0155
96655668496.95349
76941059394.13179
76578946663.94574
63677931501.31783
82446219916.01938
63323114346.51744
81734730007.86821
93958529953.3876
56162758279.18604
62257976079.25581
98854768432.29845
61604809777.44574
73484085859.0
67244835827.333336
54928406729.58915
66722163938.16085
90846819875.17055
78420564885.15117
48036956951.565895
71711701364.81007
77388984173.0969
77176774839.71318
58682157116.61628
58762574564.35659
76256227507.64342
52542688508.441864
52443610668.55426
52085020304.60659
80421205334.67442
68777330779.56589
62962369781.36919
56940322577.77422
62484032356.166664
84614198212.06976
61883863123.79457
72900632277.82558
55681898388.63566
61104305555.51938
60755132129.137596
60600231595.75969
38456958802.88663
70898480112.45737
59794566742.35659
65119350033.093025
59445615478.89535
70044196331.05426
64150477833.75194
37325914544.53488
47750871667.68604
47800426215.25581
52684632619.12403
63290964578.47287
52310182921.24806
62751723187.11628
52065172871.34109
46607687594.75775
46432259233.71318
51485948617.98837
45939604195.01163
66046923946.16279
50717057036.82171
75915563453.26357
40290049628.468994
55227026165.065895
64958583363.674416
54799491244.129845
59796930894.4031
64319483479.08527
34497680489.60659
44401424900.89922
68350337089.43023
48818881823.93023
63138033322.95349
48482626309.69768
48140266299.68217
67181929717.06977
52572869622.62403
57033098051.99225
90063078411.58139
42518857936.691864
42249782949.34109
42191236115.01163
46624086127.68604
32630799161.220932
55525225337.93799
23062283164.44961
50313553291.71318
54738475237.387596
45430851749.76744
45347719377.72093
27083249330.98062
54153863154.31977
58340156490.28682
44662304768.77132
62141049119.189926
44294335801.03682
44127536219.86434
35273420886.27907
52622247685.558136
39251084904.968994
38988450279.27907
38796712229.45737
47689862251.06201
72771071949.10077
42757993101.47287
38405630863.406975
38163643026.79845
63090854981.22481
37753123300.00194
37694364895.24419
49926865941.39147
45607531744.709305
33057734906.63566
37045059548.620155
45332212218.04651
52946373709.503876
40705347011.54651
44499179644.139534
52473981764.97287
56194619620.4186
44186909088.558136
39856991197.6938
48198230225.10853
47419356861.43799
51147062450.27907
35377601356.12791
35159913308.57365
38896502216.06977
30888508333.488373
27199741190.155037
23092252063.031006
45673415907.52713
49049666300.17054
37733579471.46512
30164011526.751938
56189152035.5814
26161761813.47287
40881408505.959305
44309389617.565895
48035284469.727715
33156777582.837208
47566347349.810074
58096915582.379845
32623946539.023254
32398236687.14341
39547248582.15116
42992771452.560074
42779424469.57752
42592813117.5562
35453845084.77907
35232711280.35659
45429436799.13566
38379128387.77519
31221486865.713177
38125573760.51163
41203755841.27132
34239476178.408916
40977870256.550385
30517229893.76744
47139613095.31201
40589407488.24806
36861681623.66279
40002534853.51938
26582219828.821705
39582293504.62791
36094169092.89147
36041661000.71512
32691656390.562016
32752952437.658916
32309364409.279068
25779827591.23256
38551312759.30232
35129975072.503876
31749546393.98062
41113639340.379845
37851275655.91473
25117975258.51938
28048122343.170544
31059908663.468994
37325172309.32946
33784574398.968994
39701753578.093025
36462921787.07365
30275459489.59302
18154303440.68217
36178991805.156975
38759956352.11628
38770957504.52713
29657360598.228683
26510672381.465115
38128012678.968994
14854136581.689922
23380906100.55039
37512229524.85562
25995740537.984497
37065747909.11434
19976473520.220932
45006299228.689926
28206284825.094963
28012800914.55814
33456280728.511627
35962605304.13178
38536700804.07752
19224930791.612404
35998787987.10853
27271558684.91473
27107265856.765503
24356676579.91473
32240879540.213177
29483990095.30039
29451743581.162792
29192910288.589146
26466710887.996124
42326154701.68217
28999009810.24031
28721594640.795544
28563786375.658916
31209948648.79942
18015043655.13566
45996041212.46512
30616426219.612404
20336263320.158916
27924393922.744186
37796098273.0155
22603599291.62403
32396704012.713177
22370595860.370155
29689665651.372093
19769359739.0
22137857738.782948
26880962356.131783
33863846992.457363
17018095735.0
28874132193.965115
23981149345.37597
24021659224.945736
37768230943.70543
35269226049.25194
21378103211.05039
25676169867.294575
27769145661.92248
20992839893.397285
36764924487.10078
16152287394.093023
27459526725.56589
25034103134.75969
22550272135.395348
24563814484.44186
26770568298.418606
31069976358.139534
26465975539.63566
22148100461.11628
19641581454.55039
26047502415.829456
25980361468.12403
23732188237.187984
19466085907.046513
25733580654.531006
23437812025.042637
25319874611.11628
14827630988.829458
23125249804.82558
19084230006.031006
18748787003.64341
20764763406.387596
20738702657.387596
22646976837.84375
24459084903.372093
24183195973.341084
18258520965.20155
26084854711.131783
18004577394.720932
27681688624.88372
19791301049.496124
27372647041.23256
15806820855.379845
17442344627.255814
21310387661.399708
19257856622.984497
22932991232.976746
17136312611.178295
15159791418.54845
22824177534.56589
26112118367.73256
18514247552.341084
27856732321.2093
20285318117.178295
20219146585.02713
16361305269.023256
19923905499.720932
19805086517.49225
16096448190.992249
17792250354.193798
21268795001.32558
17684584278.023254
19371705709.46124
12384828344.003876
13941770992.699612
25746803477.705425
22230252234.744186
17016543702.027132
18638367973.275192
25200733790.476746
20089537102.323643
20092248192.457363
21412045496.771317
16488242611.20155
11559773525.988373
19581979186.031006
18042658091.713177
16180177242.51938
14430052529.581396
14459543832.88372
15961578544.290697
19020193057.63566
20401578566.55814
11109880801.449612
18594165554.852715
18463048911.286823
13806854791.589148
24185141405.51938
10785067446.844961
15104964839.744186
14985966310.131783
16504428272.093023
16365764802.255814
17717130572.274708
16068226284.255814
17479359481.921513
15891463332.428295
20093201568.4593
10066183104.666666
18764882416.89147
17123889388.255814
12745581113.562016
14115997294.67442
16749428705.155039
15231668231.27907
6955161765.379845
13706173526.643412
14953670581.488373
14936920599.403101
13431920716.589148
15976741299.577518
13324238844.643412
14645143201.48062
15725793090.186047
14344626255.20155
7897350390.682171
15313878322.689922
12793928483.042635
13913004288.658915
12624930039.170542
21194479730.170544
11252325790.60465
12622412921.868217
15967792957.100775
11069452779.023256
14780445259.72093
10949717619.984497
15657749509.232557
8464052444.341085
13196453991.44186
10740283213.418604
10667572396.488373
9344852900.75969
10494143333.612404
10452631927.023256
12633473086.209303
12583850890.310078
12474308229.031008
13448598202.232557
10127207159.418604
12300590342.503876
9980578739.767443
9839137693.503876
10142622518.255814
10931049500.984497
13139989665.131783
9676392264.372093
13992449970.20155
8558947289.321706
9497590285.60465
11737174802.60465
11548418023.131783
10384373343.139534
10338456172.937984
13248973441.391474
10172711441.984497
10155825415.51938
10947881312.472868
10001525994.333334
11793394243.410852
14628362703.55814
12686356999.60465
9783149111.906977
8706948259.10465
11754912332.015503
11666729593.945736
9568121932.248062
8526133453.2713175
11267558556.984497
10228708250.732557
8429940699.643411
15157339032.39535
8312523410.24031
10031524676.003876
11743526867.178295
10791827930.062016
10842712592.260658
9947302648.131783
8117559745.83721
8841448777.348837
7939623697.895349
7981483444.2015505
7823090422.24031
10248277317.651163
6844645235.27907
9298197560.875969
7683373994.903101
12714261211.372093
8363415681.860465
6656990612.670543
9887870808.503876
10498401930.496124
9059115556.697674
10374956240.054264
7918550271.302325
7869621270.906977
9349688247.875969
9452719345.44186
8570740438.0
7030529000.806202
6944201177.906977
7534656582.767442
7764607144.83721
7467394855.255814
6717502221.457364
9560437239.445736
8122317496.387597
7959723701.604651
7356026290.124031
5036235853.674418
7736422742.976745
4267670928.9302325
7379632995.751938
8239872231.069767
7485832065.612403
6113150147.038759
8731910603.643412
7994095443.0484495
10494085711.717054
6625022267.449613
7925263406.031008
8385328165.395349
5741683252.868217
5772195532.015504
5795312214.682171
7666851361.209302
9314223106.422482
5502603787.717054
6762156405.496124
5414043113.286821
6565052724.147286
5998325121.410852
6487503549.844961
5376091567.24031
7516511507.562016
5212634020.046512
5184928821.410852
6827593427.612403
5646993032.565891
5597617690.0
6181518635.829457
6803068804.844961
6556178959.875969
4940342110.2015505
5185216554.255814
6063603934.124031
5796385995.922481
6603835005.984496
5420088239.2713175
6259353205.039729
6411959707.457364
4647031722.961241
6628160619.038759
5033547638.883721
6564748279.403101
6957906753.891473
4462515706.666667
4804861218.155039
5755941290.496124
5339371194.372093
6631632037.255814
4347492947.51938
5526424235.457364
6492383680.589148
5044304354.077519
5434599064.697675
3475829599.387597
3609698368.9457364
6208791237.069767
3924296295.1356587
4739583198.085271
7265081462.806202
3322726603.255814
4106385330.713178
4078402311.3565893
3336517218.3565893
5598235419.51938
4361048992.616279
5490827633.875969
3678470244.4728684
5877358719.906977
3559041476.244186
3878843167.6356587
4564305015.48062
6275427847.937984
3458458751.0542636
4082226967.2248063
4572285588.155039
3671658427.395349
3977304372.4496126
3680767370.5658913
3499142079.581395
3170342655.0542636
3495524413.3333335
3842747919.4341087
3150773125.620155
3488042510.9302325
3119067383.0542636
3993285133.4418607
2757802004.0465117
4515361039.209302
4280070984.9612403
2972186284.4496126
3263404620.0387597
3394507072.379845
3791712613.0852714
2242335700.3333335
2462623002.8062015
3345843178.860465
2796584244.9302325
2879601972.015504
3269756029.887597
3930961242.1705427
2876524387.3643413
3516442987.023256
2820348965.4573646
2480064349.023256
3364418150.3565893
2804552759.1007752
2933935806.6356587
2680665984.5271316
2162733305.5038757
2701870285.7674417
3580245504.3255816
2476101614.736434
2326470947.8062015
2285823189.255814
2984831538.6976743
2422325717.271318
2722753414.2325583
2199990968.984496
2746479349.844961
2362764155.4476743
2373874696.9457364
2851510545.3333335
2666489748.5658913
2382958034.0426354
2860039581.612403
2389192716.6511626
2995958542.155039
2919436259.2093024
1733942238.2480621
3005866644.604651
1868610191.379845
2467221440.4341087
2529119615.7674417
1339097277.643411
2214651391.5038757
1743467480.7596898
2187941498.3100777
2265968390.7751937
3031611531.984496
1312885798.4767442
2410845040.75969
1937687586.8062015
1443103554.7093024
1773882209.3333333
2150204866.395349
2168718312.27907
1848281766.7364342
1499301575.0930233
1497404816.6046512
1431364329.8449612
2252255939.1937985
1331138493.2403102
1884240307.4186046
1950971808.992248
1656855349.8914728
1588276145.379845
1722076201.147287
1214031202.0620155
1712886471.1627908
1827006666.3875968
1578740594.8217053
1670518177.8914728
1298535547.1550388
1495221440.372093
1919703223.8449612
1470519114.7131784
1934864584.0620155
1433039053.0620155
1443620350.852713
1557916776.1705427
1274550786.6511629
1412301052.2364342
2266956568.4496126
963460549.8139535
1018389143.6201551
1311434234.7751937
1450013655.2868216
884162454.9379845
1507383404.5503876
1116942276.3333333
1150579013.7286823
733197947.1317829
1309503940.868217
1431237822.6666667
1161532045.9302325
1184354907.7984495
1042211201.4573643
1214372410.2170544
936521798.992248
1229321331.8914728
952516211.9844961
777688144.9689922
930440254.8527132
902291285.9903101
922319528.5968993
975847335.8604652
815435258.1860465
894971542.7596899
1024814239.2325581
852438722.6899225
846814864.3100775
944482629.1007752
774855412.5891473
787014707.3410853
724122415.4651163
719043793.9302325
831747885.2868217
779275557.6744186
591041672.1550387
666631868.5271318
890863243.3759689
695669309.9147286
819474041.2790698
683687596.5271318
824762278.9224806
867963212.744186
583047340.5581396
547186989.2015504
495077818.8217054
734046302.2635659
614838042.3430233
591599949.1162791
525098575.6666667
654262321.8294574
603019324.0620155
510813880.627907
550342578.7596899
500608447.2868217
507666144.1395349
517046548.62015504
529726505.13178295
536679838.90697676
415305717.751938
570824269.0387597
487334671.2403101
517118598.0
492756471.5116279
499432460.7751938
418551742.2790698
374783610.58914727
502243879.1627907
414278279.79844964
396598040.5736434
576758080.5271318
328836140.4031008
394359130.496124
398588623.41085273
449434477.65891474
448710295.53488374
363696946.20155036
390780725.3643411
445498213.9612403
314128842.31007755
372644875.37984496
614596434.4341085
323560653.5736434
297363127.4573643
464819087.0271318
398676765.7596899
421165705.06201553
348557424.1085271
344306229.1744186
292480476.76744187
308682960.1085271
338139881.5271318
306332133.1782946
318727902.8372093
342103186.76744187
285996223.3023256
303367741.1937984
282383348.03100777
309268455.3255814
305810051.48062015
282409675.9767442
280833691.6124031
239797463.00775194
289238587.6744186
295715254.48062015
230614563.6124031
282693225.4573643
374218848.62015504
280952279.70155036
238939555.1627907
329983161.0813953
288178839.4496124
220069853.98449612
237575383.6511628
276887415.7209302
208795385.9224806
429714206.9147287
266510826.2248062
274454718.496124
224403646.51937985
282764444.07751936
249419478.35658914
331809334.60465115
322510991.0387597
265542920.5116279
319537722.62015504
342217834.11627907
265254287.19379845
304009961.1627907
277010078.82945734
255898817.78294572
316945910.4186047
286476069.5116279
240096152.78294572
271418915.64341086
243307583.95348838
250558046.43410853
269269487.43410856
381526588.5116279
385182138.0697674
270237510.5116279
308595745.0852713
350113192.6356589
282874930.9864341
330971371.93798447
291749103.76744187
327317885.82945734
317844933.90697676
355433071.8372093
270404884.8217054
315903434.31007755
346118058.0852713
441910073.4883721
456034047.3255814
536882425.4418604
443095500.1550388
390823630.8992248
546125327.3178295
306171184.6976744
370554793.99224806
358631392.7906977
395721954.85271317
425797956.503876
377128448.4186047
453733036.2635659
309451044.88372093
395576054.624031
437198507.70542634
416757357.68992245
409738460.8992248
969183828.2325581
394639874.0
443308786.9612403
584775510.3643411
431074498.5736434
441866994.8992248
465041887.8449612
481078478.9457364
336814101.95348835
479088718.03100777
419361820.6666667
525859451.9767442
472907080.31007755
523410109.248062
516912783.31782943
532344029.0542636
511045233.1937984
582528801.503876
557682504.8372093
484213491.7364341
504044759.2248062
544286768.3255814
511334517.6356589
452057040.85271317
685408555.8294574
503659995.31782943
637142516.5271318
542588424.3720931
530901253.503876
578249207.5658915
548059853.6744186
581328157.4728682
630670252.3410853
609203616.2170542
574251150.8527132
601598920.7596899
668691181.2248062
622181975.5581396
549133175.1317829
863631831.2868217
614303565.992248
518985681.81395346
525705081.81395346
681339863.1472868
637973519.7054263
761634548.2868217
766523322.6356589
659708309.1007752
1428683729.488372
630798722.3875968
652838468.2945737
682589619.8953488
720861643.007752
1363742150.2015505
710487382.1395348
824445394.1627907
687705310.8527132
831341287.1007752
789197911.5503876
583435602.6666666
831949810.7751938
730422826.5426357
655901494.1860465
641898124.4108527
915328013.9844961
766104931.751938
738834526.6046512
904723276.6976744
811162877.0232558
1053701090.9224806
1081101093.488372
889534622.007752
975991393.8139535
1015080812.744186
791471974.8062016
684392949.3178295
845752919.1472868
826766242.2945737
906355349.5891473
1045241232.6976744
851681595.4418604
822051454.9767442
969392140.8062016
857329456.8410853
940631603.5813954
1384505991.8449612
835247498.9147286
1070137000.9844961
1180689223.3023255
1256489432.4031007
969335580.9612403
1015177759.8604652
916394137.1782945
1093231339.2248063
1047821220.2945737
1092206080.1705427
1024903571.3023256
1159341776.0310078
1056988014.0465117
1291279250.9767442
1098534131.860465
1007772521.4573643
1214174966.5581396
1549306431.3178294
1079201146.2248063
1362168290.7906976
1260994427.147287
1034570958.0465117
1366636781.131783
1849967681.9379845
1369710804.3875968
1276006181.9689922
1334168755.2248063
910137279.1317829
1374766305.2170544
1244498755.0
1247948999.5813954
1500053323.6589148
1166763947.6899226
1194541479.3488371
1462337764.6666667
1224473381.5503876
1595659361.5193799
1064075406.9457364
1495721482.6511629
1373139562.9147286
1250729724.4341085
1457684289.3953488
1432583317.984496
1291814709.0542636
1561060262.7286823
1483499094.0775194
1230729520.3255813
1813894205.8139534
1227580410.0775194
1575546401.379845
1379424475.4108527
1407942651.4651163
1624439292.7596898
1517857854.8449612
1342181092.8217053
1406398881.7286823
1775983414.5736434
1327272488.2868216
1663809837.0697675
1516552569.860465
1584593337.5813954
977961865.8139535
1431416299.5503876
1655130264.5581396
1560285296.3875968
1500119571.5658915
1190477295.9534883
1721720692.4496124
1373219147.5968993
1898647994.635659
1710571455.7480621
1870675352.3875968
1875698232.5581396
1694162491.6744187
2006534186.9379845
1242225833.0542636
1638596806.1705427
2133178071.2248063
2187957763.4728684
1593947664.7906976
1677545826.6511629
1823718586.864341
1981237209.2093024
1720222154.372093
2174575212.248062
1910124237.8914728
1183727552.4031007
1550512400.852713
2209482499.5193796
1516922107.0387597
2429856759.5193796
1933771087.2093024
1240998722.0639534
2114540649.5968993
1766815120.372093
1543261821.1705427
1661910415.379845
2191476147.6589146
2125950215.503876
1993530723.7829456
2349098647.0542636
1798713842.8837209
