25.145816682041556
5.578529755274455
4.591491233611452
4.68034418337587
5.226072225017824
5.813044118708459
4.343369865763014
4.275550706662994
4.31524793782096
4.182003874061764
4.001949400573537
4.257840408795122
4.0373673205790315
4.0946710755427675
4.256117206336795
3.824833463931429
3.316071755860163
4.858859610082447
3.383820745608081
3.3436336757048317
3.0533205370108285
2.8247906348627545
4.269203125026779
2.566058192672073
3.2779739789556768
4.3033778690125635
3.9545602571705114
3.7855321672083675
3.096854274039683
2.670365955842578
3.5187701888490412
3.227400072026944
3.336287798009057
2.953246484740057
3.0020321919650272
2.3720059251223784
3.021944983821848
3.4828407283926355
3.826286855923093
3.160093566429788
2.9352685193652692
2.9910358690481256
3.1150113404660984
2.4950840929928035
3.0882994472116665
3.0354164012748264
2.958873855031055
2.041463596476377
2.921326177275699
2.6764554844602295
2.537447798943174
2.4146830566443396
2.639788026287072
2.985671531409025
2.9403523479358875
2.772486443752828
2.645116707013137
2.3134341271243235
3.26327830326298
2.434224055081174
2.830696728620408
2.8148220258130543
2.3645885647207066
3.488475524213003
2.665082752434672
2.6752461451983107
2.3529518855654676
2.902670691896608
3.165470168750355
2.349613722683727
2.6617499878225117
2.685371400113555
2.0320780799872633
2.6412849047801634
2.383663847178653
2.521907325240149
3.0920781258061742
2.458878532645927
2.1316379325437373
2.323392443061955
2.1248110138635705
2.802080717585657
2.235757324466671
2.5299894191000774
2.2808483791524083
2.2187844069431657
2.0120513691850332
2.9043345697548077
2.2369895891110967
2.0645743041042834
2.171384481875145
2.5119771362430807
2.1059808070784896
2.649973093383554
2.6491352082162662
2.3711462648234507
2.569735528766245
2.0989838783237813
3.219266201113013
1.8853356258106837
2.281465992817412
2.479403384596757
2.1838076425905246
1.978476502487193
1.6955471033689336
2.4613725391581007
2.296711947849911
2.6121628045819807
2.0485907324414323
2.5001057314052098
2.285550511131684
2.6904971356085245
2.750129048348121
2.322326169686689
1.907328187501517
1.9993723166323658
2.350374818280123
1.914160126739222
1.9524544942044262
2.88751661369874
2.407636375152978
2.207515705430853
2.1584849242066992
1.8881683793944726
1.7842656263028798
2.1544562948570736
1.8207309706325547
2.015078808491429
1.8963970422096874
2.2691200087251873
1.9458138013015622
2.314543367431
2.383938860202181
2.5767509398469026
1.9754378953813643
2.005965618065734
2.0654750882877386
2.5853087889651456
2.189648209814576
2.5406008972583907
1.9011427170826474
2.1207160847666473
2.631057091003311
2.263954730299504
1.9391674540828967
2.1190206912494656
2.2043127152204947
2.0441635797961033
2.6080938765266235
1.9156539748706247
2.157428640008405
2.166858677090942
2.0846069086936936
2.2438056400396684
2.3485713875380116
1.828146502888505
1.4278270114564162
1.7632739465562222
2.137706381849189
2.0055220451044
2.0174381600395925
1.8796066534368023
2.1692034444785206
2.5160286966441334
1.726875831535005
1.894167091427506
1.8550163166786449
2.0465597886916087
1.98753725891204
1.927276560091886
1.886000738735648
1.5983801777946993
2.0941200615379256
2.0026284996150197
2.123922635436706
2.3524518066990203
2.009572302679653
2.1344877487669387
1.9793995755549143
1.6077010978175246
2.4388960060542044
2.4903421870068363
1.7479538912007557
1.9732653061062961
2.063437378546898
1.8729629945819792
1.687067809474209
1.9202917152340861
1.3195739000549782
1.6181312383867907
1.8274436377636765
1.931909850920024
1.7057885994081912
1.3608376316159316
1.4059716855729187
2.2990106752115316
1.8800097438844219
2.2597036325521227
2.3851064030162017
2.0332460630199183
1.6064914585077676
1.683615400577369
1.7340486943451823
2.342084296493103
1.8331723989297946
1.8388321972249642
2.0142730898561254
2.1097894636779158
2.0280565707741873
1.8510112114709572
1.8941781609386639
1.695411698555277
1.8084953159795722
1.9725684986274312
1.3607305015126865
2.272459861997893
1.6974371534407786
1.5748674031616985
1.4555301541543526
1.5768164838056848
1.7219431019941533
2.413039532098649
1.634780223224906
1.7808768027664528
1.6166311396096928
1.4497144846110672
1.871555290184915
1.5318320272895305
1.5949281928115997
2.1938121005136897
1.7491925143353317
1.569788358754654
1.6549039333248916
1.5794284402433296
1.874356791485047
1.5938217659359393
1.4247690866012936
1.7110909129074519
1.3971710319401345
2.199508743279654
1.446392796582718
1.472024077941002
1.5496596753651248
1.7947868919809875
1.7124567729407463
1.985270578198243
1.3588091967006524
1.6024107296370727
1.888072065172204
1.8786150992348574
1.4588424351498268
1.7551072577716431
1.6328714841139922
1.8967926853025954
1.7287807794746712
1.5746583102297955
1.7530170507405116
1.4419856327383413
1.3387389292778529
1.5905138565146404
1.8938684066136677
1.8859818718949521
1.6267742451982221
1.752327304319951
1.9309682898169411
1.8240501332920098
1.996635140567694
1.504837961057606
1.6587911119171674
1.7722756693382626
2.0112380121524134
1.5199540437914538
1.6908256787860738
1.6150636854649023
1.3663174049604847
2.018938791843644
1.44176302742267
1.561141815346976
2.0641742243391015
1.875214655087262
1.5842358955937992
1.7356430040807396
1.5846116310390441
1.2656306158886224
1.3149558914069464
2.0677815310225105
1.9914129656888004
1.9050899000865393
1.5142182495067085
2.042805693179801
1.6259558261439637
1.4756445311063873
2.1566954169530366
1.7233083103176043
1.5331551893141822
1.406420170923398
1.6644798822134086
1.8435797660571078
1.7603717365072689
1.7193253629341505
1.5432125995529518
1.738188522570915
1.5462404524475553
1.4221044571773298
1.5997102226171156
1.5489009004356205
1.8164292402241542
1.6661704364435181
1.8183037284761667
1.3266808045353147
1.6681370336724364
1.5194666759124484
1.6655108981050444
2.192096595949345
1.2151766203451848
1.4645089706325012
1.4933757233176974
1.5022399344791968
1.3826345296279676
1.490653846412897
1.6324109601369803
1.2241461812586025
1.7698355577211233
1.2178941822367841
1.7258531402634538
1.3653590488989933
1.540958716183145
1.5665010857139376
1.3052211512366068
1.7416459064039846
1.668345365119909
1.3488551869826473
1.9806411623738813
1.2252341871271315
1.5310531953430695
1.7426411177342136
1.6819482915157424
1.5914454297635003
1.4030465960934542
1.5236439759424631
1.7067687362162531
1.3291869805990786
1.3732480574264259
1.6543576094470378
1.6382974265818147
1.5692023949535645
1.59112799745323
1.6536501941163146
1.7296632032139578
1.871183278767959
1.3754719115280802
1.6278667739471016
1.4077912541106343
1.566034360302855
1.4111497193520917
1.0384789232866487
1.3834391526634926
1.5046209440013205
1.4030866644250741
1.288066340772354
1.3318910897048055
1.4310760508169946
1.150648401705953
1.2600366026837972
1.344716276595558
1.6962273919522979
1.295595008097049
1.1541219575843518
1.1751914444932903
1.679456539951481
1.3995546107922776
1.321417071390897
1.3600918043985206
1.5030684233980551
1.2199772894989862
1.45096733894847
1.288155354194991
1.4546751672321039
1.4682242445701705
1.3565726710240478
1.4854585206864968
1.0655633996956158
1.9470264330047413
1.3325316704593706
1.38209675622942
1.3334126830559925
1.2657427274068629
1.3726632324573786
1.1024138095343243
1.3746880606572698
1.6989139408089113
1.3263460692909101
1.2306131038652814
1.3869755837418463
1.7890992370177654
1.3359628381018622
1.178495176271468
1.4205248441439176
1.4923569735517537
1.1824189853193103
1.3234668710822428
1.3698189138380839
1.462426255227647
1.4280733577907085
1.515746230583476
1.4286754514104214
1.2891129176604792
1.094128947360846
1.1951420738739704
1.3682685240941204
1.382746083567432
1.4674500064465448
1.3064504575011306
1.4752655299920319
1.5052492706024128
1.2195900120650944
1.3519598092694862
1.32290756813102
1.0476608588157788
1.454030080637692
1.5715328282744125
1.3501932532729015
1.8606208562850952
1.3307336444251132
1.1041444920516317
1.3072005826305004
1.181131307616074
1.2886957268676031
1.1434002863243222
1.6211413691441219
1.5634698131648095
1.337382234511492
1.6661497202188964
1.1693191039713398
1.44945696371513
1.4092913487710166
1.2069994943837326
1.369356652073886
1.2322085290553346
1.3922524329652821
1.1087196570942583
1.2217318665479189
1.6065602194301891
1.31924198453814
1.1146917419265145
0.9782106782363701
1.2177707408487364
1.2704748757440003
1.362379128302353
1.3554231745015453
1.162540074458103
1.246989574647792
1.337320972530954
1.244828551326055
1.304870551492533
1.3362028206955048
1.2700840731259382
1.398775250515968
1.0867160448831492
1.2019472264320306
1.221719827995622
1.1256331683177014
1.159272522692555
1.439722193526509
1.0796656815767072
1.2616963430604748
1.166570427071681
1.177870197545575
1.3041103885009668
1.5483300655513355
1.4966789123777677
1.4407474360145305
1.1444604650234291
1.366878942950912
1.1662400782486235
1.4015530740464295
0.9616436708745533
1.047919495800591
1.1499757618791815
1.1608664392615142
1.1926766082617468
1.4366469555939345
1.0682753943500742
1.185171220937501
1.1635060485020496
1.1578893233900485
1.336927716134359
1.517539057286753
1.0821640248936804
1.3801445825349377
1.1892736476940522
1.0961290484942172
1.4752886367799796
1.217835073021875
1.0301012593469974
1.1368351144635158
1.174563693571026
1.2326684828469718
1.120990988906419
1.157362339525497
1.2946714218368456
1.1870983419602439
1.210229159042617
0.9988671214913653
1.117964965392552
1.2161387645882433
1.1339821915101747
1.3732335610261215
1.3316461630503014
1.2632327362409104
1.2630130290391222
1.188949714212314
1.1384088897780664
1.1840530840572023
0.9242756512771914
1.1555535642808115
1.1125124618681013
1.1249923357888516
1.292964563043653
1.3511713863336954
1.0507174192158424
1.1497052288006828
1.2000447951959095
0.976296150152558
1.192358884703962
1.0545929474958584
1.1100204229570818
1.209858841735168
1.102181707461621
0.9702882095226559
1.222260938471426
1.1268362113936008
1.0320478015160863
1.2283073190086777
1.3415367820070705
1.5545523842472746
1.122119734144729
1.277610542293152
1.0401958242409688
1.2818841562214969
1.0597941508327706
1.4584855405694765
1.1641694242472127
1.2040707450495034
1.2529372355320316
1.2922040414793983
1.4363360508088616
1.0565646142442373
1.0810061927101966
1.1172993154116515
1.0454581297556127
1.1846700550151477
1.2387707026918298
1.0930899159334924
0.9955693540581758
1.221375689463879
1.193432958027267
1.1683293192147992
1.1728909202324955
1.559012391887929
1.11321668766196
0.9599656452546301
1.0437049149751556
1.1567205199701847
1.0160809745472195
1.1086028951179723
1.5301925591260628
1.2033591237040642
1.0788720277934403
1.0484288628820493
1.0194300883922025
0.6888050860050472
0.9440045717266806
0.9426517394519802
0.808306193370642
1.023364839144051
0.9453451004473196
1.002038450560708
1.000487898894842
1.119542815513315
0.9448872370969342
1.0884847319077537
1.0611403556608097
1.5501601334890702
1.2301932695942621
1.108017618349497
1.250489673928182
0.9268421221632457
1.0155441372830798
1.0342362290045812
1.1213821869046576
0.9438984148150337
0.8120412051245787
1.1608669887418333
0.9599145014797323
1.1262363810294673
1.1193174208392915
0.8023169212569685
1.1296667451362894
0.7873275493595587
