-0.013660172685796832
-0.013562854623169075
-0.0134599344321975
-0.013358682702169005
-0.013280550107635833
-0.013210977843882124
-0.013130233733466378
-0.0130516862657703
-0.012970433717616546
-0.012896110522158352
-0.012830049185841172
-0.012755081793408335
-0.012663632107001764
-0.012586841796651298
-0.012509908621417888
-0.012433569876040206
-0.012374458788537684
-0.012307315255388801
-0.012238810979473738
-0.012218807849251194
-0.01217025223383565
-0.01212198417633772
-0.012068141596736732
-0.012027964285678334
-0.012001956612975508
-0.01198036509025612
-0.011993780764348714
-0.0119799512564952
-0.011965539718023789
-0.011946705250460425
-0.011951100069707558
-0.011927558254036639
-0.011900326317567149
-0.011896721922137119
-0.011895267778064733
-0.011879290479384822
-0.011880740316377746
-0.011870229734038866
-0.011855881520903404
-0.011838154257907544
-0.011832226854231622
-0.011832898294116243
-0.011841739442797355
-0.01183773136617225
-0.01182477310023926
-0.011828770046984708
-0.011842412614252097
-0.011848831783842157
-0.011874259132202025
-0.011874903101520038
-0.011874471315079266
-0.01189538503272666
-0.011885403641672046
-0.011886715985558651
-0.01188450793011321
-0.011884691586924925
-0.011900183609054413
-0.011917682419772502
-0.011911508972170177
-0.011922616088463936
-0.011924114662372035
-0.011967380356365517
-0.011976856998179429
-0.011996001743332103
-0.011993823492508611
-0.012012212022127192
-0.01203661067986194
-0.012058367667558752
-0.012082860998257443
-0.0120960311918163
-0.012120023358291314
-0.012142673643006955
-0.012182209615446167
-0.012198875274187252
-0.012209770506546822
-0.01223061977437249
-0.01223880437973105
-0.01222341646336847
-0.012239841946665152
-0.012255763685629691
-0.012263465716423077
-0.012272538879403362
-0.012278068403678911
-0.012286970821887623
-0.012279907321948329
-0.012282319849839917
-0.012295779581239194
-0.012312004538137971
-0.0123216603871113
-0.012332119272998822
-0.01235341453625832
-0.012371716625344606
-0.012380999811913497
-0.012407777851654424
-0.012417314820175553
-0.0124348778553583
-0.012443650778337026
-0.012450271074510652
-0.01245339085796365
-0.01245701505722087
-0.012494833245413539
-0.012499844864654688
-0.012523094316323598
-0.01253905974926404
-0.012539189580230065
-0.012558962848543385
-0.012579325761324093
-0.012578111079831918
-0.012584373805625939
-0.012577631248644104
-0.012595676943475817
-0.01260008186009931
-0.012600023554707015
-0.012617631205989991
-0.01261892446121316
-0.012624467242463135
-0.01261472349503526
-0.01260273539127759
-0.01259030059531883
-0.012589656412141558
-0.012607458475287313
-0.012612635766466459
-0.012616580407376643
-0.012633373473345498
-0.012625777769695829
-0.012633202855049827
-0.012614714259994619
-0.012626118435995815
-0.012644271253619666
-0.012664016352299554
-0.012687103882615949
-0.012702781978396721
-0.012700132554236018
-0.012708332759822593
-0.01272559257477154
-0.012720296451430997
-0.012710036056829088
-0.012720842174265855
-0.012729382917376948
-0.012739995784229702
-0.01274767473432017
-0.012762171579639853
-0.012774221615198953
-0.012791174291460603
-0.012762996952198905
-0.012759680965524397
-0.012758984568494338
-0.012774381400258453
-0.012767320236674061
-0.012785869151537801
-0.012792105078237291
-0.012789973625798284
-0.012809243908634893
-0.012815714445838958
-0.012809754839098011
-0.012811422653864195
-0.012844640283304967
-0.012828998182566814
-0.012831229419895895
-0.012830801105793611
-0.012826825572568694
-0.012819884535799056
-0.012833903729915618
-0.012822983986525625
-0.012818350150813292
-0.012829709432467267
-0.012840256858387111
-0.012844176238609685
-0.012853633173178008
-0.012870565479920234
-0.012866550771358572
-0.012860949546742587
-0.012878140866940405
-0.012874707027717872
-0.012867959931400823
-0.012841776107656367
-0.012843917609180933
-0.012831661263825718
-0.012830186442092613
-0.01283018168889814
-0.012807360302978828
-0.01282023023813963
-0.01283174327770133
-0.012822992189062967
-0.012821102360792366
-0.012838685997750288
-0.012846226642989083
-0.012841552912177126
-0.012824180880906406
-0.012834285289325096
-0.012844204339256256
-0.012830192147305719
-0.012839073241676813
-0.012828979107700748
-0.012816691681466721
-0.012805672859152158
-0.012795831743673778
-0.012797785543457226
-0.012801777408170848
-0.012806593015054126
-0.012823152164986104
-0.012854358004291116
-0.012869366440048189
-0.01284086589506011
-0.012841743502168008
-0.012862876804982439
-0.012858238508119995
-0.012862349586722291
-0.01285138866967625
-0.012841015610337993
-0.01284079706457294
-0.01283800544700137
-0.012841046141621508
-0.012851353109250833
-0.012885089713022296
-0.012868382687461965
-0.012856605883549761
-0.01283382944256803
-0.012849156645896994
-0.01285533363022554
-0.012861537153798121
-0.012854071849106271
-0.012850777556498846
-0.012857539588470518
-0.012835968272001655
-0.012828066022951662
-0.012839466632332331
-0.012820151963351685
-0.012793093531128065
-0.012787189523195044
-0.012792955808065555
-0.012794087003962493
-0.012792202059961396
-0.012786673032391218
-0.01277803897075815
-0.012791024562385346
-0.0127958828445386
-0.012805832423453714
-0.0128267495950431
-0.012860294686699355
-0.012857523882462654
-0.01284956921029974
-0.012857295736026616
-0.012874807270220768
-0.012870078435006701
-0.012867034012796702
-0.012868721028904856
-0.012837677175340094
-0.012828653547222967
-0.012844046745679261
-0.012841916879937973
-0.01283871720050588
-0.012832148472008146
-0.012818187794843573
-0.012810691630030856
-0.012811053183251693
-0.012835335140518937
-0.01285582224573986
-0.012856046609396552
-0.012868901953837018
-0.012865833669073052
-0.012865243118578269
-0.012849550365389865
-0.012838132357523764
-0.012856355856782124
-0.012864343081543475
-0.012872005311519276
-0.012862673843348467
