0.9672222960878302
0.346108400085826
0.24738566616987004
0.19455919012565304
0.1544169398714547
0.12210352270415535
0.10247411538191416
0.09007521503731425
0.0794445082993695
0.07085465316281274
0.06027576190844914
0.05496598138347452
0.048756853965927424
0.042341096025466186
0.036315633297932366
0.03352263914651157
0.030913840225081386
0.02677369316993856
0.024517968512013738
0.02461646388710281
0.02152435769683417
0.020584869275536433
0.021604122382439212
0.019186232606937855
0.016826763010963246
0.01747622115790476
0.017386171271173673
0.016967343810347865
0.017512437311449535
0.016901130328115858
0.015716543446444436
0.016357670758885366
0.016843880602607022
0.015944178779552013
0.016660309718622836
0.015539413181214053
0.016902994041411597
0.016097882557890297
0.015350166702482067
0.014966354870961773
0.015826438843376107
0.016439000618310624
0.015763582506527502
0.013857859268462584
0.015253476473146383
0.01478392858012223
0.015068945916438545
0.014706093295948741
0.0151407526438067
0.01579637515163164
0.014701004110184717
0.014745943796717459
0.015914082964077408
0.0151409284223193
0.015731993253216333
0.01506351617705307
0.01505950646084032
0.015564153221562321
0.01480387413966251
0.0161311142169583
0.01620967031146089
0.01634986685175035
0.014912807958683482
0.014126606378704309
0.0163718684139535
0.015169092581641895
0.01430657292244795
0.01565823181198887
0.014971764890454065
0.013999615416482643
0.014744201535933915
0.014143176250343706
0.013470859250720637
0.014119699591609799
0.01334942064397497
0.01435059282100863
0.01460958968066139
0.014409430943613435
0.01564578457425038
0.017507448218716883
0.013810732621515607
0.014882259318076166
0.016617397052224404
0.013695229662375318
0.014942902802593179
0.013980568762592696
0.014134490725664813
0.0152185124874023
0.014520647749304772
0.013541593518752008
0.015820990262530102
0.013210806443735405
0.014403680308411519
0.012992146055869482
0.014228207652491552
0.013251271338006597
0.014009907743951052
0.013506867456031434
0.013680300412032708
0.013639782193220325
0.013265904809497757
0.015202609101241386
0.013764769654077144
0.013537885576348614
0.013311743999566928
0.013667590046922366
0.013875482955740558
0.013699138326639378
0.013703212990529007
0.012839931159935616
0.015619664578296152
0.013436035808451749
0.013167574493513431
0.013738166510966826
0.014028912985030517
0.013152760345442795
0.013214727357765774
0.014164506261133485
0.013728806968594407
0.013779596322112612
0.013292993655727234
0.014324567040405524
0.014911951669664294
0.01385383824415413
0.015432960966624963
0.014174429238716393
0.014626983017373233
0.013902266071764407
0.013574205971334451
0.013670646386611977
0.013440853705698693
0.014673747080895637
0.013602976321622178
0.014493764143575122
0.013700426443491454
0.013909490948060044
0.013770986163275845
0.013727209889502438
0.013920487587650616
0.014931075404869553
0.013716530925191846
0.014546495109198638
0.013045250700303802
0.015251720204581449
0.01422267712905635
0.013602870994787894
0.014460784664814487
0.01340488790086022
0.014630927605393492
0.01284331918153682
0.01327855635986284
0.014178659185123297
0.013092872517666332
0.01302578704730596
0.013606065817545225
0.013082795597060963
0.014127913213990352
0.014469018329026891
0.013435681236700879
0.013471719196043265
0.013764121850239642
0.012547394697680885
0.014290524141885984
0.013439178025280987
0.013043459835979673
0.014736142233703975
0.012485350823650758
0.014853546564915665
0.01471000341353593
0.013571450767325766
0.014164450899180439
0.013292235374036763
0.012857538278870009
0.01446323035698798
0.013461631994096585
0.014611464553731092
0.014108922626869178
0.014086576843243322
0.013624808461301856
0.012795326171189914
0.013757638658546371
0.012817163304368287
0.014066107615966487
0.01372948122429259
0.014988600716776686
0.013497825972965838
0.014479417748243352
0.014566447321371532
0.015679637957824233
0.013613819498798729
0.013411541593571503
0.012695217502797828
0.014753106986115008
0.01370567472099706
0.014901186879954221
0.015186684233722863
0.013517627338476387
0.013524184316212749
0.014007936219144382
0.014234782587506888
0.013074814661601443
0.014649315713042463
0.013325843045970908
0.013315867560191288
0.014215989432723066
0.01311966909762518
0.013835781849460837
0.016641933244457584
0.016016559326952253
0.013070934340587736
0.013271427080955035
0.014275735263701206
0.013498076305575209
0.015508759174679901
0.014576789971303057
0.013021674119855886
0.014023531013294871
0.01439482942223549
0.01423125332451345
0.015330454363361185
0.013947065252764726
0.014480805322297929
0.012919953786250618
0.014509098680207022
0.015009626648446291
0.013544035897256784
0.016208290591560027
0.015228672999382756
0.014124694053819518
0.013587887041316724
0.01353649927970068
0.015262917921315004
0.014149560552826266
0.014552986265424592
0.013984898357065739
0.013336695222483005
0.014671689739887729
0.013396830705028994
0.014625525428557102
0.014190138092287528
0.014523408970117202
0.012700356781068775
0.013255785456226197
0.012992911474250348
0.013773139284486756
0.012868113196052518
0.013030795598931518
0.013314731273064274
0.01439134636318978
0.01357852630087255
0.014793400536578747
0.014460500802292869
0.013061964903946644
0.0138638268466349
0.013874940691446817
0.015591224310574707
0.01395287627676203
0.013652818509733971
0.013948441320961272
0.01305115232129156
0.014657950501337096
0.015048953446985027
0.013605601217505741
0.014662878900582408
0.013368440563158121
0.01318172786016891
0.013505324627054326
0.01378711245632098
