-0.0008713306527533913
-0.001085739825832549
-0.001527849791919768
-0.0015027795012470264
-0.0012963293017958124
-0.001576769755191378
-0.0013175514056972114
-0.00166844721059666
-0.0015567369901450135
-0.0016349182587668866
-0.0016025600872617177
-0.001653806659870529
-0.0015607971318428318
-0.0014828903274482065
-0.00158244754513415
-0.0015732820824050496
-0.001516208737367342
-0.0015595569395853973
-0.001491135158341187
-0.001666940334967531
-0.0016968959125996598
-0.0014826042804214278
-0.0014202128624387106
-0.0015892521090541784
-0.0014499147751062813
-0.001303498236243848
-0.0015018645362592615
-0.0014425089705677005
-0.0014251435818788333
-0.0014735439628604597
-0.0015127553364270448
-0.0013344513626792742
-0.0014095105493291834
-0.0012897967404430334
-0.0012467054616629907
-0.0014080299290439979
-0.001235127018667913
-0.001159137403760443
-0.0012297919945543814
-0.0012379677693222118
-0.0013285893597294299
-0.0011380578729406324
-0.001260525130407534
-0.0012305170848597902
-0.001086809583834683
-0.0013189045684257334
-0.0010911352992579776
-0.001134676678383766
-0.001138498433376269
-0.0010933683192568015
-0.0012049171342267267
-0.001099304938601851
-0.0011339339203906174
-0.0011243395389457633
-0.0012416881772026429
-0.0010965806082497847
-0.0010874366722819703
-0.0010882216043794199
-0.0011023490229414771
-0.001147398962496301
-0.0011373338490367737
-0.0011487731186076986
-0.0011867695046984719
-0.0011825219288880045
-0.0010614802843555418
-0.00110295488514511
-0.0011944673309258833
-0.001174916366459881
-0.0011417441028527397
-0.0012582420725019844
-0.0011065280944728437
-0.001093546499651787
-0.0011755056201995543
-0.0011873643782925939
-0.0012743776295881227
-0.0011540507274601327
-0.001273462422149476
-0.0011699945876699949
-0.0011930628598013347
-0.001150324000720476
-0.0010828694878170044
-0.0010998484829095225
-0.0011698620689910419
-0.001087675915669593
-0.0011335817872995134
-0.0012039994925013226
-0.0011253512355731373
-0.0012385195325167982
-0.0011065405395739361
-0.0011488538707209802
-0.0011773479633653933
-0.0011462508642970002
-0.0011465215287671307
-0.0011966663192724068
-0.0010854863539246594
-0.0011572291712592371
-0.0012159341208409908
-0.0011841500043429309
-0.0011978721775449549
-0.0012716684550695757
-0.001247366424859145
-0.0011891168378025125
-0.0011926248029747086
-0.0011797047398230621
-0.001147043387804895
-0.0011860932110727093
-0.001231937711747622
-0.0012260001207762053
-0.0013289420967260129
-0.0012315314486654962
-0.0012463949092101842
-0.0012620597546264265
-0.001270082679994177
-0.0011574389771085165
-0.0012484955352513767
-0.0011926270285457622
-0.0012184316322111297
-0.001244381220176421
-0.0012360528597322562
-0.0012954772244778247
-0.0012444186654332477
-0.0012222085718315578
-0.0012549449508241787
-0.0011078912572980916
-0.0011219208515997486
-0.0012337560765392336
-0.0012390640647765784
-0.0011161504444168059
-0.0012320671168611745
-0.0012031052141032383
-0.0012617508758604491
-0.0012166158687055163
-0.0011867818224371265
-0.0013160360939165048
-0.0011785478730314658
-0.001257292484915079
-0.00126646889988995
-0.0012047120660765524
-0.0013619307262823345
-0.001228776901573411
-0.0012938638615017336
-0.0011457995672448486
-0.0012624912533200222
-0.0010820471661566972
-0.001274157438819164
-0.0012227561432240496
-0.001213298654560568
-0.0012819686017222724
-0.0011772720421421219
-0.0012371370549462246
-0.0012103485340085919
-0.0012441678570721062
-0.001250255305999694
-0.0012110282711019814
-0.0013195581667760539
-0.0012378952353475636
-0.0012694208358500633
-0.0012970323440852894
-0.001129124902679443
-0.0012824013985457713
-0.0012283614951191077
-0.001283652794602628
-0.0011601312806579314
-0.0011980663409801211
-0.0012576013472628093
-0.0012663708026283804
-0.001125002648857309
-0.0012295036755863274
-0.001150983503699849
-0.0012586718836766699
-0.001217458612579255
-0.001210577543269105
-0.0012211532474277283
-0.0012812260639416479
-0.001272621299596036
-0.001283689964272563
-0.0012462965154592272
-0.001241051333967731
-0.0011816536975484363
-0.0012784961098977461
-0.0011905054406738992
-0.0013705180036002336
-0.0011689829742976736
-0.0012920942821653782
-0.0011822254475741772
-0.0012295120816538786
-0.0011802949613566682
-0.001256035078757478
-0.0011933637989206642
-0.0012919562860798138
-0.0011999363491775946
-0.0012247631571380424
-0.0011711811440768037
-0.0012451665278930904
-0.0013021936338838405
-0.0011712792654519745
-0.0012430473341872702
-0.0013525913335824186
-0.0011663270623913562
-0.0012480329626296369
-0.0012548194966345884
-0.0012232567727173068
-0.0012268185742722402
-0.0012957184989835782
-0.0012769124727522734
-0.001105397509068887
-0.0013173419180748376
-0.001361036955179765
-0.001232112662921714
-0.001331969772871063
-0.0012971804588796359
-0.0012341964220232277
-0.0012882714134982778
-0.0011802400533317257
-0.0012953232165127252
-0.001236217195455987
-0.0013406800910925655
-0.0013919059863526952
-0.001235899154280772
-0.0012551814574476132
-0.0013743013613441676
-0.0012461603718953733
-0.0013291519339545706
-0.0012735999030275274
-0.0013037664027830446
-0.00131716049010261
-0.0011649421529437113
-0.0011733912767673141
-0.0012083698379409475
-0.001219602506548096
-0.0012286470439641895
-0.0013103797566328755
-0.0013637877302470056
-0.0013481277982982844
-0.0012511994507588614
-0.0012769101107363177
-0.0012262390259246672
-0.001176464343984522
-0.0012994481643712043
-0.0012472214386244726
-0.0012681207533384563
-0.0011706912856574109
-0.001282179213399729
-0.0012456370237096314
-0.0013040224606914264
-0.0011718366543287033
-0.0012715771514468475
-0.0012469170690489364
-0.0013182594592198286
-0.001284756983060658
-0.001391150344394285
-0.0013981606034217237
-0.0012500965395473129
-0.001302093508611483
-0.0013381824109326764
-0.0012441010596019645
-0.001159117932208656
-0.0013927380835875064
-0.0012546692873426535
-0.0012809678553175538
-0.001181001850395381
-0.0013386092075107203
-0.0012390537492488738
-0.0013215397594997919
-0.0012430658657332624
-0.001205044661710354
-0.0012784778879665175
-0.0012735677258005286
