0.9817538013060888
0.36075699344093415
0.26237345067439255
0.20942065278873032
0.16899381926582183
0.13689126975397453
0.11692190040937728
0.10479534834301397
0.09397167911304644
0.08538568225102844
0.07470837116103482
0.06937486978540956
0.06298128330482193
0.056410828039602
0.05040798942891904
0.047529491188039105
0.04480450778184918
0.04064056522667086
0.03824791464046288
0.03850221205100325
0.0353915059114059
0.03418945761995367
0.03509247692281748
0.03280344907363969
0.030278634344785255
0.03076008443129939
0.03088181660780798
0.030389804031590667
0.030903120702391283
0.03032137951468704
0.029180398826159675
0.02961968030481611
0.030153717393526968
0.029130697528182033
0.02980228304075376
0.02882673363891189
0.03001886144363793
0.029127249783221173
0.02843584030231369
0.02804247682733047
0.028987255088990714
0.02940995673444927
0.02886584705391462
0.02692610780804786
0.028165059162729225
0.027931603250585288
0.02800249377406421
0.027689601706461637
0.028153510214358475
0.028764646485545615
0.027780392583471113
0.027740633807556106
0.02893342054837073
0.028151983918441044
0.028858189328133853
0.028044788469560444
0.028047126774276596
0.028570057179514365
0.027817732173256737
0.029201129347267044
0.029271118767648638
0.029466020354978098
0.028076434488491626
0.027305130064516202
0.029427172166775383
0.028284259470694205
0.027537650957036718
0.02889151582278794
0.02819636988534052
0.027353888801025964
0.027970752926014454
0.027379396403306108
0.026828574455690996
0.027505939157484213
0.026833568740834448
0.027735263333630022
0.02812185642844135
0.02780284200720259
0.02907868942079123
0.030913535947336552
0.027157067926672437
0.028254646589306907
0.030065327580015025
0.027069876468553564
0.0283563919670098
0.02746688800886917
0.02755562155730275
0.028769036447111932
0.02794884866725849
0.027022566533084085
0.02935175282678015
0.026728774015331802
0.027931201718905712
0.02659659025699107
0.027731008774077772
0.02684337839219765
0.02766949260588678
0.027141288512481238
0.0273315633908719
0.02736846573397885
0.027008104579735914
0.02889157076025623
0.027480488850010767
0.027256650029520654
0.02699797689105545
0.027412646130247638
0.027686746433926285
0.027503249503062738
0.027616528818961577
0.026649093766118986
0.02946173644985394
0.027298177439391752
0.027037680690912645
0.027513236674928554
0.027896333004945865
0.026969854596191674
0.02704788245423122
0.02801162290593816
0.027555160447207773
0.027664729863488585
0.027144870711749213
0.028159411406549796
0.028783476988951687
0.02759510307201978
0.02918065957916199
0.028041388083142976
0.02848076130857082
0.027644534892888373
0.02745054433802085
0.027537768053172592
0.0273897084046046
0.028593144845145604
0.02748989071941325
0.028518132957842567
0.027604566910735297
0.02788707993149953
0.027747491219391424
0.02765276414560683
0.02801180112701668
0.028899848003250857
0.02775806946777681
0.028454466329896132
0.02708196359353117
0.02912494164473308
0.028259831588905028
0.027585308071021795
0.02843306794098613
0.027461237929701045
0.028575519747805013
0.026866325387446623
0.027281009894077102
0.028212800645485037
0.027152371736254864
0.02705252985484369
0.027735378858302778
0.027132113458571472
0.028241974442987414
0.0285950488537366
0.027396035592796075
0.027584921724211862
0.02781930895569665
0.02665093185245002
0.02828455913048755
0.02746022829410827
0.02711941132876723
0.028832222536108513
0.02645061030692168
0.02892722650014301
0.028714620127676078
0.027700688106936322
0.028248460330701445
0.02736376240069081
0.026956832341283536
0.028619163419999597
0.027602213289571444
0.028736930657580588
0.028199136814527948
0.028159289434049165
0.027636648576137506
0.026904003934778077
0.027755504481517423
0.027007911534100357
0.02806683392213646
0.027844567735820294
0.028991928489743673
0.027566024035080277
0.028505939316366694
0.028664035240423946
0.02969718264440293
0.027740061152467712
0.027455682255382315
0.0267501727781362
0.028763361370124866
0.027779820296743793
0.029020072272935606
0.029163636304840538
0.027556506413779578
0.02767456120101413
0.027976040756487987
0.028289408607977545
0.027152786312343115
0.02872693051108343
0.027422028056627575
0.027452451952109342
0.02833464539517867
0.027087943284645862
0.028011362323175287
0.030865319747977925
0.030100060592514726
0.02724391961876981
0.02740940467029074
0.028347937246341902
0.027627393869571044
0.02954035226635083
0.02875720288720913
0.027126273927336304
0.028220816959920167
0.02862056500377582
0.028316309109019736
0.0294409694193207
0.02818290377186646
0.02858103745283536
0.027099883386054662
0.02864023805962427
0.029149361322978858
0.027689262406676317
0.030212699451173344
0.02922221626755839
0.028126157507196898
0.027594679075344984
0.0275581021766598
0.029367384771143812
0.028305550381386033
0.028687787113530146
0.028014136732550175
0.027404629829825465
0.028693811571007064
0.027379127492176736
0.02875172324546176
0.028297654265123935
0.02864905370285815
0.02672061724142735
0.02739526049685262
0.02711335571732855
0.027947240115508414
0.026906983802787797
0.027171093717800958
0.027399325530608126
0.028538259336247717
0.02770733006800134
0.029026467811724424
0.028697378723019803
0.027144209946215407
0.027984108107975098
0.02802381477617647
0.029646378532583815
0.02794732934447511
0.02790137890871488
0.028059157106758062
0.02720102211676055
0.0287047861009566
0.029252805845038737
0.0276942052821669
0.028822551129808374
0.02746786227820579
0.02725111570038235
0.027655807867743947
0.027923354123759278
