2.804756160881429e+16
1469771878207033.0
363151427769078.5
129439435092423.11
62666279686902.516
39905394951357.63
23500948011842.37
8361153260202.667
7823169145818.074
3797814392718.222
4149845574238.815
7895163282925.037
4261531368865.185
2769295403083.852
3059657799300.7407
2688494839883.852
2364733091915.852
4807413422610.963
3144492076600.8887
3598685480429.037
4681243419685.926
2069764398345.4814
2596747840777.4814
1954425381925.926
3889776222208.0
3906454892107.852
5436670500257.186
4470733164695.704
2796235281749.3335
4935764885807.407
4155014132167.1113
4677710550205.63
1739638934641.7778
898629038866.963
765444715197.6296
1272467060242.963
805175081865.4814
616281168880.5927
946278981869.037
833474782037.3334
2275721263331.5557
1305354538856.2964
1437235474052.7407
1692382583277.037
1281830893340.4443
737531071478.5186
865499080931.5555
577270262362.0741
576350583068.4445
713873020507.2593
1030115141176.8889
757029494442.6666
614460437371.2593
536037241135.4074
462593911144.2963
819542940027.2593
653929417159.1111
751849230241.1852
651319473038.2222
631353845963.8518
792716024338.963
806804293992.2963
481005767649.1852
457394974222.2222
611395725345.1852
416077962808.8889
454795904910.2222
477876718876.44446
731413372700.4445
505433258268.44446
435210152144.5926
355707406454.5185
547089956295.1111
562314775172.7407
357137232706.37036
437062078539.85187
715291830461.6296
399732534784.0
400538915252.14813
427796812439.7037
424837400879.4074
434192669127.1111
462428162920.2963
588819244904.2963
417116975862.5185
529735397906.96295
507522810704.5926
363306589774.2222
370265299626.6667
520029444113.03705
436583772072.2963
369595507015.7037
374399989494.5185
294131202199.7037
273343532891.25925
561051350264.8889
505795031890.96295
515687767883.85187
398255948463.4074
346988489306.0741
298775018663.7037
244529667542.96295
887214716781.037
10494542030317.037
11991057915600.592
2059479954090.6667
1144902516660.1482
844362061501.6296
763638778690.3704
477194289379.55554
424815119009.1852
771125990741.3334
369846021290.6667
454917582999.7037
846023369045.3334
722747710027.8518
390781093859.55554
384996053077.3333
253144310025.48148
435783860546.37036
582450939676.4445
549007258595.55554
491188480436.14813
414564749520.5926
384052009263.4074
256725902336.0
402489279701.3333
490464219780.7407
514130078151.1111
479390800090.0741
276417072658.96295
434897969948.44446
809544073472.0
573397190267.2593
342008091060.14813
271529858377.48148
447715285293.03705
312710553236.44446
257948973901.92593
187260152596.14816
364661481358.2222
343732815126.5185
376500364439.7037
453043586161.7778
548601406492.44446
240009918691.55554
369742979685.9259
437901953768.2963
279224904630.5185
298361945999.4074
275203221127.7037
256013284354.37036
349563126798.2222
229835935856.2963
436041146746.0741
316233079529.4815
123288448408.0
240424177741.03705
349306779806.8148
298242517748.14813
352181353102.2222
278100871774.8148
193037984525.03705
291122006935.7037
233408884110.22223
408750757688.8889
205356096099.55554
315342225946.0741
223416283377.77777
294969598260.14813
210274025162.07407
207804221463.7037
249815362948.74075
234339691965.62964
384786668520.2963
242707252477.62964
323053523309.03705
277015775639.7037
268059127674.07407
269494506078.81482
414238385265.7778
309369828465.7778
316748260645.9259
347375416741.9259
323525952436.14813
294076348411.2593
402025662193.7778
369082847853.03705
356475710336.0
259460757895.1111
268918138112.0
336140482996.14813
299523674993.7778
310776347041.1852
348333909300.14813
250352594944.0
237806818460.44446
231398268864.0
299321978906.0741
226109102947.55554
185686162698.07407
345037059241.4815
165345854628.74075
215739924270.22223
199005847016.2963
224091383240.2963
262563105953.18518
159982041642.66666
213716488353.18518
247272260702.81482
162678319058.96295
221608579531.85184
153854275517.62964
180433797440.0
144783201033.48148
169227678532.74075
204039004752.2963
221386873675.85184
181944955510.51852
180515746576.5926
182962649416.2963
240871804240.5926
153578708316.44446
191309001467.25925
170248513749.92593
182955542760.2963
183743374633.03705
269172501415.7037
114153981589.77777
264028416952.8889
202444568808.2963
152737552592.5926
226450446231.7037
288940725854.8148
3895884523197.6294
2583379387885.037
309826216168.2963
102048103077.92592
54664713019.25926
35658898133.62963
35024257794.74074
49981424910.81481
40513822572.666374
30324009843.333332
39183251408.75962
23050500410.351852
28920271899.425926
32592097280.756943
40517115771.85185
31568295479.948063
34869899882.708336
31391491913.250343
28477491712.824074
27776555393.13889
34020521463.882523
36506984040.21239
40155243900.32407
30301987488.282406
32826210157.25926
44415297452.888885
35604114967.68056
32798168812.814816
29328020170.75926
34954447529.81006
28915830615.93287
32103465559.37963
28669845670.001156
36468491625.07407
28390743956.666668
31042250352.37037
33898798665.851852
22652275651.09722
22830343484.939816
30528880411.343098
24583774984.697918
37669820454.22222
32444500621.60894
30220457757.00926
37299826644.388885
32447574254.11111
26983562057.907406
23930808914.199074
24231076013.5897
29145505792.305557
28600145580.53472
41233470232.71759
31272497487.445965
25609989162.296295
30996835525.444443
20441044185.71875
30696544792.685184
28043422113.032986
27775442562.197483
19987281032.123844
22524257852.574833
27162782854.79861
29640951676.336807
27190217295.29398
25002212622.12963
17336987133.378036
24490934145.131943
26750244421.421295
26665795707.25926
31051463859.29861
26447893287.851852
30459458675.005787
25874570035.28125
27973438395.944443
21037249880.351852
25459739771.37037
23093514817.98235
16172196522.319445
30721526728.351852
27430160768.88889
24772764014.199074
22378517044.675926
17996043590.369213
15609690068.73611
35256518319.37037
18047578000.171295
20091021066.296295
24196919802.166668
17488330610.913193
23943974604.032406
34780837972.14815
19854202345.37963
17377205330.351852
23500310843.907406
21283899169.47222
19048815819.22222
22890346723.37037
23052167250.060184
18661861170.644604
20879191552.703705
18861200193.76852
20709815381.738426
26678084302.02778
24361829937.75926
24083236954.324944
22031470259.76852
24189271917.38889
13889816027.49074
23702167483.832684
21740795646.166668
21700752630.882523
17564954407.921295
21551791535.640915
19602060775.692745
7721025672.060185
30632902106.342594
21470003672.591434
15343999323.671297
19127107231.925926
15218754443.648148
13138234185.749495
24311181678.863426
22118090340.814816
14860440830.351852
27452932426.282406
19932862088.398003
21441532205.666668
9435950626.52897
14567590752.074074
19781437281.98148
23646278673.851852
19590283517.620552
17650432399.644966
17746346312.333332
17677093192.470737
20799534957.77778
18210569935.180557
17365356829.805557
17320181206.398148
13809777383.072844
22187368974.953705
18492600274.796295
22003416942.789352
18395672017.558304
13529031880.166666
17212078203.300926
20295525063.185184
21762309385.833332
16283499851.243055
19435065507.537037
19264579446.25512
15969241886.503544
14403950388.59252
15970768424.386574
14281416768.805555
8178964050.814815
17359269930.25
19075815010.805557
15554338860.12963
19901258454.023148
16738516082.518518
16819978619.962963
16779608820.046297
15190995340.912037
16408162216.524939
15169536350.74074
14905671535.24537
17697747145.25926
19218296429.5374
14670300546.712963
14888954377.444445
13386521555.38426
12986247783.60366
12974429300.761702
14571283639.814816
17132413837.362558
11461822274.489584
11623790668.036839
17227634925.24074
22348966362.148148
18224801693.037037
14295357054.5
15538333229.11111
16513841357.36603
12333475460.36574
13705821027.458334
16297353633.354021
15456267565.037037
13214587364.399885
16341442360.518518
14665007562.083334
10472607336.161459
13078621503.377316
13129503837.281105
10380071667.203703
13176258435.981482
10234919872.981482
11572846764.064816
14154631747.018518
12820730151.907408
9079200168.74074
11143962789.14699
11210912463.344328
11176416752.903067
12291197257.34838
8632617209.035301
17349687190.407406
9757450624.981482
10897257729.731482
9794667668.19676
14346323632.080132
10717992951.652779
12610083761.89699
13249268996.31742
13233938122.083334
10592207625.185184
10530602537.763527
9296285527.371239
9287736619.30411
13775773336.63889
14711435932.0
13549887135.87037
8260942304.462963
17946691901.07639
9187647963.597221
10175758498.00926
10296327627.440971
13831947132.435184
10005115518.564816
11005540922.648148
13129065692.722221
7707750293.805555
11985142500.282408
9721778518.445602
11795217344.703703
9682260360.749023
10531588934.664352
8445000281.555628
10203065295.925926
13521345394.146122
10565441840.185184
11562699032.851852
9281437282.75
10467935712.805555
6175713758.098344
11285803613.233797
10187928474.518518
8166300864.00463
11919362503.407408
8031359831.62037
10141686096.777779
10715367337.537037
10809761751.0
8915879281.907408
10707341530.240452
12457404365.494646
6361044639.175926
5816740826.148149
11375473748.38889
10424834366.91551
8448613802.863426
11312331478.828703
7530813784.666667
6645542182.068721
11143845016.185184
9465180048.202402
10438352166.36111
7593721882.203704
6597068372.662037
11745006849.592592
7230069146.388889
8984520780.52257
9929944751.21007
8220171600.122685
8913210323.962963
9781141087.11111
10107099833.462963
4446156928.351851
9437368126.030092
8516683476.460649
10212948098.380787
10090068691.431568
10822297341.458334
11114770969.222221
9068171443.596643
8312962833.370949
10114656932.728588
6612592267.125
8080141525.914351
8238708355.148149
10520560508.805555
9747687649.407408
6384822176.830296
7918164156.101851
10202990930.726852
7938784690.583912
9302866585.217592
10506605802.939816
8561014315.543186
10676527348.619503
7655727300.234954
10015696098.81713
7517192629.37963
10505656833.851852
7469188218.747685
8288149435.613426
7519236267.532408
10178314368.715359
5859609970.487594
8884510266.88889
4826007878.262008
7250458175.814815
7066603751.938658
7117625201.611111
7709302619.865741
7770765257.56713
7646990885.888889
6879729603.75463
8868129216.166666
6900784801.073224
8921861690.64699
6405955758.185185
7940747491.152778
6299603964.249421
8019885891.259259
9243877627.32639
6938384649.907408
8042151294.296296
8393782220.666667
5175405420.564815
6808296567.407408
4532479488.770833
4431593622.220776
9002259883.444445
6586175345.342592
6330747508.256077
6245922624.981482
7437377752.490741
9743451724.229094
8519958343.125
7485005700.499639
4885558054.034722
5575750354.878472
6548185108.197917
7721993301.144097
6524720321.296296
4798688426.335431
7138951253.542824
5409448831.314815
5197854081.614005
6106433836.518518
5208918460.371962
4104727319.68873
7449963825.075232
7848027439.648149
6239121259.886312
5662654231.755787
6192335241.903935
7758304664.449074
4725163724.8648
6123100783.702546
5009511084.30617
5511975059.666649
3837805313.203704
7138078476.472222
4370804743.62963
5117946632.018518
7092160881.814671
6047964708.954228
5493612515.990741
5338417579.628527
4714360072.38567
5414271890.375
5119584171.31004
6198486756.516204
5047689176.162037
5691776788.490741
6123833691.810185
5525559117.51331
6094924112.726851
4587955223.165364
5903152040.503472
6485330537.851851
5528692061.496528
4901355731.65162
7339907361.666667
5384565818.888889
5391254197.605614
4525959107.601092
3791554801.671296
5832211169.037037
4674930724.737087
4283367473.375868
5132099935.525463
5234684488.740741
4853796918.883101
4159255656.8315973
3722955864.0972223
5401087791.794704
4995286684.695601
3615364961.1053243
4432207601.725911
3972490391.2853007
3226454135.101852
4839338983.361111
5183730186.090278
4744827549.902778
4870182862.809607
4447298059.384259
4995319099.273149
3885042040.4951534
3016555017.365741
5425690240.222222
5077502436.222222
4477458341.368055
4970697540.027778
4308742170.148149
5568301287.537037
3384337630.814815
4788490268.527778
4332221439.444445
4366633975.282408
3521111245.990741
3311311094.2065973
4712539231.05787
2359395422.1944447
3844365049.0208335
2740218723.986111
4930609594.866899
6082091514.09375
6005879969.923539
3772072730.5434027
4460956716.136574
4178487372.070602
2686040339.185185
4135919218.952546
5039052386.069445
3684002931.630787
3326989503.400246
2968623068.372685
4525825524.037037
4044043219.9259257
3905995505.4074073
3984869241.2667103
2843814292.648148
3836296067.0740743
4464254693.80787
4413475972.14728
4738630447.75463
3451053319.25
3795625213.130353
3379413663.430845
3340718238.0740743
4158320658.396991
1685000398.4537036
4280342925.601852
3247041503.339916
3962389403.5247397
3867285188.1446757
2988033421.203704
3967543744.9305553
2860135799.5
2585318484.6873555
3819899087.2083335
2895397731.5
3067096145.435185
3165588414.6296296
3345395042.8084493
3539720149.953704
3599307509.2777777
3022761922.9765625
3575770179.9074073
2828027695.624132
3115376180.6574073
4374009667.675926
2061205563.9328704
4278315445.9166665
2868686818.3226275
4540177040.554976
2815839185.5109954
2805675466.8269677
2860244520.601852
2548845844.1944447
3266547099.108796
3111627414.2314816
4769413067.166667
3549672458.361111
3510058192.7175927
2688769485.8472223
2215441579.5
3224916551.2372684
2637859650.7256947
1844767506.1982784
2249008898.9814816
2997986273.648148
2958108976.925998
2387267385.4945025
3050573861.3605323
2985666967.4490743
1811877363.0486112
3274347003.2060184
2770060900.0120263
1992441313.9513888
2540749319.536169
2763942878.6574073
2325196008.5555553
3175319084.353009
2208553006.7847223
2773483460.740741
2706371934.914352
2155497528.497685
2221058578.8310184
2518720026.889594
2724507184.898148
2210161782.6699944
2689881048.871817
2370534309.9791665
2794708460.917607
3436527693.814815
2081131415.7870371
2689680721.585648
2904996307.486111
2837765324.240741
3032872580.9074073
2460727776.3703704
3273189506.921875
3067801986.976852
2158823624.016204
2399629206.8958335
1944763028.3935184
2668244153.3506947
3232578878.8090277
1494263153.5493345
2224747605.3541665
2540201720.3703704
2372145361.601852
1946907323.6157408
1797241912.2824075
1658839704.8888888
2449118015.37066
2154262584.314236
2062256100.8055556
2055621809.4860387
1793222754.4131944
1612932380.3599536
1772499054.3483796
2210086424.3240743
2386619921.648727
2012782485.3564816
2267025904.5555196
2293832565.3872976
2262428889.8374023
2015425952.2453704
2169327896.1666665
1871001821.7230902
1562557074.996817
2852105345.740741
1473611552.8926504
2162871404.2297454
1660436255.4939237
2320380359.314815
1607802865.6157408
2111761537.0282118
1802817900.8819444
2113568643.3194444
1606809653.7037036
1935679288.0298755
1770349861.9907408
1884968540.8148148
1531980134.558847
1966241431.23546
1458554369.3912036
2531893797.164352
1532737904.0763166
2213143452.689815
1941197222.4444444
850140141.6671007
1845659244.7222223
973923650.4814814
1920143514.5370371
1594589796.1828704
1854936041.4722223
3174986884.078125
1730491569.5034723
1875854894.3101852
2185702477.1296296
1876359650.8842592
1601443099.4537036
1744861919.6388888
1414214001.2592592
1894582461.1851852
1858969941.7048612
1553928263.4861112
1472102417.4431424
1673320337.1157408
1628939726.6979167
1879853598.6248553
1431173132.8750362
1336855911.8333333
1624038486.7175925
1298942366.7175925
1163495895.0465856
1485292183.0289352
1233742652.0849247
1609575424.913773
1603355726.074074
2117770218.398148
990044575.150463
2255333013.888889
1247952468.2693865
983194809.4398148
1476420562.0833333
1089617325.8269675
1371339030.6997974
1956505551.933449
1793603502.5601852
1245045142.2407408
1810522652.6260128
1479316493.7453704
954074882.7685186
2121349567.7592592
1133760578.0052083
1489739112.5219908
1368287984.2013888
1149977678.7038484
1355263175.7769098
1860045218.2783566
1172255162.1261575
1023585256.7407408
1735864727.539352
1488815238.5370371
1309892495.8888888
1603251831.148148
907724615.7534722
1639906758.7407408
1344538729.6296296
1437078859.8611112
1395141143.4560184
1073360008.7141204
1308888411.4120371
370837418.43511283
1210131988.5833333
1511143454.128834
985150170.427228
1235462854.7962964
1795896915.7222223
693293750.5621383
1181256453.813802
1563213951.5555556
1098774562.9172454
1211130285.675926
1079203419.8590133
1246268448.027199
487098304.5532407
1463114909.0370371
752419863.0046296
1265043473.798756
1236086125.53125
982638784.3935186
1147073708.601852
1225491636.6342592
901617046.5008681
1244523628.0277777
1043891672.5329862
1727472751.092448
1251911242.2592592
1152668755.8217592
681953204.2858796
696823037.1032987
1026810452.9442275
986243675.9525462
1288564002.0046296
954623797.2037038
902572772.7253327
726363611.5977286
1124581279.5370371
1029497390.5462962
1116618704.6203704
1772136306.526765
1106091105.425926
716587776.949074
940189430.0185186
991368358.8599538
1412274523.7638888
683296005.0483217
1062032301.1195023
1126511421.3787615
897741749.9386574
1091958695.5839121
1114715599.7870371
816730608.4421296
612317288.478588
962912274.3567709
765017184.005787
748649110.488426
842544462.7524595
1044151918.714265
456598758.837963
652446931.5804398
954712139.4398148
880003570.5345414
1024271208.7720631
951991212.597801
751985556.6400462
591008366.5393518
861942237.4001737
826916205.5465857
780522186.0338541
828710594.2447916
623207626.2458723
1151093307.5925925
465096974.70202184
668099894.6745515
683895612.7916666
750893983.2546296
699430975.962963
784321778.550926
804117020.8796296
1029789674.7037038
509280232.0486111
668136927.3096788
846553720.9599609
659679653.9444444
978404749.6734664
848959562.9583334
731564066.8949653
861500178.2225115
597666505.3877314
486730653.31966144
604040077.5367477
531182757.4155093
766619140.7991898
616038030.0523727
697430722.9236834
654503286.363426
633243491.488426
754776754.884838
355102005.4166667
624904625.0578704
637583883.761574
1123954233.75
962784213.7962962
575966471.3703704
645433317.1970487
857350823.7100694
695653883.7777778
609833168.7453704
751022720.1944444
840738304.8506944
741188503.6938658
614471581.056713
815398375.3796296
667627993.5034722
504845579.2326389
777447398.3194444
707450770.7592592
451038578.2659144
764899674.8003472
724136988.7210648
603141136.3090278
897335148.957176
1015189639.6458334
408991932.7152778
1050979387.6498842
649489846.4326895
700286931.800926
590821472.7740163
638657082.3313079
629046568.781684
597967169.7361112
678454362.7372686
608239691.2320602
512117528.2135417
794897964.4444444
545811897.0833334
1261300120.9814816
756474501.5648148
609555871.3101852
604434659.7777778
501725110.1296296
323152498.2670718
678132624.8262442
636439471.7777778
641421058.0925926
372851775.7988281
450219902.5480324
844239565.574074
397719082.3680556
561278713.026765
420170890.0095486
475689179.4505208
592924428.1574074
355090362.2853009
543057723.0833334
809487891.8263888
602128792.6018518
514625166.1047454
486982693.5266204
439073253.4788773
401275637.416956
599928445.0043403
287827994.2037037
490877152.5034722
517465805.9056713
457864426.0925926
299723387.6255787
438890364.9444444
639131113.869213
469874241.4907407
492805494.24992764
487715803.2806713
498149214.8428819
617911618.074074
463462502.2922454
392485633.2407407
484084114.9907407
425277984.8009259
602154179.5578704
530860426.2858796
553204481.8760489
514155290.8217593
313154783.1834491
421083452.6967593
390578387.1805556
386062901.0
434458767.1608796
424489722.9594907
295503783.0740741
381014867.1877894
541055379.9975405
306226184.5795718
327889878.6594329
333223420.7453704
297165609.1938657
483720618.0324074
312420011.2789352
292864994.8697917
399050421.0376157
366056941.3362269
402560521.02350986
472902169.7777778
466407683.8657407
513985403.8796296
418123978.3683449
263557488.18113425
559344549.4189814
330554912.4131944
471510660.4722222
421413762.6203704
385935527.1828704
285404847.9363426
320641624.5046296
330531065.56864876
324692220.3055556
313299367.4710648
348162651.92057294
347219798.5688657
368424742.4583333
304168185.28718174
448944094.1435185
308614482.8888889
277758159.6099537
286426423.974537
443644527.7337963
327493184.151548
258072496.07175925
349971085.3917824
337079033.2902199
297754993.0069444
392169729.962963
287965102.91102433
393331004.66449654
401192855.11067706
327998731.7893519
362680758.6857639
306481560.32103586
308239750.31958914
308360332.6990741
421800178.0810185
332239088.2164352
240915622.8402778
260670459.55324075
313049032.42346644
279251321.53833914
441431389.9398148
262690714.635706
256635456.31047454
270040167.6374421
264501080.11863425
270187928.2650463
211532629.6206597
200107913.46875
136405164.52068865
311317095.6944444
278303428.0393519
402043083.4508102
386873156.1967593
231107808.25
212425551.68055555
276841694.871417
288134329.6805556
321298854.1377315
188286259.4508102
281277027.9907407
192567073.93721065
283446661.1388889
251696479.92592594
200993011.29412615
256066798.23842594
282284948.1400463
349454405.650463
209438100.97931135
226108285.89814815
188226990.15219906
204540586.2385706
242137944.52539062
312567407.2529116
270875800.5069444
320383108.9780093
187985672.46296296
248827430.4965278
189066888.77314815
168782128.05555555
247924432.36342594
263314846.97511575
184248146.40791377
226035889.9315683
206448613.3023727
180458906.06047454
294428892.5231481
214756359.0775463
270863264.6481481
160827518.0162037
240669148.1507523
286168805.25
177068220.43243635
210477518.1705729
242673956.6008391
262195821.92881945
267610178.2951389
174143828.01595053
200803347.86747685
244100589.2962963
332710167.8660301
200764176.68171296
186422779.27806714
140560460.1701389
175032325.8935185
203128437.75462964
181666889.54050925
182145113.70833334
191106470.35185185
173530492.83796296
172578621.807581
192598927.3738426
174292897.63440394
134490344.8366609
178761439.2783565
209262230.1388889
264015604.46614584
263092740.6111111
186754971.6064815
252744212.97569445
189448129.2194734
141552978.51475695
282198596.7326389
151254765.7806713
103420745.70717593
192604479.38541666
207620563.01359954
197814639.9652778
221957823.9097222
168969517.5167824
209460593.9398148
262198316.0138889
202400110.9542824
171892577.5162037
200918276.370081
269413112.6018519
166131162.7621528
126983847.4675926
191076419.0011574
118571185.2962963
167021456.42708334
171843315.11747685
220810026.9398148
171093530.06221065
209631349.7997685
193512371.59686053
167717347.4814815
151221902.489294
172431334.05381945
141918931.08333334
245590571.70956308
272252723.9444444
169972619.6880787
228095846.6851852
211170485.1851852
216959014.64814815
110204678.95269097
147297296.34459996
162117152.0895544
168133064.8096065
203021791.47453704
191592220.43721065
97564892.4182581
132381645.72544126
144918117.6273148
203131515.5497685
209126384.4814815
154934479.92831308
158812022.04282406
190502932.1935764
214380036.4398148
152883340.7986111
134956310.36342594
219729406.53761575
122322176.32609953
192907562.484375
208339162.70109954
167161351.1808449
93436630.8191551
118998947.24913195
128323013.5114294
206045219.00810185
150061181.80787036
115107224.9146412
117481791.87351707
115125060.9603588
122792064.83998843
75548138.83101852
114231169.6244569
184964061.6953125
184035067.2962963
186279227.33564815
145616094.176794
105139070.55497685
149045553.2199074
102491118.71484375
106867122.41435185
116127763.01880787
130172748.90248843
113807772.0017361
162792759.2222222
63062655.331524886
122801431.59671585
156307169.58333334
125291248.41420718
125002495.45023148
117156656.00694445
103152317.33333333
108149798.81626157
109450904.57154225
103555599.47128183
137077750.53710938
91135320.55555555
111725150.26851852
107759044.03472222
130218075.41898148
100165992.3888889
102608341.98900463
105589478.4140625
159845505.12962964
130339531.00969328
101097581.05541088
118944294.56712963
127594251.8912037
128118079.64583333
107231909.81597222
113904042.0219184
80804048.25810185
72701818.20269097
93763680.77083333
93082708.46846065
59027558.56365741
115524127.3744213
123105809.31828703
106452165.7025463
98265849.32537615
79523148.23987268
158493215.8425926
83537950.61071326
112240525.94820602
125107778.05092593
123735594.96527778
94145990.01128472
101871371.11689815
80043589.1892361
83691347.51938657
118510209.49283855
167224197.1851852
87940815.91608797
85560772.29600695
97261278.35677083
79732836.85648148
114891948.12948495
73559629.66261575
85411676.34519675
65400095.454427086
115287831.68981482
79269022.42650463
103061575.97453703
96650522.5324074
45317802.17418981
69982681.3967014
81123578.1280382
68078147.44820602
100741005.26099537
91822812.22497107
86588963.93171297
96846267.8527199
109361153.6105324
75280760.69184028
67712700.73726852
80732579.76851852
89465160.42476852
65346640.284143515
82226428.8917824
94630701.95399305
153244734.30208334
175724576.4722222
115781904.25462963
60669161.286458336
77924471.67737268
73539365.11400463
94089935.0
137307405.1111111
97625916.02575232
72651653.578125
79907839.1490162
68674607.48148148
75178481.33796297
74544529.8263889
73480756.68518518
59905627.12962963
48910109.16895436
74339887.56481482
73772605.96527778
53138858.046368636
75907984.66898148
67844483.86342593
42605748.749493636
141381191.10127315
91156057.46296297
131166379.2717014
80567273.90219907
70968720.86921297
71791640.71064815
97982910.0462963
60217331.391637735
75903501.53530093
57694178.14930555
69220299.75983797
79728478.50868055
110128724.71122685
81008176.78211805
52609029.89033565
86091036.01041667
71223965.34476273
62280268.32928241
54632760.61415835
79819147.87123843
67535561.69444445
77449755.78935185
34272074.73885995
86907407.22222222
61755955.105975114
90130156.33738425
67653195.96274595
87624085.5462963
81168756.47222222
105936101.8425926
94253079.73900463
56224013.92346644
55009374.69357639
90043386.69386575
95906983.8203125
83856415.58159722
78570762.31018518
90129470.62962963
85384222.16666667
63488087.332175925
88910534.67592593
73550711.76041667
92205164.8119213
42209004.399450235
41811593.79224537
62838350.67824074
87702866.43518518
77443095.20739295
33523226.586805556
67171869.67447917
100133957.27777778
48953419.83584708
65569024.41579861
71739796.67534722
82247668.08043982
87169263.58506945
100481872.03819445
44565879.043402776
49893404.21657986
89412670.4074074
62242372.93532986
36673649.15060764
82023397.39301215
79687349.33434607
79188808.60185185
115772005.49074075
65817013.99081308
39322830.989583336
56478389.4458912
56455794.72952836
48935085.91550926
73046938.64854601
60582230.41087963
41090183.947916664
42013319.77112269
82974907.8416522
56727775.9140625
40761649.08622685
63257377.45428241
46146289.95399305
99321325.00578703
52842241.71252894
49414690.01388889
108061025.49913195
58485132.1344401
51978643.7115162
39321866.74016204
43575313.30497685
38448658.394965276
45614361.15943287
46269930.43677662
56842394.49537037
30420983.045138888
56745283.13310185
83032555.99074075
37942480.2259838
52562040.62051505
44131682.26793981
61004547.934027776
50462710.074074075
52867690.893518515
42964896.43055555
34828703.88425926
25790236.935185187
38958083.43981481
27576434.840277776
46334851.11574074
35636996.56481481
37684968.36863426
49323106.64814815
137246189.91782406
114431068.17939815
118999112.78125
138777189.4819155
30873835.553819444
48173437.59259259
42452628.27589699
51068400.120569296
37825023.588831015
28635672.57320602
56642883.22627315
42724775.3067853
46456269.869429976
41408517.476128474
37376875.53732639
31417943.707609955
19628963.81387442
46758335.050925925
37932483.85431134
39820948.58825231
42392570.957465276
40453243.8359375
44397306.54224537
54465447.9212963
31562341.176215276
41600956.004918985
31182044.292824075
28723504.065104168
35148750.248697914
38851852.44618055
31574663.403645832
35897774.369791664
63008528.81134259
38545312.627866395
33524033.390625
36469182.902199075
36820354.174768515
41347840.902777776
34814170.14236111
34144613.03993055
30993373.617621526
43845769.87037037
53468759.27546296
38685618.65798611
90168931.86805555
36236875.61168981
39051209.46339699
34024175.72829861
34195825.30324074
44431752.3052662
89396517.9537037
26923308.369212963
28517353.01099537
36100209.877604164
23845900.424479168
68336421.49504937
86593688.56018518
35767504.2922092
32211119.827546295
61359444.597222224
38522777.89684606
74115761.55034722
47584732.20978009
30604281.493344907
40620027.66203704
33918565.90509259
46372899.93518519
72738495.59114583
52233733.18856698
35193727.213541664
51012044.847222224
37519021.72077546
90430583.6501736
60139758.0625
19319006.24189815
51624373.6412037
53063232.129050925
49424540.96064815
26962714.29183847
47072048.74537037
28354562.729469582
53319869.882957175
41217618.96296296
24794132.836805556
25173959.30150463
46809235.89699074
27625792.149884257
61725340.57233796
44777598.38310185
44924086.90856481
51456792.72482639
20849243.75810185
19736530.487051506
34142266.18041088
61531902.057581015
63560000.59924769
61666549.54108796
63652308.143518515
57189393.958333336
61516159.652777776
61149632.03703704
69636435.25
57649271.09259259
22843174.431134257
29506133.22685185
66322835.24537037
44498891.09953704
22682500.597511575
23169901.08101852
20391134.912037037
23163178.54398148
28486137.325810187
22919515.199074075
18426938.347222224
22789814.14814815
23261108.490740743
59217261.708333336
59941996.08796296
63549029.03240741
16646071.256718388
19650336.870949075
22143498.66087963
60397672.31944445
16656954.824363425
17879161.895833332
22445448.763888888
40571314.54050926
57411395.652777776
69205103.58564815
59371127.097800925
16828593.17650463
24477281.22685185
22058458.506365743
59947383.03935185
42551925.26417824
22823668.97624602
17033246.402488425
55545452.59447338
17184398.724537037
18407971.790943287
19941199.50752315
25386747.952546295
33144606.3828125
41868829.16912616
45540655.21296296
51529101.68171296
22733596.541666668
19918702.016493056
42278408.590856485
28255018.22337963
33177287.550636575
43680065.26736111
43799402.402777776
41713034.614583336
26487031.208333332
39550187.167462386
20330197.978009257
41635691.56712963
15139467.862774884
42935775.09259259
44345421.36255787
48328659.315393515
42247698.031756364
38210930.52546296
19237565.29385037
40963407.36212384
18632158.709291812
25374037.458622687
44758336.879050925
20252319.932291668
44664828.35040509
28651464.713207103
33618671.09548611
39944845.76185438
22741406.824652776
42290884.027488425
27057689.951388888
49438455.417824075
42303059.12673611
44480087.839988425
43857943.87962963
41321146.93923611
25968610.642361112
53678682.7869647
44417140.37731481
43316937.56278935
26696247.319878474
33092352.641782407
24520851.8317419
24821175.011140045
22680569.136574075
76962179.41550925
38596964.20891204
33872609.71412037
25344884.627314813
24609688.212384257
18700246.615306713
16039021.832899306
33522875.889395256
21438829.44820602
40036259.84953704
36805519.72728588
43136482.14814815
28167538.685763888
38392177.9692202
43821507.37962963
39214054.05353009
43584210.09461805
44240059.05613426
40142783.83405671
18915112.346752025
30121457.79586227
20701980.267650463
25198994.31712963
20155830.449652776
25184544.876157407
18990114.918402776
21879674.082175925
21431339.056134257
18338412.16377315
16270191.091145834
19243616.962673612
18609150.651041668
25020222.9963831
18333735.713686343
20107289.899305556
21900640.727068868
23176994.98466435
23320394.72974537
21762488.056712963
26136312.16435185
26492820.866319444
16415025.438223379
18103722.978587963
22245727.3671875
24085066.766782407
20663412.44015164
30422205.51851852
18032439.837384257
28490379.513310187
16166928.440827547
7273400.922453703
17559789.693287037
17086311.160734955
23272317.550347224
12360310.976851853
23276387.785011575
23889273.04976852
16515945.563585069
19237498.544270832
31516376.25853588
30138109.78587963
28223704.03587963
24153139.95601852
25826917.203703705
27186780.555555556
26137187.592592593
27226669.407407407
15065523.166666666
7629599.876157408
5999952.837962963
7481238.875
8256789.328703703
7456750.902777778
20827357.009259257
25347859.055555556
23928862.712962963
25955115.98148148
26129961.083333332
27973909.24537037
26782523.27314815
25397357.020833332
25852713.925925925
25497840.902777776
26835920.907407407
26176932.759259257
26683895.657407407
28676338.953703705
26431962.782407407
25898583.796296295
31386216.74537037
26561663.12962963
15225380.055555556
6590509.977141203
13400913.442129629
29755462.439814813
17096243.590277776
19098965.564814813
28140884.449074075
25510480.921296295
23407896.31712963
24517086.844907407
25280758.314814813
28743609.296296295
26589936.944444444
27540448.76851852
17939931.050925925
14334187.47800926
23950335.986111112
21148812.097222224
14213062.512152778
26400352.694444444
12582754.120949075
23056202.548611112
29455648.42939815
20651181.638888888
24714713.840277776
6818041.608072917
22284584.530671295
14972625.34375
21315310.964265045
9760615.328703703
23245251.209780093
22838278.859953705
9684703.4970251
23961801.28877315
33800053.407244645
9097103.616608797
22248876.213396993
14992638.482060185
13254120.922453703
28315980.39380787
8923609.007957175
26619769.526041668
26479103.96064815
19590886.119502313
27114942.070891205
18863402.949074075
31120675.194444444
27884270.703703705
22909628.233506944
29799161.85185185
26850430.407407407
24649381.972222224
27255755.76851852
25416273.194444444
24204517.10648148
29086177.833333332
25186508.041666668
28051849.48148148
25979573.39814815
26977154.98148148
28023240.00462963
30077057.564814813
28557389.597222224
29290770.349537037
27447957.81712963
29632278.798611112
31992557.16435185
26162415.513888888
15064815.762731481
21497366.014467593
30698329.814814813
29036411.56712963
28766991.259259257
27112514.60648148
17378709.06539352
11070770.598379629
14852000.285011575
28577859.180555556
14896147.964120371
15582289.325810185
26898089.587962963
24925075.0
27598943.611111112
27127057.98148148
25681213.888888888
27502242.939814813
25469038.152777776
27327863.638888888
28601988.310185187
25394514.782407407
29107596.469907407
9968401.832175925
21305208.872685187
30150734.916666668
28413897.134259257
30006775.305555556
27804196.041666668
25300840.064814813
27025856.921296295
27638022.435185187
30044546.266203705
31408201.810185187
32134604.28935185
29735128.91898148
32248091.118055556
28435947.511574075
16034850.019675925
19964041.21875
28047333.35648148
26626589.826388888
30437997.282407407
35591273.24421296
13562561.293981481
11455949.357638888
10677124.777777778
22430187.131365743
29919359.509259257
22781032.413194444
29766203.069444444
19822924.291666668
25740237.388888888
20458809.44849537
32326997.590277776
19832194.003472224
26701619.94502315
22460200.582465276
27464710.219907407
28334437.37528935
8323770.63599537
27305215.37037037
26140322.212094907
28082509.453703705
28715523.722222224
27152435.240740743
27139068.861111112
27291325.638888888
31347905.99537037
28238644.305555556
27201000.884259257
27272937.828703705
29963181.425925925
30637674.333333332
27957830.555555556
28505916.583333332
27422622.097222224
31695933.298611112
26779014.300925925
28576790.217592593
33084098.69212963
28262159.20601852
33116522.381944444
30694170.314814813
30576463.625
32001851.699074075
28827581.12037037
32390740.840277776
32865326.94212963
26796572.23148148
15072978.744212963
29455879.425925925
30306097.428240743
31101461.70601852
29812344.449074075
30187703.66435185
23743470.527777776
10725936.504629629
34454661.00462963
28835236.9375
27190947.405092593
31290762.430555556
27352263.574074075
30977686.162037037
16803030.224826388
8596011.545138888
33816849.24074074
22012617.578703705
21730646.600694444
35278924.831018515
19067287.196180556
29583854.050925925
14154660.973958334
7749523.316550926
12592420.980324075
9446437.360315394
9302428.69675926
10354094.362847222
22640401.80439815
26836504.078703705
23419555.26851852
25898683.685185187
28510794.618055556
25271900.065972224
18656100.50289352
27067814.444444444
28785635.236111112
31327431.784722224
31324975.365740743
31095863.87962963
30509502.95601852
31703149.909722224
30069551.342592593
26827603.375
29904259.435185187
29091898.027777776
33191842.490740743
27625758.615740743
28119993.819444444
35828236.28009259
28160873.615740743
31748875.340277776
33770496.604166664
28122825.009259257
34442989.972222224
28241939.819444444
30393110.30787037
32648098.645833332
30369056.534722224
12236100.475694444
13465077.743055556
9019370.423611112
17095040.372685187
27921487.472222224
29223728.032407407
28170520.64351852
38663773.68055555
28601218.953703705
28845910.840277776
27239941.791666668
31664364.212962963
30798823.349537037
33899454.277777776
23899802.646990743
