21.361294447458707
3.686722108033987
3.6734368824041805
3.6420722365379334
3.803194753940289
3.34196193585029
3.2638980989272777
3.768982519553258
2.9818476874094744
2.715225833883652
3.009856518644553
3.11200739305753
2.020003309616676
2.0702434269281533
3.060107412819679
2.9446783932355736
2.858529966152631
2.68650425695456
2.8603060078162414
3.4606491996691777
2.5738178867560166
2.6630023354521164
2.4144856290175363
2.362770826082963
2.580389259870236
2.7131308963665597
2.6179766052044355
2.3673368371449985
2.6267648430971
2.6015293086950595
2.3705698358324856
2.417883802835758
2.393481733535345
2.3864586662787657
2.331445542551004
2.1794618231172747
2.6486627933497613
1.9716200209580934
2.015171978966548
2.076675005371754
2.6449746075157936
2.714984938960809
2.283215752702493
2.295793705376295
2.410394189392145
2.288046540549168
2.093993822771769
2.2285703260738114
2.550993558592521
2.7515902052705106
2.412950967424191
2.0575318306684496
2.18968699746407
2.3540246835694862
1.848903965147642
2.4867507462318126
2.0802550891844125
2.30292930832276
2.260765141649888
2.109715140610933
1.8261530673847748
1.8472086402086112
1.956602545053913
1.9635086226635254
1.9612660798315817
2.3886526987243157
2.0311657155935583
2.2340463616527044
1.9625340654872931
1.8852315040448537
2.0693699560486354
2.5809090165564648
1.8713360335964424
1.6958687437841526
1.998949731542514
1.6499151962880905
2.0504904297681956
1.391221128633389
1.7244259940890165
1.8281948297069623
2.554319891390892
1.9015542030621033
2.1591471551702575
1.8260111233362786
2.2550738249833766
1.99648739191202
1.84187798924171
1.9734508639917925
1.780894335359335
1.547367109444279
1.6852747602531544
1.9333381820183533
1.907170622681196
2.0000696672843055
2.0252160729123996
1.8539529004349158
1.7544065193201488
1.5843880265951156
1.8975140577038894
1.8856575809419156
1.9249131068014182
1.776024717436387
1.6682300677379736
1.6654691523084273
1.6911673756746146
1.9061735867880858
1.8021703536407305
1.4836726551445631
2.182720315571015
2.099450498418166
1.8250220112359294
2.1654168465389656
1.852383317053318
1.8323971045704988
1.5265807919777357
2.3429875172674657
1.94254590977843
1.656780703050586
1.846960603331144
2.1569373250580752
1.9133565553965477
1.7570497011622557
1.8671968548057172
1.6707414117856667
1.7164256534897364
1.6795238920988944
1.9418515854730056
2.2102983078704432
1.8169663546177057
1.6336630581949765
1.4611838255364162
1.6910983085632325
1.6626613083080604
2.116964793606446
1.5129195794463157
1.6954874287001216
1.6904497689352587
1.2058471229643777
1.43509004783745
1.895017630721514
1.811733650817321
1.5895335800086077
1.6036701071147734
2.0339795073637594
1.939139508971801
1.2871163536149721
1.204221628835568
1.7511975692728392
1.658109343252503
1.562547964717333
1.8280867884365413
1.4879391907212827
1.9537974955943915
2.128792108910588
1.7527714628439683
1.7334005154382723
1.862169238495139
1.591449334873603
1.5627864602666635
1.6294713367349827
1.6890359056683688
1.7759529745349518
1.7290645241450804
1.8106347943154666
1.6513334552829082
1.6130053763062908
1.4695292547345162
1.661380856584471
1.4914764668792486
1.8581619860174565
1.2091978951142384
1.8206080249295784
1.624575987143012
1.622687643651779
1.526988389916145
1.5336634473445323
1.5082453117490962
1.4327047138833082
1.7506353702109594
2.5152092860868343
1.338806184925712
1.4546675401524856
1.7602523593661876
1.422501208532888
1.4860015532145134
1.2450409338164787
1.5180616578803612
2.336957630658379
1.6090478175821212
1.7533736750770075
1.5047503603335757
1.4759641371953947
1.5501590351645762
1.5254074639139268
1.4664734083299453
1.8269848997776326
1.2816035982507925
1.5178232347449432
1.3891474962234498
1.5635723773246775
1.1738074546823134
1.6329364763286252
1.21726213341149
1.6635932026287683
2.030554669106809
1.356758181621822
1.5290440805542929
1.3781297455183588
1.346807169312468
1.5054656946888336
1.2238454887070336
1.17316439472712
1.6340647680684923
1.4415548417430657
1.2483333268274481
1.3529874378815294
1.7926381383664334
1.7804628267024571
1.2734625948593021
2.1472420745171035
1.3786812852638273
1.431798573024571
1.4366000425930208
1.5067547721931567
1.3756282496624268
1.2784935526836376
1.2735694011816612
1.2615896832771025
1.282145109758354
1.2262927608564496
1.3965513821977835
1.5531164634972812
1.3836230762446156
1.2330896996248226
1.1760350311318268
1.2490980591911536
1.5536829896127948
1.6895872864012536
1.817724199850972
1.1819549109643468
1.576297675875517
1.3998520704272848
1.078346744301514
1.2912058518053247
1.6928761803759977
1.35321918582687
1.5618582045802702
1.6009323501816162
1.5907702652450937
1.856745184957981
1.1157976543817383
1.3412398436035102
1.2919942704817424
1.4130630975517515
1.8376113901344628
1.4706001879217534
1.483171121432231
1.4846958425325842
1.8326496921766262
1.54332394187267
1.6345764683416257
1.2079788399716982
1.2808890305746061
1.1454169074288354
1.2198740658278648
1.3046665017134869
1.3116677573380562
1.5667433750027648
1.1826507828126733
1.090589017736224
1.0197951784214148
1.3046032175421716
1.4972387039460815
1.4265087459093102
1.2221737116575242
1.8354083896972813
1.2119414284395484
1.2859092069359925
1.173977803087865
1.0617097086344773
1.373667239311796
1.1044298837391229
1.233308230720174
1.204014443878371
1.24458975084126
1.3967826419223386
1.2159099247736427
1.254294790370533
1.2842376628102592
1.277453476197731
1.0909064603109773
1.2338307032361626
1.639635780826211
1.2521613308300192
1.4175862563773989
1.2313888622304567
0.8374838843225286
1.2014914720963974
1.6671863708931667
1.2553878684886373
1.3926058817368288
1.4955189543991134
1.1630216741647859
1.3254949388595727
0.9683127356549868
1.217113404169392
1.1716938513975876
1.1904403438791633
1.1078053682326123
1.5731965811708226
1.1845778214100462
1.1511139652835063
1.2977104113795437
1.0748221583521136
1.3788099477783993
1.2728013853757427
1.4615710991936235
1.1761045424267649
1.2408528186237582
1.1705015254994997
1.2007740802776354
1.2444574046593446
1.2046950348724539
1.3129301303854355
1.404934656763306
1.3818562302595148
1.2887629290326283
1.0665956160770014
1.2758863646250505
1.332169481782386
1.428308787712684
1.4190586985447087
1.2097905460315255
0.9647781712576173
1.0308602817284946
1.1830112554132939
1.6413632451556623
1.249128907202528
1.1540115983870167
1.1646328700276523
1.1124725793631605
1.1630367706887996
1.0441894224200112
1.3840177414508967
1.1886162071847
1.1158593462851758
1.3776984604505391
0.8603724253578828
1.0348041711231837
1.1404816550632508
1.1263342615718452
1.1096313503785775
1.2051353051971931
1.1190542890475346
1.118801538202052
1.214078877436427
1.3087305036731638
1.0159768198115322
1.244651416846766
1.2129656342216408
1.1359534179648527
1.4932955894475946
1.2388675120444252
0.998128481524495
0.954742580347766
1.33055228344523
1.1758790167621695
0.8829409322343194
1.095931440849717
1.0867483990983322
1.217310748908382
1.1436106143805844
1.127925780386879
0.9810310859949543
1.2448467576733002
1.2148255564988806
1.1899699338855079
1.3196713600450984
1.1633889833035378
1.1064659737623654
1.1509215567690823
1.2014786183404236
1.4346416607069281
1.1150048262368029
1.1105118149175093
1.0994355821408905
1.0998183456679376
1.1548661952909942
1.2100923945160154
1.3378157196136622
1.1522815436411362
0.9603008591784881
1.090755731669756
1.1143635197685888
0.991452669352293
1.2870155596819062
1.3496493086505394
1.147054130426393
1.0285042066413623
1.1320499065188834
1.1049585903923098
1.0897953278743304
1.3138092870179277
0.9882944200940144
1.143715539932824
0.9685427105913942
0.9914564728307036
1.0615186890873771
1.2952198914896984
1.3637197326295651
1.0236310681184897
0.904451841302216
1.0362171846656845
1.1701477667603355
1.0970842015571318
1.0758133863743682
1.0551833142311526
1.0402694487227844
1.162199490975875
0.9854613803112163
1.069479344555965
1.0376052292207112
1.0578065910304968
1.0079046614611378
0.9652928875615964
1.1197629866691736
1.231599248551692
0.78189842534753
0.8576169135263906
0.8801575251496755
1.044025377671306
0.7911872355410686
0.9930452333763242
1.4371639115162766
1.1593414336299668
0.8408781674833825
0.8797343350624522
1.1621003880237157
1.034064381297391
0.9077876635468923
0.9224007338786927
1.0434542706952645
1.0959571830856685
1.0439544653376707
1.2048861434826483
1.0791962090664757
1.4000877265173655
0.9917573809695358
0.9803042550571263
0.9792017979619022
1.0860410484270409
0.9701329858973622
1.055557081131981
1.0695508693846372
0.9507924185492671
1.0622251871543436
1.0148047345188949
0.9872519162125313
1.0660657513385208
1.1507140442442436
0.7968322549373484
0.8811157716151613
1.0974014380946755
0.9833418600547772
1.3934472329413088
1.149929197290196
1.03634580425345
1.1056230117638524
0.8617890807298514
1.0028432672556775
0.9538785243156152
1.0998913814671911
0.9793850368461929
0.9903465619740578
0.9111587488593963
0.943894087910079
1.028717718903835
0.9254109060033583
0.9174197372837135
0.9210319130251614
0.9188485369802668
0.9001840694664189
1.136865829762358
0.9371797950221942
0.9792339495025002
1.2103128046943592
0.8917787791659626
1.132212360167446
0.9242906925483392
0.8985020768542129
1.079781651124358
0.7968966176088613
1.0383907131277599
1.0374261619093326
0.8552817724358577
0.9198327010497451
1.1274790533889945
1.1115937337422601
0.8411698126449034
1.1377909841732337
0.9362098909627933
0.953891599464875
1.007301168487622
0.9116837553321742
1.0143770509471113
0.865004732638884
1.1495009964761826
0.9548824668933565
0.8738010487734125
0.9065574029890391
0.8924487687862264
0.901885982359258
0.880470223689022
0.8800971099676994
0.9845242229720148
0.9304532131395088
0.8992616646206723
0.7818769716227857
0.7667142163460644
0.9051847267322816
0.7363699380093469
0.9679773300599593
0.958200388502043
0.8557271584940072
0.7887976253763415
0.9981976258138624
0.9509156134695961
1.0527131276778303
0.9825737622638161
0.9807418628094288
0.9871135067481261
0.7048608361994131
0.877631621557073
0.8352808788920251
0.7303371153628597
0.8106990246388774
0.8457617379581699
0.9096863933050862
0.7554821382240894
0.8891433304175734
0.9620512471462671
0.9111089948779688
0.8632991818854442
0.8968619506233013
0.8461355261719571
0.879123338111318
0.8623208226134571
0.8319279033547411
0.8614284469960973
0.8769694149494172
1.0265113370134853
0.8183294355296171
0.9925997043601595
0.9537670640561443
1.0609897525336307
0.7820916412398219
1.0464411724860279
0.6753681199195293
0.7955690888473048
1.1231664200098468
0.9086905285644417
0.9034631836263892
0.8886336460208091
0.7590599479798514
0.7036111620541375
0.898603517189622
0.9703627296723425
0.9111941964867023
0.9504899984942032
0.7804159360436292
0.8329916388942645
0.8413467563688755
0.9489996846192158
1.1143812741367862
0.9233365210203024
