1.3807115460683246e+16
384129388899593.5
173980184458277.94
134949450899152.6
58372984090472.3
20891057472246.52
12826702075221.334
17605632757304.89
12679873055706.074
3953320916916.148
6081579796859.259
4651692631836.444
1801757531117.037
1061711641789.6296
1273174057870.2222
843854060221.6296
2595071529718.5186
1574205649351.111
1840304534565.926
485816669146.0741
1628124844487.111
757891966748.4445
817695370505.4814
771085055317.3334
1571816856841.4814
2321700427472.593
1265422399108.7407
645298226631.1111
909643995060.1482
530216589539.55554
523954306332.44446
604936788498.963
340416139083.85187
543115119997.62964
259898085603.55554
248275650245.33334
443425108546.37036
251032832996.74075
382299305453.03705
414533430395.2593
924246215793.7778
461777309354.6667
345631885463.7037
547146970832.5926
907458403176.2963
332805372359.1111
317994386640.5926
298659529234.96295
252169028875.85184
403670276977.7778
295378007082.6667
218268945092.74075
234600064421.92593
182852230573.03705
230113401173.33334
241505946434.37036
687016896796.4445
371161466424.8889
542606399146.6667
2077792764814.2222
443986695879.1111
524850907818.6667
475418981565.62964
358347921711.4074
272681771171.55554
187708394552.8889
245915802699.85184
336572357745.7778
801987165714.963
778593690889.4814
415599988109.03705
270013149752.8889
259281941416.2963
166913575497.48148
137209849325.03703
100003958562.22223
175189329613.77777
232611655727.4074
349727389828.7407
264537856000.0
562989929509.9259
651260210972.4445
168071089125.92593
336240706958.2222
126928596913.18518
235308804209.77777
323954573425.7778
146244224935.1111
184412210842.07407
201750796830.81482
171560146910.81482
141538122827.85184
200073186493.62964
368696200798.8148
283388910250.6667
151068364035.55554
212663977930.66666
160799494462.81482
192599687741.62964
178908511779.55554
190725570727.7037
66028750677.62963
121391159787.85185
144575707695.4074
152429864125.62964
150072116517.92593
82617943978.66667
137427382148.74074
146743363789.03705
117722687997.62962
113936323288.2963
190874877117.62964
92322895258.07408
143835073154.37036
122607478376.2963
149083645430.51852
113175617934.22223
122151611828.14815
110723906213.92592
214287011645.62964
156583729900.44446
120373946141.62962
90652998032.2963
117405272179.55556
108885351751.11111
102852720109.03703
103130010787.55556
186107245460.74075
107432289151.40741
91868342529.18518
60358467194.07407
147987091294.81482
137589261785.18518
143652210289.77777
148312329192.2963
102522947773.62962
245311709752.8889
348268296263.1111
174364212911.4074
69397566869.33333
97695666092.44444
93485878156.14815
100384318328.88889
74524640692.14815
74956840327.85185
46695200187.40741
72307066720.0
85312974118.51852
108786203972.14815
113410418100.14815
101520458554.07408
97551188743.11111
96874798567.85185
73962522349.03703
129251616678.51852
73721723576.88889
36791144221.62963
64996896416.888885
73798212875.25926
51520910967.703705
99256867204.74074
61179522854.81481
41085755656.296295
74336911388.44444
54073126766.22222
65284274944.0
22700733725.037037
64477100500.74074
51529598731.40741
43861235365.27778
25404170708.407406
24079309354.210648
37612542487.48148
33718998368.0
57864292867.75926
32414223530.99678
25231053658.592594
39083546536.84259
42864859388.59751
32069043249.185184
32424201903.462963
31862992532.703705
38495734876.296295
27983252495.88889
38512200286.51852
44432863990.22222
38310029284.68519
37512023541.822914
26926235656.50926
30254502244.565395
40781080483.458336
37922848823.0
36892155255.95893
33151014110.099537
33253488512.5
36216480649.52778
32703760943.962963
35601155434.75926
39291601017.59259
28610803368.13426
25321775132.866898
50539753213.18519
25461956566.65524
31241465739.2717
31399458986.847366
34239155086.14352
43459425121.00463
25154095591.185184
27761104325.78588
37153062486.00231
18647263595.266964
36537436281.46268
27621982594.148148
30659330612.953705
24011910673.382812
24150926654.47222
26846734147.020725
38955123610.12182
24800691780.648148
29133126610.888165
29234614378.564816
40469496796.62963
23264301404.657406
28741798671.13397
29180462383.407406
31603933788.560184
25486523278.621094
39318995650.96296
14127789327.157408
36345253591.295425
33456402707.014755
25349215092.092594
30459054450.092594
33018012734.282406
27326136516.49537
30121940591.64746
24613903637.193867
24912480361.177082
24242709500.074074
24189582366.407406
26478798961.108795
39878445797.44444
31324453843.17902
23695620738.185184
31308947835.078125
18243312321.864582
23164572153.20139
25810578944.898148
32875405317.916668
25471635595.53767
27922269658.48264
25418622982.776474
23436279085.889828
23314213754.666668
27357587915.758717
29791220632.583622
32645238635.064922
24709627472.574074
26721087872.22222
36851739359.30498
29176035384.82176
26590736060.75926
24147154707.075214
28862437936.75
23878529220.583332
26142564438.94097
23601550795.957176
30472877444.891205
23398127144.584564
25901518271.373844
28559950249.333332
18798832128.372684
18485626902.717594
25063598488.07639
20650773139.738842
31587910206.074074
27444707159.333332
24942956260.5
31010834901.87037
26720498223.62037
22118187339.74074
19957591534.77778
19900864840.570312
24201063198.212963
23853767204.74074
34098348150.80932
25711714741.085648
21469608151.907536
25724782493.092594
16982851248.600296
25297262072.29398
23498363511.7415
23105140356.321903
16754882163.95949
18952535360.203705
22892305732.77778
24891103915.016205
22980006910.296295
20692038808.230034
14391699205.74537
20345684615.19213
22372884244.135994
22154209919.22801
26156759142.803818
22090892644.407406
25820885558.3397
21977490564.984665
23617768831.769676
17784388332.407406
21728401501.476852
19503397812.03776
13597388655.95139
25002664723.570023
22828071397.84433
20943247624.16898
19064449717.23481
15381949322.37037
13149900073.030672
30019660107.633682
15070493082.02199
16919108914.722221
20206759323.0149
14742450885.07194
20288835201.131943
28954964028.41898
16738632939.518518
14564144827.88889
20039966357.717594
17865244879.37037
15903575525.327257
19530689907.11111
19386958217.27919
15733659571.621529
17558826110.74074
15585552919.392216
18186115187.308884
22243884143.00926
20431340844.310184
20332705293.694443
19012793697.537037
20726687964.444443
12063987157.37037
19890472473.26631
18437068469.88614
18152376395.154224
14763488447.94589
18091678004.703705
16210491899.735207
6434886895.379919
25727190435.962746
17553888839.939816
13110457007.689236
16316234571.965279
12534644615.88426
11009597010.507523
20270980123.75376
18493564320.351852
12457969566.705873
23060165441.06713
16715414119.444445
18035876164.060764
7804739346.345197
12139777263.127893
16520254599.037037
20006076283.86111
16369424896.148148
14841041727.092918
14951292287.648148
14691011062.917246
17828726014.148148
14387058048.92824
14531847857.894241
14452745099.603298
11473577751.851852
18507683888.12131
15548930712.435184
18518113199.407406
15489598158.97649
11360343361.481482
14004791116.289352
16947414756.74074
18101749384.77778
13663239543.211805
16344439669.887154
16072992966.636864
13422477117.939018
12065845102.63426
13354553191.106771
11959174030.916378
6855730105.87037
14565432962.372684
15691765478.81713
13151983614.131365
16974253775.953703
14185873807.24074
14179747899.37037
14127574253.37037
12756617475.588903
13938756021.653673
12684595057.19213
12508256512.250578
14957908335.351852
16288567295.337963
12258810149.262732
12348184136.37963
11140067511.557219
11101729689.710648
10956216372.168114
12308179292.444445
14479753531.092232
9659451756.934029
9649741139.088066
14247484983.347221
19001635182.445023
15579740576.400463
12064801602.12963
12985464829.207537
14021052176.583334
10465475751.34346
11672137103.324074
13749780682.476852
12658149741.62963
11311362036.610533
13573201418.3886
12596013373.851852
9018626142.450449
11165757328.867802
11120008108.41956
8917895117.14247
11340084284.203703
8819369737.35301
9848379714.682436
12055234707.43287
10824034203.818287
7601252120.449074
9633811593.918982
9593697844.573206
9592250161.205801
10608304478.38426
7520230527.194155
14768299728.703703
8384754708.225695
9391108751.616898
8423920676.12963
12383561420.516783
8229625972.12963
10266600422.511574
11187782125.868055
11207791944.034721
9070944763.375452
9178534452.190624
8003030531.8691225
8151001509.50463
11815180794.574074
12746911322.04051
11671244774.469908
6799463030.211516
15270614260.092592
7749495893.5859375
8687977208.491898
8896941761.185184
11909977129.38426
8540322615.902778
9426714221.833334
11265437967.5625
6615551815.472222
10343971023.268518
8369505394.418982
10231882875.949074
8265194082.675926
9088109382.86111
7230220770.43231
8166975600.962963
11861248160.819445
9018410589.702475
9772452459.13889
8030450364.759259
8734459062.856482
5411473672.212963
9611440233.537037
8738034077.712963
6946583055.127171
10371878264.060184
6865631309.489005
8602171644.423033
9337336809.25463
9336284586.583334
7648637017.951389
9305254051.962963
10860000031.456596
5021567703.306713
5028747493.073495
9877334765.88889
8952094528.455692
7449963365.974537
9939251779.248697
6603865939.333333
5692991222.773149
9720271930.004051
8000913576.2128725
8824031889.292824
6338713451.581018
5519401470.37963
10180058862.934029
6365348725.583333
7789314075.842592
8621952801.659071
7027638295.148149
7690687858.481482
8449433351.606482
8860458987.899305
3752848376.997685
8336200360.740741
7557016683.168982
8816475356.681713
8783659512.518518
9358244461.25926
9317671864.535156
8189666508.296296
7501540499.541667
8528340839.904514
5679347329.548611
6986954402.260525
7027980908.725695
8914708744.11111
8181597416.5494795
5491698965.730035
6803645366.190393
8972807681.261864
7228110891.027778
8021324451.239005
8841015330.800926
7394886040.555555
9283088276.028578
6632276819.032697
8623829018.036097
6683250159.95544
9154491060.605034
6575292814.520761
7227868855.472222
6537125846.821759
8885069025.865162
5083460156.314887
7720033737.976851
4432025845.560619
6401867459.931713
6247697063.404749
6210712131.703704
6765998463.345992
6786910982.684607
6760546517.310185
6403697836.905092
8092028865.277778
6479153869.888889
7793119734.375
5458103226.125
6555938411.842592
5299702903.135778
7013003644.037037
8274193463.537037
5915521039.592592
6809424330.148149
7391491025.241283
4509851856.892361
5808309540.910301
4032687012.374421
3916869037.6944447
7726969945.017361
5641605797.996528
5744880795.885462
5537188898.666667
6653625817.5026045
8753438027.722221
7498388201.662037
6442411103.125
4347362194.935185
4876638963.909143
5805015804.568721
6789716119.412616
5676759447.1484375
4172752407.148293
6229582512.860063
4688083389.857639
4775153813.351851
5489353897.203704
4654818206.648149
3569408647.921296
6464830873.148149
6668591626.652778
5447194628.755787
4940380702.889467
5585223619.694445
6886552943.222222
3970055744.148148
5374119804.399378
4510640785.641783
4842758270.865741
3327770728.486075
6228529360.912037
3753659129.347584
