2.546654860789959
1.3198315712121818
1.087854752632288
0.966404139995575
0.8229001022302187
0.6854339993917025
0.5719308202083294
0.5207931559819442
0.451471595122264
0.3967006527460538
0.3499464786969698
0.30378509714053226
0.2644801934178059
0.23390685549149146
0.2020166963338852
0.18051296105751624
0.16276169447944713
0.1513190328501738
0.14300983851918808
0.13053809203780614
0.1192105440566173
0.10868421781521577
0.09808462737844541
0.08737865431377521
0.08235763930357419
0.07764798970176623
0.0749102798792032
0.06319992722800145
0.07013583888228123
0.06155490678949998
0.05547900248605472
0.055706387371397936
0.058933132485701485
0.061755326648171134
0.05796522277478988
0.06228865479620604
0.06308960748406557
0.0702941265816872
0.06985683002724097
0.07043651651877623
0.06784972065629867
0.05808345396071672
0.063090769889263
0.06519538993732288
0.05897661980528098
0.05844836144779737
0.05491106126170892
0.05059252637796677
0.05862865313314475
0.055756644216867594
0.05195260012092499
0.05486480980538405
0.05848224620119884
0.06150248202566917
0.06716159132237617
0.06798647493124008
0.06657759636067427
0.0669336098461197
0.0695694124755951
0.06325973087491897
0.0695609796505708
0.06986064492509915
0.060676042291407405
0.055717151468762986
0.053064564056694505
0.053271801024675366
0.0547161736453955
0.060257495997043754
0.06768100522458553
0.06696771420538425
0.06032676173803898
0.054514172257712254
0.049010375056129235
0.052500092711013094
0.060300580225884914
0.0613078422128008
0.050560692841043836
0.058480113501159045
0.05663357465886153
0.05342539998774345
0.047351680022592726
0.053217749426571224
0.05794874492746133
0.06516718864440918
0.0579718699822059
0.05462286298951277
0.06529212178519139
0.05607709652529313
0.06006010343822149
0.0643804639004744
0.06402486029725808
0.06137494112436588
0.06096349368588282
0.06268068344260637
0.05575012263770287
0.05635923786232105
0.05574706692535144
0.058858457293647984
0.0468449030071497
0.05315152535644861
0.05787028535627402
0.04842233798251702
0.05293217424589854
0.05047279925873646
0.04805004639694324
0.055692037008702754
0.0724365580540437
0.06617903356941847
0.06601113353211147
0.058881085824507934
0.05986993547815543
0.05175265758656539
0.04477059882707321
0.03891103170239008
0.051609904390688126
0.04716271792466824
0.0443180804212506
0.04845904421347838
0.047376643751676266
0.052836941354549846
0.04625642622032991
0.0560180009700931
0.04568327039193649
0.0507296204710236
0.044897525413678245
0.050061537196429876
0.042889129542387446
0.047232950048951006
0.04554083371678224
0.0501152130560233
0.05409748674585269
0.05894335445303183
0.05059822336412393
0.05489313722803042
0.04908127711656002
0.055173248683030786
0.050166121368797924
0.05097605101764202
0.055863154536256426
0.049936125312860194
0.04596155714243651
0.04984929591703873
0.05062221285815422
0.05577805139697515
0.04773202567146374
0.0531602585544953
0.049528817388300714
0.05291273883328988
0.04431757379609805
0.057928696360725625
0.06673330025604138
0.06610252765508798
0.04898185364615459
0.04966161031849109
0.047280889892807376
0.039964300179137636
0.03410480799010167
0.03759875191518894
0.03530749178563173
0.043113648547576024
0.05195042204398375
0.0617494621529029
0.051243546848686844
0.049987522340737854
0.0490351072870768
0.0545231078679745
0.05062878726480099
0.05394708835161649
0.04389645242347167
0.04573407921080406
0.04231765863413994
0.05691900823551875
0.06625161486176344
0.05292150593147828
0.05338409723570714
0.052903343536532844
0.05850921565523515
0.05069069572939323
0.0520138996724899
0.06038726141246466
0.057251479705938926
0.05251422100342237
0.05129885864085876
0.04839457915379451
0.052820519730448726
0.05191781546633977
0.056374334142758296
0.05567650170280383
0.05214218141940924
0.046644976161993465
0.05673796726534
0.04990521749624839
0.05589815521469483
0.05039262069532505
0.04966774236124295
0.048559017594044025
0.05069399329905327
0.04635405487452562
0.049343772461781135
0.05050376478869181
0.04974118038438834
0.05788473180280282
0.04393459799198004
0.04280194860811417
0.043344220891594884
0.0458993180296742
0.054949059824530896
0.04507451753776807
0.05161947522025842
0.04517544060945511
0.04812798184844164
0.049771512027543326
0.04739896970299574
0.053217111900448796
0.04725439336437445
0.04864195929123805
0.04874650371762423
0.04882158800386466
0.0493413764410294
0.052571178858096784
0.04130465823870439
0.047038897814658975
0.044187448317041765
0.041729904238421184
0.04069471260389457
0.046033713450798625
0.04752924023912503
0.04621303115899746
0.04206187173437614
0.04418588793621613
0.04371182425664021
0.04623620914152035
0.04808548340717187
0.04311574317801457
0.04108663912002857
0.04602228388763391
0.04657513876087391
0.03594491647986265
0.03894170224666595
0.036529087418547046
0.03577532283961773
0.035134430115039535
0.0386050754155104
0.03700481709092855
0.03963599738020163
0.04296476044333898
0.045120768850812544
0.04968775914838681
0.04914621977278819
0.04646572770121006
0.044264788896991654
0.04992500216915057
0.04189110044389963
0.03995635384837022
0.04009596351534128
0.039315350353717804
0.036575298068615106
0.03468032176964558
0.033881800206234824
0.03344295148092967
0.03557467497885227
0.038197194068477706
0.0365493086954722
0.03756644552430281
0.044629034915795694
0.03572442911278743
0.04129972892025342
0.040527046858691254
0.04073822711809323
0.04820016957819462
0.053754917188332633
0.050846610562159465
0.05006773933195151
0.0515971676661418
0.05623817122899569
0.05837965275232609
0.05149893548626166
0.04902915344215356
0.056970797350200324
0.054744286806537555
0.04795201449440076
0.05480453078276836
0.05361574684771208
0.04628255436053643
0.04925317951979546
0.04612933268340735
0.04714233273496995
0.04611449009523942
0.0491000534250186
0.04801981709897518
0.047198446911688036
0.052899461096295945
0.05712066567861117
0.05026291679017819
0.05091958782420709
0.05605740623118786
0.0503124116991575
0.05667641233079709
0.053325147210405426
0.05333447714264576
0.055278716035760365
0.05493889688872374
0.04789531060422842
0.048486243317333554
0.054379447263020735
0.052627859307596316
0.05130199860208309
0.054413897200272635
0.05051445628588016
0.04707538316456171
0.049827337666199754
0.05604587584160842
0.04922187182192619
0.05625441859547908
0.05642194828161826
0.0508838555130821
0.05622855752993088
0.05270764529705048
0.05471335107890459
0.05161065894823808
0.05091616829427389
0.0547735016219891
0.05280719620104019
0.05451160190770259
0.0512563123439367
0.05111863749245038
0.052629416880126186
0.05420818603955782
0.05062392015869801
0.04802266057007588
0.04973550665263946
0.04670032155341827
0.05162782772229268
0.051936437648076275
0.050046578694421515
0.051362741308716625
0.05031136489258363
0.04914452937933115
0.05120629904648433
0.05604936867379225
0.04824101449205325
0.04830444230196568
0.054400155091514954
0.04890389631573971
0.05172994727125535
0.05212009815642467
0.0515746358065651
0.049975342833651945
0.05344885834134542
0.04871765171679167
0.04958692961014234
0.052777328299215207
0.04946110217043986
0.052269470777649145
0.04983967892252482
0.052818813604804185
0.053427202311845924
0.053187603990618997
0.04717042391689924
0.05319512718572066
0.05242467605723784
0.053375691462021604
0.058073195327933015
0.051269939670769066
0.05367697014545019
0.054905675151027164
0.05097937950721154
0.0530057384704168
0.05329319616922965
0.05828888679926212
0.05709189471717064
0.05107651435985015
0.05331615109283191
0.05193083767707531
0.05266894881541912
0.05165756184321183
0.051689913926216274
0.05063308448745654
0.05242895810649945
0.05103659409169967
0.05572762260070214
0.05597155191577398
0.05273655670193526
0.05117332376539707
0.05512590646170653
0.0514602175125709
0.05006319264379831
0.05832062425235143
0.0566166372396625
0.054395133056319676
0.054876411505616625
0.05464371508703782
0.054966034424992705
0.05820615065212433
0.05407454743981362
0.05536235123872757
0.05756254769288577
0.05922067749958772
0.05664754853798793
0.053677656874060634
0.054202389287260865
0.051541848681294
0.05302178624730844
0.05307208887086465
0.05029348421555299
0.05086329881674968
0.05017730623770219
0.05272671502943222
0.053869443816634326
0.04977083468379883
0.05154837395709295
0.04793459148361133
0.04533789172195471
0.051317953848494934
0.05283434144579447
0.049346625690276806
0.04841617413151723
0.051598491978186826
0.052919511711941314
0.050124797096046114
0.05097506175247522
0.05085744515347939
0.05519952550530434
0.0521623776652492
0.056780895304221375
0.054440076864109586
0.056155918882443354
0.05456585202079553
0.05712296416839728
0.058189092118006484
0.0566444809620197
0.0581032239473783
0.05775436856425725
0.05939236804842949
0.056578163902920024
0.05474548379962261
0.057758773519442634
0.053470974444196774
0.05357461809538878
0.05737371642429095
0.05714099474537831
0.052560331357213164
0.05199312609262191
0.05621911596793395
0.05568784402253536
0.05661262050271034
0.058714766485186726
0.057404825091362
0.057051522513994805
0.06144608178964028
0.05643698388280777
0.05583005825487467
0.05794275913100976
0.05276148310647561
0.05559928318342337
0.05742667197034909
0.05733421857540424
0.06325703056959006
0.056562584036817916
0.05853086091004885
0.05541671770983017
0.05808816271332594
0.05804356776464444
0.060344981129925986
0.06004789644995561
0.06020409745665697
0.05791099078666705
0.054976745479955125
0.056156565392246616
0.05734476561729725
0.058607104105445056
0.05782422742878015
0.05860286661638663
0.05911909376199429
0.06159013011134588
0.05126967947356976
0.05477137092787486
0.05474369729367586
0.052926608289663606
0.05562720401928975
0.05465437867320501
0.051563417481688356
0.05208953252205482
0.053112071838516454
0.05307025362092715
0.05214858974974889
0.052497097520300975
0.05020986752441296
0.05181844224436925
0.05456449312086289
0.048966628284408495
0.05575368225287933
0.055289126101594706
0.05750171158176202
0.05455666154336471
0.05206269160486185
0.0526045554675735
0.05706869958398434
0.0529425856585686
0.05663653894399221
0.05602587435681086
0.0505106963073978
0.05381171299287906
0.05705765490061962
0.055682679194097334
0.053738957872757544
0.05575343195635539
0.05599166349722789
0.05517972379636306
0.05562771773682191
0.05855738102243497
0.056446781625541356
0.055461853484694776
0.0512892614906797
0.05039625123429757
0.04861401898356584
0.053547290913187544
0.0548792909974089
0.049047829497319
0.050917292314653216
0.05108266103153045
0.050710306230645916
0.054165953068205944
0.051590321757472475
0.049949318972917704
0.05469151321225441
0.051348901353776455
0.051861670097479454
0.050147352338983466
0.05249930078593584
0.04778946115133854
0.052737078686746264
0.04979296320906052
0.05736860801967291
0.05302809294886314
0.05788903693453624
0.05494800724375706
0.055505359516694
0.056068641119278395
0.051535980102534476
0.054185181569594607
0.06018193384202627
0.05465707522458755
0.05947167778817507
0.0595716486326777
0.057851915305050516
0.05914299250222169
0.06142949504921069
0.06129177957773209
0.05935553882557612
0.05753594778764706
0.059025480856116
0.056217283053466904
0.06194403541202729
0.05861263283743308
0.057659698320695986
0.059314326741374455
0.05349276300806265
0.062288817534079916
0.05604319336036077
0.05742281467582171
0.058045454867757286
0.05453893082359662
0.055065818087985885
0.05228452203938594
0.05154761404085618
0.05099903449702722
0.055769681543684925
0.049559913031183754
0.05746311188603823
0.05643640236499218
0.05077460528566287
0.052272715161626154
0.05465527767172226
0.052711505328233425
0.05608828099301228
0.05577382571422137
0.053407954324323395
0.0541173831344797
0.05598176829516888
0.05568835441596233
0.05634940232221897
0.054355072445021226
0.05291187059707367
0.0550878681958868
0.053410259533960086
0.054125290005826034
0.05373831738073092
0.051490981977146404
0.05266435301074615
0.05338325458936966
0.05430004871808566
0.049083496644519845
0.054145982689582386
0.04902864459615487
0.05151207888355622
0.053854642980373825
0.051231410297063684
0.055400945776357104
0.051800470197430025
