-0.01361906578621039
-0.013453094732876007
-0.013291056669102266
-0.013157183175476699
-0.013075652159750461
-0.012931370419951585
-0.012777277168173057
-0.012640120074726069
-0.012528589912332022
-0.0123901829839899
-0.012277357509502998
-0.012182501502908193
-0.012102080609362858
-0.011965849006978365
-0.011879932321608066
-0.011743225071292657
-0.011661034865448108
-0.011562750975673015
-0.01145385426397507
-0.011434725285149537
-0.011401651627742327
-0.011390146512824755
-0.011353978285422691
-0.011325763681760201
-0.011269159514743549
-0.011220958957878443
-0.011193090175779966
-0.011153877039368336
-0.011147863475176004
-0.01110017616301775
-0.01107764461865792
-0.011100826412439346
-0.011041750114124555
-0.011005063097064312
-0.01100665244918603
-0.010921814951759118
-0.010860539499956828
-0.010818440338166861
-0.010880551086022304
-0.01090728693570082
-0.010895378085283132
-0.010890461604755658
-0.010937178822664114
-0.010969700291752815
-0.010973331633095558
-0.010998998825939802
-0.011029536434664176
-0.01098203265036528
-0.010991141758859157
-0.010960211934378515
-0.010933539414635072
-0.01089744373009755
-0.010874544700177817
-0.010875338760132972
-0.01092352902946564
-0.010898652744407837
-0.0108488654717803
-0.01077967554044265
-0.010727892171304959
-0.010641565503409276
-0.010704358509526803
-0.010727848900625338
-0.010740119491059047
-0.010780052554148893
-0.01083363380569678
-0.010847785252218063
-0.010869832781071846
-0.0108749584079935
-0.010908109766359513
-0.010936145025950212
-0.010933350313168305
-0.010916991130663798
-0.010886773424079786
-0.010796148143708707
-0.010772168407073388
-0.010789489459532958
-0.010837205871939658
-0.010855292872740672
-0.010928977782336565
-0.011004456175634494
-0.011113588798504609
-0.011119042265300567
-0.011137892148242547
-0.011180119803891731
-0.011123060363416488
-0.011051674287479657
-0.011052155738266616
-0.010996260923834947
-0.01097874091221736
-0.010989706461819319
-0.011003167927265167
-0.01104097436540402
-0.011110526968080264
-0.011100788213885748
-0.011055458451692875
-0.011104974164985694
-0.011082914357001965
-0.01109393432449836
-0.01108632954553916
-0.011150938573365028
-0.011200282034965661
-0.011253349397044915
-0.011191222788049624
-0.011191192813790761
-0.011214229564827222
-0.011285286482710105
-0.011313441309791344
-0.011353495974953358
-0.011438744343244113
-0.011413943094129745
-0.01141225050848264
-0.011420805723621296
-0.011448690051642748
-0.01143404352836884
-0.011456402763724328
-0.011425042926118924
-0.011370988662999409
-0.011323752354543942
-0.01139040059195115
-0.011352036692775213
-0.011348761073671854
-0.01139187360039124
-0.01146252161035171
-0.011473624580181562
-0.011419687477441934
-0.01143505869863125
-0.011451115659796274
-0.011485498283918087
-0.01150578217437634
-0.011490366966105425
-0.011514050929019084
-0.011479486997884054
-0.011478071846067906
-0.011495571784102
-0.011489399708807468
-0.01143104161780614
-0.011428978867255725
-0.011421340317107164
-0.01142328788454716
-0.011448931937607435
-0.011392200079101782
-0.01136093305853697
-0.011348427832126617
-0.011376886170070905
-0.011426803584282216
-0.011466487468435213
-0.011558295084306827
-0.011595004352812584
-0.0116238894370886
-0.011656064984317009
-0.011684638448059559
-0.011706436353807265
-0.011768946653375259
-0.011793421495419282
-0.01176986530996286
-0.011833157261403708
-0.011790953375972234
-0.011722568078682973
-0.011678511162216847
-0.011632596944960265
-0.011689696489618375
-0.011761887070651237
-0.011796795433530441
-0.011754688462958886
-0.011777078489271495
-0.011759857561152715
-0.011768760259907978
-0.011755040216331298
-0.011713808746292041
-0.01173246603172559
-0.011710323092456048
-0.011678152588697581
-0.011676371068908618
-0.011664041160390928
-0.011696457433012815
-0.011701898520382552
-0.011699823691294743
-0.011679794539052707
-0.011682251124427868
-0.011692429333925248
-0.011763125500426843
-0.011803274931242834
-0.011795000144495414
-0.011847509257495403
-0.0118433144230109
-0.01185049692598673
-0.011832494431963334
-0.011792250608022397
-0.011804991516356285
-0.011827522129393541
-0.0118123661296872
-0.011773292204508415
-0.011811826607355705
-0.011861974387787855
-0.011858379668914355
-0.011835274257912086
-0.011896168082379378
-0.011914449801238684
-0.011841969808133748
-0.011868450360802503
-0.01179851135955407
-0.011716914778718581
-0.011751664616167546
-0.01174776918039872
-0.011723919184162067
-0.011716401462371533
-0.011716474635669818
-0.011663762866877592
-0.011727386039610092
-0.011761597715891324
-0.011673612247865934
-0.011660025283121146
-0.011640117718623234
-0.011629942274437501
-0.011625233808389077
-0.01163286566734314
-0.011649384965690283
-0.011648401990532875
-0.01164103032877812
-0.01160788950152122
-0.011659315515023012
-0.011609536538330408
-0.011555320196426832
-0.011599145786693464
-0.011648141965270042
-0.011684286666031067
-0.011688563113029186
-0.011758864628007779
-0.011837148336836925
-0.011830441352839654
-0.011794226043499433
-0.011727337639492292
-0.011712308442936494
-0.011719544375172029
-0.011700919958261342
-0.01170980532008868
-0.011771509767724918
-0.011838908206958038
-0.011840400945108671
-0.011869823502806517
-0.011905380653647275
-0.011899537349549624
-0.011895831760305625
-0.011870696682196397
-0.01179471157777768
-0.011797405851001922
-0.011708539810318214
-0.011604577904710403
-0.0115621872819387
-0.01157966792010344
-0.011574133958380957
-0.011567872003293955
-0.011539826398858657
-0.011506257148889395
-0.011534056912821073
-0.01154607952787326
-0.011473786343748753
-0.01148147931179175
-0.011493526886288937
-0.011577222395974857
-0.011583392365047565
-0.011538721363131816
-0.01156516384619933
-0.011596265721779603
-0.01160145765886857
-0.011567799603709808
-0.011571184703363822
-0.011614106495219928
-0.011625004846316117
-0.011600156959432822
-0.01163419487957771
-0.011598450475587295
-0.011577432000866304
-0.011583454663363787
-0.011587567039980338
-0.011670524125488906
-0.011716441122385172
-0.01171946538468966
-0.011715194984124258
-0.011709665105893061
-0.011645038425922394
-0.011573315526430424
-0.011538395486198939
-0.011523217607576113
-0.0115882735985976
-0.011591125910098737
-0.011581403031372107
-0.011598002523756944
-0.011636511694926481
-0.011652328346211176
-0.01165040204158196
-0.011599354359966058
-0.011556617299524638
-0.01154144058147302
-0.0115669934795453
-0.011508703647324672
-0.011450462917295786
-0.011442051412394414
-0.011396766496965518
-0.011386123399894971
-0.011423230887605594
-0.011425367914713346
-0.01142341225193097
-0.011463028163864063
-0.011447881835584458
-0.011445920427258198
-0.01147371010424999
-0.011402074476847282
-0.01140046463562892
-0.011373960914520117
-0.011348837585403369
-0.0113482567983178
-0.011421493068337441
-0.011440677353395866
-0.01144427121258699
-0.011433352315082
-0.011507053257754215
-0.011521135714764779
-0.011537362219622501
-0.011502230167388916
-0.011467081895814493
-0.0114815185419642
-0.011479918787685724
-0.011479974007950379
-0.01145215518772602
-0.011519396677613258
-0.011507217256495585
-0.011494672427383753
-0.011485495561590562
-0.011451388365374161
-0.01147253461755239
-0.011467192121423208
-0.011461536586284637
-0.011415243807893534
-0.011450777346125016
-0.011486257813297785
-0.011493519493020498
-0.01148325835282986
-0.011478300679188508
-0.01144049083097623
-0.01145224213027037
-0.011415322311222553
-0.011346981230263526
-0.011264305103283662
-0.011337635307930983
-0.011392870273154516
-0.011383029589286218
-0.011397672559206302
-0.011415966170338484
-0.011461148769236528
-0.011447753914846823
-0.011444414163438173
-0.011444126327450458
-0.011396257077845244
-0.011361874625659907
-0.011391499165732127
-0.01136803925037384
-0.011368140076788573
-0.011355559857418904
-0.01133192117111041
-0.011318295649611032
-0.011282809178989666
-0.011300908559216902
-0.011312930099666118
-0.011397711316553446
-0.011392756680456492
-0.01132560926847733
-0.011273378377350478
-0.011217894003941463
-0.011147198166984779
-0.011109754242576085
-0.01113103533593508
-0.011112444948118467
-0.011119720812600393
-0.011092201233483277
-0.011110583348916127
-0.011062049822738538
-0.011070800543977664
-0.011078490832677255
-0.011087410395535138
-0.011027673030128846
-0.011046010012236925
-0.01102010584794558
-0.011021816128721605
-0.011103885148007137
-0.01112885598379832
-0.01124893121707898
-0.01128624752163887
-0.011324581303275549
-0.01129609289077612
-0.011283911492388983
-0.011317078740550922
-0.011343670450150967
-0.01136340880050109
-0.011349982710985036
-0.011342969637077588
-0.011378502931732398
-0.011284723505377769
-0.011281357762905267
-0.011202644227215878
-0.01118254313388696
-0.011185305021130122
-0.011227720589018785
-0.011248848787867105
-0.011228201968165544
-0.011271099588618829
-0.011290834829784357
-0.011282038344786718
-0.011269789432676938
-0.011178707288434873
-0.01113751896012288
-0.011182503602825678
-0.01118364312614386
-0.011251658430466285
-0.011267278171502627
-0.011269806282451519
-0.011247476949714697
-0.011236399211562597
-0.01125142786365289
-0.011251238604577688
-0.011280687769445089
-0.011282288283109666
-0.011311674963396329
-0.011279076567062965
-0.011246664779117474
-0.01124255766089146
-0.011300704227044033
-0.01126341432906114
-0.01125673044186372
-0.011281985961473905
-0.011328966500094304
-0.011353817094977086
-0.011325081251561642
-0.011324304858079323
-0.011283541270173513
-0.011252845365267534
-0.011199326841877057
-0.011189155853711642
-0.011134168348060204
-0.011130387321687661
-0.011161736943400823
-0.011216410994529724
-0.011191460647835182
-0.0111735170850387
-0.011212787734201321
-0.011257871011128793
-0.01121808816320621
-0.011150560212823062
-0.011124465700525504
-0.011166276567830489
-0.011291570732226738
-0.01130221880112703
-0.011340487777040555
-0.011388782182565102
-0.011428146551434811
-0.011436158576263832
-0.011444018351343961
-0.011487523666941203
-0.011492266649237045
-0.011459019078085055
-0.011422756744118837
-0.0113683151654326
-0.011387468616549785
-0.011384359188377857
-0.011467782221734524
-0.011577904510956544
-0.01158480691508605
-0.011587001411960675
-0.011530926264822484
-0.011478504495551952
-0.011459601555879299
-0.011460001308184404
-0.01142291952497684
-0.011403233443315213
-0.011393473512278153
-0.0114077877253294
-0.011415582006940475
-0.01135647470274797
-0.01138520991572967
-0.011446548683138994
-0.011456839654308099
-0.011480027781083034
-0.011439089376765948
-0.011380990050159967
-0.011396681245129842
-0.0115111622099693
-0.011551863069717701
-0.011521829908283857
-0.011522201004509743
-0.011492312470307717
-0.011512898281216622
-0.011484499734181624
-0.01140629699310431
-0.011347076382774574
-0.011335124404957661
-0.01132061078857917
-0.011354034279401485
-0.0113521479929869
-0.011307972426024767
-0.011320552917627187
-0.011407605028496338
-0.011435119850704303
-0.011443316363371335
-0.011401287179726821
-0.011392238822120886
-0.011402979005987827
-0.011443408034168757
-0.011493216096781767
-0.011422409461094784
-0.011455468704494147
-0.011496242150091207
-0.011490021087229251
-0.011508129006968095
-0.011490174411581114
-0.011464273743331432
-0.011454563716856332
-0.011436700706298535
-0.011388061525156866
-0.011417451945061868
-0.01146692497512469
-0.011441373624480687
-0.011425664834678172
-0.011438059563247057
-0.011434528231620788
-0.011448494760462872
-0.011383780736762744
-0.011361519562510344
-0.011362801907727352
-0.011316977871152071
-0.01126803198399452
-0.011293740198016166
-0.011272053348903473
-0.011232611809212428
-0.011209265758784918
-0.01116361659593307
-0.01115095718548848
-0.011133065189306552
-0.011039077089383053
-0.011002853283515343
-0.0110050290536422
-0.011019942307701478
-0.011019572343390722
-0.011032600027437393
-0.011094204279092641
-0.011090604889278228
-0.011045507040734474
-0.011027648729773668
-0.011022575271244232
-0.010981909114007767
-0.011010527854355481
-0.011072653431731921
-0.011092875296106705
-0.01109371312822287
-0.011083787092222618
-0.011112130433320998
-0.011190118038883576
-0.011186112735707026
-0.011233547415870886
-0.011225540162279056
-0.011206041290782965
-0.01119985142006324
-0.011158329191116187
-0.01118228227759783
-0.011173711229975406
-0.011207415536046029
-0.011170747460654148
-0.011228018999099731
-0.011259442137984129
-0.011282609575069867
-0.011325774814646977
-0.011273667273613123
-0.01122950491710351
-0.011152075431667841
-0.011150131675486381
-0.011229159482396566
-0.011291687276500923
-0.01125782599242834
-0.011277587238985759
-0.011198711123030919
-0.011229425611404272
-0.011291800697262471
-0.011308491960741006
-0.011329089277065718
-0.011326756314016306
-0.01126458912801284
-0.011238091696913425
-0.011217802146879527
-0.011244834443697562
-0.011207002286727611
-0.011190431479078073
-0.011288514847938831
-0.011319794892691649
-0.01133145043769708
-0.011306530366150232
-0.011285061933673346
-0.011281557567417621
-0.011226773591568836
-0.01125214251761253
-0.011273024532084282
-0.011282816113760839
