-0.004754885652180281
-0.004277956944766769
-0.0036354230993094682
-0.004900054762995455
-0.0035222154165487846
-0.0041233424989850975
-0.003494930525564331
-0.004256208178711555
-0.0043823326892357285
-0.0038141078059999094
-0.0032875020436126845
-0.003925515774359039
-0.004699369249262983
-0.004026750526115195
-0.003597837883539075
-0.004168491852862545
-0.004018188902304805
-0.004253640260156903
-0.004147818959520732
-0.0033534326516667778
-0.0032622150829309314
-0.0035368834410819923
-0.0034879111698291336
-0.003736346231488716
-0.004072584093920202
-0.0035320743830614455
-0.004116313393700743
-0.0033256009020123166
-0.0035649168837668553
-0.003330310660466704
-0.0030010303771823396
-0.003046154834852985
-0.003474763238268136
-0.0034530547608985613
-0.003007074318441738
-0.0034543237868785806
-0.003030912299293487
-0.003019639714450809
-0.0034368385792011404
-0.0033339162491693186
-0.0031058600325373662
-0.003136498489145641
-0.004041376614433467
-0.003268500023055519
-0.002929672546869135
-0.002671630273062286
-0.003154967071987538
-0.0032324060225568294
-0.003032315125060735
-0.002855937209106914
-0.003012989817133652
-0.003488757425470887
-0.0032828014080312604
-0.0035048100217431365
-0.003076969700798746
-0.00282120591985982
-0.0032852286641061827
-0.0030717351091600273
-0.0028258495357305173
-0.002619409994027513
-0.003128378113752707
-0.002639482805474403
-0.0028222398629413176
-0.0029494614478468204
-0.002739608960416321
-0.00300032171398671
-0.0035368416378739826
-0.0035046246900028093
-0.0025920702646366487
-0.0028516244964616696
-0.00295409513965477
-0.00303725195146424
-0.003220404913438622
-0.002789775450355701
-0.0030967464321191274
-0.0029085404699913764
-0.0028569775561848314
-0.0031979390662161453
-0.0026003296463144782
-0.002510132488410573
-0.003449252292809363
-0.0031748954590696326
-0.003526800400621752
-0.00302847296271256
-0.0032368563968893605
-0.003508414644999324
-0.0031152410265502086
-0.003039437882827583
-0.0037189005142412
-0.003279066267254929
-0.002828450013506487
-0.003094385188038117
-0.00333889927514593
-0.0035219333648122183
-0.0032282315780194156
-0.002943389502575195
-0.0031688766389761027
-0.003439107414477631
-0.002916233685312619
-0.00237094823035245
-0.003228209258420313
-0.002751956246054609
-0.003158795469260603
-0.002798431775214352
-0.003150500257607793
-0.0027920675913633724
-0.002797586559357184
-0.003060623582859989
-0.003004764822501536
-0.0033773777548799623
-0.002679949667606173
-0.0031042076369141606
-0.0029438076314764207
-0.0029360131570066793
-0.002940776176203495
-0.0029405917639497847
-0.0030701876702789533
-0.0028199814450223914
-0.0027632384317359403
-0.0030435641688651726
-0.0034015085200595563
-0.0025903689243818124
-0.0030886402905485064
-0.002873275789109238
-0.0028886377195723066
-0.00394383817719915
-0.0028968640426619585
-0.0027746289458486662
-0.0026285209992117585
-0.0034742493134601203
-0.0031384252353288088
-0.0025992500187722264
-0.003059768556801187
-0.002921806427202304
-0.002588025382296098
-0.0031528866969380985
-0.003116665639675631
-0.0029160578644045233
-0.0032131683167889056
-0.0030136030879240284
-0.0033049297284225925
-0.0029527273750935214
-0.0027190377093333426
-0.0026072038567667103
-0.0024531536341083457
-0.0025260778497852654
-0.0026103692839442487
-0.0024256593920209085
-0.002078759140593297
-0.0030960068274456256
-0.0025842583775105136
-0.002499020941798914
-0.0027285713776179295
-0.0025027998524005733
-0.0029876657096633784
-0.0031212901522855566
-0.0031197433954209017
-0.002781241165817601
-0.003241113834231526
-0.0028825663955981354
-0.002985805773360799
-0.0022677730832774442
-0.003067633096951748
-0.0028509996828389624
-0.003023175920445877
-0.0031034944372683444
-0.0027384724789966753
-0.0026570027659176404
-0.002636228752872911
-0.0029085107445041146
-0.003026894465392595
-0.003162742220701467
-0.0031868923705161614
-0.0030432556384417135
-0.0030520588284626243
-0.0028868930150517886
-0.0033694370968809597
-0.0028462299032904425
-0.0029843270504662785
-0.002959917687876187
-0.002653999026929691
-0.0025843063099343384
-0.002606516569444559
-0.0028007606154644986
-0.0026036993230524543
-0.0030492722816202462
-0.002887910199905701
-0.003290006908909887
-0.003343817037781076
-0.002524450398678628
-0.0029559931836021913
-0.002900783079663095
-0.0024436205533058288
-0.0028523034769283783
-0.003192548445664355
-0.002895885640647441
-0.003021931175327323
-0.0029224099494961605
-0.0036703039882121516
-0.0034470460449892762
-0.0032892160314585903
-0.003122178331097681
-0.0030380947239899685
-0.0031108399675943313
-0.0034115357123018367
-0.003046393993072914
-0.0030904980832293207
-0.003169168733654954
-0.0030288631195267393
-0.0030191263888803416
-0.0032996121941317154
-0.0032558706545438294
-0.003332724987029159
-0.0027636282882091095
-0.0032252991825994053
-0.003212833934902357
-0.0025604974603751747
-0.003280301677397703
-0.0030014962747754496
-0.003166423500368974
-0.0027910898529085546
-0.003428731422946251
-0.002762815162214201
-0.003158750720275576
-0.003515358007281427
-0.003472246511691164
-0.0025841040579399417
-0.0029905875736304073
-0.003145080741437503
-0.003429515874769142
-0.003359434715915534
-0.0036000976778592913
-0.0030418301329677745
-0.002962202467109807
-0.003270126804155856
-0.003554773166081065
-0.0028170419156234145
-0.003044504306285325
-0.0026710792568960867
-0.0030113292231152837
-0.003461385341824693
-0.002966316823153169
-0.004270700246747544
-0.0030977830204424214
-0.0033345411903820395
-0.0029044162341539683
-0.0033117977225578317
-0.00301613106428551
-0.00292081283625729
-0.002799521232914962
-0.0035976784007658033
-0.002791198852213128
-0.003104483299614212
-0.0032608482499606514
-0.003372169060239171
-0.002788109036429044
-0.003233272799136447
-0.0032318323257183278
-0.003157573389655692
-0.003443360781976652
-0.0031697662680347624
-0.0032987508407367125
-0.0033143180676494647
-0.0032861591026459016
-0.002525361684087698
-0.004011277454315807
-0.0029102923077275024
-0.0035193772177519837
-0.0028822610750371615
-0.0034928995592028566
-0.0035216722782323495
-0.0032944802919071385
-0.0026915611756388046
-0.0034681901240899786
-0.002952781425595346
-0.002675713624771211
-0.0032215222387590482
-0.003236781961896779
-0.0032085482596011313
-0.0035719328358001855
-0.0031837836927587774
-0.003029505269380304
-0.0029941302248345115
-0.0036116494952661985
-0.0028512999790999893
-0.003123517407103764
-0.003407579314583787
-0.0032674889954460713
-0.00304880148723642
-0.002992665019238219
-0.0030668696665597504
-0.0029537475664637484
-0.002670144568563339
-0.0030234247783450944
-0.002876995732590745
-0.002628242784876611
-0.0031564198836947347
-0.0033350073869536155
-0.0029028363734122688
-0.0028077373487442985
-0.003430638827023895
-0.002652423653003765
-0.002750744658079745
-0.0026848363860554406
-0.002803652122373771
-0.0026187480104027964
-0.002420160466828956
-0.003031620892086127
-0.003182842728025347
-0.002717955836621386
-0.002335931485949471
-0.0031728318218299297
-0.002816845027807615
-0.002573694488287751
-0.0031315523738603118
-0.0034733507715007323
-0.003231958232086739
-0.0031048943808600843
-0.0029950674317609912
-0.0035751106906531595
-0.0032788006444493182
-0.0030398157668078928
-0.002876254608382478
-0.002813558658726198
-0.002800395702436434
-0.0031462778383739187
-0.0033505385472228392
-0.002889217927318664
-0.003461814272289501
-0.0028307758965199744
-0.003152641386862284
-0.0028255983030910387
-0.0028716583732272174
-0.0031820818136823804
-0.0031271713091889125
-0.0029523409158764835
-0.002754837114823769
-0.0036197749013732474
-0.002942104441599376
-0.0030146813560684963
-0.003052451633100808
-0.002895277970038204
-0.002915770114461361
-0.0028575940493378647
-0.0027859157637843183
-0.00326659675740264
-0.003001733563622202
-0.0021081298424381846
-0.003391533778839741
-0.003153158999555449
-0.0031186532673005813
-0.0029608272267043555
-0.0028993474737461404
-0.0031380899728562354
-0.003432778543076263
-0.0032706268957019857
-0.0030488888273329834
-0.00346948258510648
-0.0033933302877526554
-0.0031266744331962678
-0.0030431149126858513
-0.0029446356987338747
-0.002806379629445176
-0.0031403070661479267
-0.0031470219432248618
-0.002593614727371535
-0.0026598626193902373
-0.0027166685821181833
-0.003206748283053305
-0.0029512737948149577
-0.002832054543973212
-0.0033327559214015134
-0.0029671687426706364
-0.0025338084351270566
-0.0027152032773759397
-0.0031683030454053153
-0.0034437133980639387
-0.003291688491716508
-0.0029167712315067472
-0.002995343480356464
-0.003028663143652862
-0.003031421473194011
-0.0029702998700886912
-0.003290585906939237
-0.0027202801277812663
-0.002823992545670524
-0.0035545551141694886
-0.0031010249488320667
-0.0032440413979914597
-0.0035170798940729157
-0.00375778855994761
-0.0031615033323403987
-0.0027532819959783174
-0.0033169588405182427
-0.0026836794993846205
-0.00301472034061293
-0.003335428271779014
-0.003385453727576381
-0.00297610084351338
-0.0028113624721516095
-0.003627092571529154
-0.0028610260810338615
-0.0031684346955762233
-0.0035827903818085468
-0.003268774437947286
-0.002950658218418592
-0.0028780246203947597
-0.00275665077498269
-0.0025889892093591
-0.0031241969368825933
-0.0031361605654351703
-0.003411515958163095
-0.003122739557313725
-0.0026888053020318655
-0.0027689965564776414
-0.0029164204570660975
-0.0031541912690585764
-0.0029011136542951184
-0.0029647217349971964
-0.0029351568066434534
-0.0030325230969754403
-0.003183984266869011
-0.002648663145508411
-0.002789630868312833
-0.0027793036165571485
-0.0029288447616439227
-0.002859699010811961
-0.0027665416680924056
-0.002918237368757619
-0.0026605286186613267
-0.0026130159330411125
-0.003361270698671713
-0.0028691372773903203
-0.0033635269729803104
-0.0031139435602879776
-0.0030906018081486475
-0.00288473373637482
-0.0028774374004909052
-0.0029686861109153436
-0.002780146780760904
-0.003014851025249414
-0.0032316830766125084
-0.0030070883785569434
-0.002804061190117921
-0.003167578623047727
-0.003128630985282563
-0.003528493903105661
-0.0032296814117630268
-0.0027598156667797053
-0.0023959916154466646
-0.0026369466748553073
-0.0030272076544382055
-0.002700891473551983
-0.0028787630409137814
-0.0026250545490269337
-0.0027956242261307825
-0.003093225569052895
-0.0026657142945114634
-0.0030531771332821273
-0.0030395093170965254
-0.0035196347371756493
-0.002992145635643121
-0.002972503842591107
-0.0029755475294223287
-0.003064159411908301
-0.003231076053672055
-0.002865273906878626
-0.0027957338022217937
-0.0032588711803297698
-0.0029052718129567376
-0.002809427355196721
-0.003033235730954973
-0.0033894069696238454
-0.003245197230727347
-0.002902454477899715
-0.0035252406018142176
-0.002881018274333049
-0.0029997968750566637
-0.0027273678125966628
-0.002987086153451475
-0.00270523815106953
-0.0036876627380034296
-0.0036754525506083745
-0.003012742813728443
-0.003343203022913341
-0.0027132837969576877
-0.0035575445588670743
-0.0031797277660437213
-0.0027900523535870263
-0.0029515930911033824
-0.003728332880935703
-0.003446011388709178
-0.002934517317761502
-0.0031594448860658847
-0.0033220220922885344
-0.002971526555255197
-0.0029081399023773765
-0.002955964730859274
-0.0027838196278610968
-0.0029319563080003916
-0.0031077818912995333
-0.002979418116593205
-0.0035849779690929257
-0.00269806371880849
-0.0028952835283616533
-0.0027727498903952394
-0.003129801622580895
-0.0029046028459798544
-0.0028935058241987047
-0.0028825414836065786
-0.002913594632980467
-0.0033692958307745776
-0.002893998425245697
-0.003457254309477274
-0.003551779631692678
-0.003192181097179924
-0.003046276883405938
-0.0029530953844473223
-0.003013601929924845
-0.0031074622367888195
-0.002474471321407074
-0.003674064479354409
-0.0028367367654351864
-0.003590517118417368
-0.0031077756255959124
-0.0029536315062970607
-0.0031992183993673293
-0.002825792913705566
-0.0034698120870791716
-0.002906700419758647
-0.0035895794566805795
-0.003115045192306577
-0.0032585650200353472
-0.0029415125974292795
-0.0030808498576105443
-0.002624625201528484
-0.002658141975531384
-0.0033680956900294765
-0.002779499662411557
-0.003251966300209222
-0.0031628710984776924
-0.003114873981667502
-0.0030210718572460083
-0.0029141187362523597
-0.0031125227797808397
-0.0026759249415100874
-0.002920369939413844
-0.002672810347784134
-0.002955434179479501
-0.0026398240774761317
-0.003193504319268696
-0.0026593133633856787
-0.0026212447075471606
-0.002771876510669116
-0.002753653982422509
-0.002945910506034149
-0.0029004457054693372
-0.003231640641075455
-0.0030100557379539768
-0.002810849743130803
-0.0029792606684085608
-0.002478661999030138
-0.002892239286745021
-0.0028343388615909956
-0.002640170723855596
-0.003309587620646886
-0.002745903043053857
-0.0030284765748070197
-0.0031146932103418945
-0.0031803705543116843
-0.002991725290127434
-0.0029441373105864835
-0.0030998073142674033
-0.003302531439710353
-0.0035361993497937706
-0.003256320582730332
-0.0032196991764092656
-0.0027490248574458622
-0.003547368465981387
-0.003003629544010741
-0.002896917127445761
-0.0032001137206868462
-0.002991683193132602
-0.003347479782263743
-0.0034225691965558496
-0.0025636661022287325
-0.0034680948791766617
-0.003086218625863834
-0.003185281447738165
-0.002521109513657977
-0.0029798492277763535
-0.003324929455949705
-0.0032060910180954994
-0.002747678539252099
-0.003176884736385032
-0.0031995483197389055
-0.0028093281234378427
-0.003240902658581035
-0.002987698625911181
-0.0027589205310475937
