2.5650288031651423
1.3375626197228065
1.1047812324303847
0.9844613790512085
0.8394979719932263
0.702488713998061
0.5882030276151804
0.5376894872922163
0.4683825201713122
0.4129049429526696
0.3655113350886565
0.31989311346640953
0.28128164353278967
0.24989945590496063
0.21749446644232823
0.1964246792288927
0.1784409180856668
0.1671354248546637
0.1586115124133917
0.14532625004649163
0.1338744098177323
0.12361124788339321
0.11292651610878798
0.10244076395264039
0.09769938353162545
0.09240102275059774
0.09021968302818445
0.07767940547603827
0.08484861930975547
0.07598539341527683
0.0695576769228165
0.06985336805765445
0.07344964585052087
0.07621344539981623
0.07197894929693295
0.0766647933767392
0.07698105891736653
0.08413220735696646
0.08417421946158776
0.0846777200125731
0.08185095916000697
0.07211041444769273
0.07806932526425674
0.07943358997312876
0.07287962353573396
0.07211899035252058
0.06909556520672945
0.06480696482154039
0.07265211040010819
0.0695727936636943
0.0658991293838391
0.06925101108275927
0.07263959219249395
0.07588263056599177
0.0811620905995369
0.08170633347561726
0.08071169056571446
0.08078502024022433
0.08312315459434803
0.0765207060541098
0.08339371578051494
0.08322797669814183
0.07423840159407029
0.06944666585096947
0.06663780705286906
0.06711990804626392
0.06912284797200789
0.07463707915292336
0.08118118529136364
0.08075548376028355
0.07421420715176143
0.06846841530731092
0.06311755329370498
0.06608601673864402
0.07416949432629805
0.07500587214644139
0.0642548761688746
0.07253334568097042
0.07016288199676918
0.06693998772937518
0.06191452093995534
0.06751168679732543
0.07261343692930845
0.07937578146274273
0.07233178738791209
0.06918295235014879
0.0794595184807594
0.07011279546870636
0.07475774460113965
0.07864923640512503
0.07785647786580599
0.07551030069589615
0.0754129202893147
0.07730340484816295
0.07003381229363954
0.07040760130263292
0.06999885772283261
0.07339149873990279
0.06084746638169655
0.06667341177280132
0.0722987766449268
0.062427643858469446
0.06728219197919735
0.06446242372577007
0.062414776104000896
0.06976939113094256
0.08654758617855035
0.08059315297466058
0.08045464281279308
0.07367240686256152
0.07396213604280581
0.06627767080297838
0.05916309700562404
0.05328108811607728
0.06600708256547268
0.06152835273398803
0.05875925662425848
0.0626027779510388
0.06153028246301871
0.06723254265693518
0.06100669594911429
0.07000024347351147
0.06023443232362087
0.06507652055185575
0.05920585044301473
0.0654404339595483
0.057237109455924765
0.06149307775955934
0.05967513718284093
0.06507982921141844
0.06874996286172133
0.07302209184719965
0.06513606367202905
0.06931051537394524
0.06315870204797158
0.06975717682104844
0.06471176605958205
0.0653134486423089
0.07049961067163027
0.0643986603961541
0.06065868775431926
0.06416295657937343
0.06468967826893697
0.06976214148677312
0.061611983180046084
0.0671528240522513
0.06369748190045357
0.06693340253371459
0.05802022270285166
0.07268076779750678
0.08100219678420287
0.0803079842374875
0.06347937179872623
0.06395783155010297
0.06203842034133581
0.05491874785377429
0.04901550429371687
0.05210256092250347
0.050227116850706244
0.05762881218240811
0.06662592423649935
0.07577912217149367
0.06610797523305967
0.06459321004266923
0.06383536125604923
0.0693864593998744
0.06513602008613256
0.0683591314806388
0.05824649001543338
0.06037505592864293
0.057054876134945795
0.07175990302975362
0.0811148783335319
0.06762880310416222
0.06813261296886663
0.06749213475447435
0.07357847633270118
0.06521672024749793
0.06668047813268808
0.07503960826075994
0.07166860430286481
0.06690180238622885
0.06570037537469314
0.06304284890110676
0.06726753310515331
0.06681758463382721
0.071094738978606
0.07075875945962393
0.06729099034116819
0.06099694875570444
0.07150632658830056
0.06457929255870673
0.0701536024419161
0.0651068983742824
0.06471867079918202
0.06329017728567124
0.06561209255686173
0.06119091499310273
0.06485604632359285
0.06581926099382913
0.06482890809957798
0.07272382467412032
0.05872435704446756
0.05766055770218372
0.05847967593715741
0.060662113359341255
0.0697560327557417
0.05990744883624407
0.06637572457010929
0.059956164830006084
0.06310120671987533
0.0646874079050926
0.06237181270351777
0.06761068254709243
0.06210492620101342
0.06348765910818027
0.06295638617414695
0.06375029195959751
0.06398390305156891
0.06734549191135626
0.05575506446453241
0.062077166197391655
0.0585055835545063
0.05648780035284849
0.05585821196436882
0.06119024598827729
0.0618019075347827
0.06096248340148192
0.057044100990662205
0.05944584527840981
0.058865484652610926
0.061563644328942665
0.06283962187858728
0.0577974901176416
0.056057686129441626
0.06128686236647459
0.06116369057160157
0.05082832910120487
0.05345318251504348
0.051410240164169896
0.05114208906888962
0.050000284039057215
0.05477160794230608
0.05197329667325203
0.05476525027591449
0.057666582556871265
0.060141106236439486
0.064308467736611
0.06362922013952182
0.06084491679301629
0.05943660134306321
0.06428407313158879
0.05653541068044993
0.054723459424880834
0.05500218994342364
0.053649538640792555
0.051282357137936815
0.04939363340918834
0.048532900844628996
0.04846353453512375
0.05032783379921546
0.05303466635254713
0.05142879053377188
0.052448870241642
0.0587558541733485
0.05130350609811453
0.05578120605876813
0.055660530781516664
0.05524549312316454
0.06329322640712444
0.06891078415971535
0.06573954121424602
0.06433673260303643
0.06664881253471741
0.07077852023335604
0.07272589043355905
0.06643689853640702
0.06398540093348576
0.07189454066638763
0.07002588424545068
0.06278083685498971
0.06940735185948702
0.06814827277110173
0.061417421297385144
0.06369275336082166
0.060843976128559844
0.062131314724683764
0.06097998160582322
0.06378536694324934
0.06266481039615777
0.06191571859213022
0.06745256323080796
0.0713474275974127
0.06482778217356938
0.06536357729480817
0.07019435284802547
0.06491929458884092
0.07145347110927106
0.06762474970175669
0.06752833804258933
0.07013258595879261
0.06901668848899695
0.06206946791364597
0.0626341078716975
0.06863098127337602
0.06669252715431727
0.06519586916726369
0.06884759303468924
0.06509776356128547
0.06116730017730823
0.0635121068988855
0.070566964837221
0.06346020982242548
0.07026879033790184
0.07099777184999906
0.06579055814788892
0.07096756937412116
0.06733367546246602
0.06924578103308494
0.06668799914992772
0.06566205084897005
0.06929483597095196
0.06716336923149915
0.06880513441104155
0.0655088633298874
0.06578431198230157
0.06748717286838934
0.06859207669129738
0.06557123059263596
0.062304824934555934
0.06436068266630172
0.060993112107882136
0.06596102241713267
0.06653376362071588
0.06462452712540444
0.06580134005500721
0.06455972163149944
0.06424756267896066
0.06562670446359194
0.0705045408067795
0.06274570788328464
0.06261504266697626
0.06866290672467305
0.06302579543911493
0.06585349876147051
0.06677956472222622
0.06595939913621315
0.06348114561002988
0.06825635822919698
0.06333195896675954
0.06415333679089179
0.0671825701227555
0.06380457571492745
0.06680381768024884
0.06463433240468686
0.0674809395120694
0.06784413052866092
0.06802522637523138
0.06191931384114119
0.0676537232616773
0.06678608684585645
0.06760313648443955
0.07218048331829217
0.06572317678767901
0.06822170354425908
0.06889204663726
0.06496485133583729
0.06699578509880946
0.06771783848794607
0.07238735848894486
0.0710337031346101
0.06554030552506447
0.0673957645893097
0.06558436676859855
0.06647635328655059
0.06593644859699102
0.06619567710619706
0.06499557380492871
0.06642422011265388
0.06511934783596258
0.06978395856343783
0.07004898302257061
0.0667269629927782
0.06548572583840444
0.0689500715297002
0.06541306559856121
0.06486667890388231
0.07270789667963981
0.07118526052397031
0.06920830613145461
0.06991811151114793
0.06912229714485316
0.06906298717054037
0.07288651870420346
0.06810820956642812
0.06972004146530078
0.07227647889118928
0.0738908547621507
0.07090500702078525
0.06769166379593886
0.06901202454016758
0.06558817997574806
0.06741794164364155
0.06790372841060162
0.06479046083986759
0.06508505662473349
0.0643461653819451
0.06676540400546331
0.06772822227615577
0.06407373885695751
0.06582205375799766
0.06252861108917457
0.05964427470014645
0.06525841773702548
0.0668706160898392
0.06353285252474822
0.06281784219810596
0.06573600511138256
0.06713566178312669
0.06431119275780825
0.06528827238541383
0.06532371800679426
0.06915986323012756
0.06623108510214548
0.07080686370340677
0.06861147860494944
0.07031632237709486
0.06859580777012385
0.07129793201501552
0.07213160693645478
0.0705864633505161
0.0728183119915999
0.07194858709206949
0.07408019986290199
0.07097564841119143
0.06908893115245379
0.07184283423882265
0.0675375678218328
0.06767747287566846
0.07128425034192892
0.0713175828067156
0.06700842526669686
0.0661916751987659
0.07019669445088277
0.07006821047801237
0.07099912278354167
0.07346134879268133
0.07178506662066166
0.0709358041962752
0.07500834992298713
0.07036550162503352
0.07015948467529737
0.07198413799588498
0.0670290288157188
0.06965248438601311
0.07165845474944665
0.07187146246433258
0.07741026843969638
0.071108027948783
0.0730293894903018
0.07035910848241586
0.07244862412604001
0.07240353971719742
0.07470488809049129
0.07457983803290587
0.07501307794680963
0.07236107132182672
0.06935948096215724
0.07094636301581676
0.0717285418166564
0.07287613336856548
0.07231746436311648
0.07341519307631712
0.07376752418394272
0.07588605829156363
0.06620270756001656
0.06906797152299148
0.06909996847120616
0.06703918556181285
0.07006083893088194
0.06881645688643823
0.06673110800866898
0.06720407413175473
0.06750580485050495
0.06781013820033807
0.06637303611406913
0.0676065050638639
0.06491142522830229
0.06613069549202918
0.06900839865780793
0.06420785950926634
0.07068419327529576
0.06962994047655509
0.07200823265772599
0.06921380798404034
0.06635482950279346
0.06686672978103161
0.07137681211416538
0.06703437747290501
0.07088904824967568
0.07054126084997103
0.06492523427766103
0.06884000765589568
0.07115700628895026
0.06997020198748662
0.06791468692513612
0.0703266414312216
0.07038948255089614
0.06949563949153974
0.06996572751265306
0.07296721826379116
0.07130609851043958
0.06986398118046613
0.06623669003064815
0.06541230460772147
0.06326076345374951
0.06803026892817937
0.06922044808474871
0.06347888326988771
0.06549167933945473
0.06499850595226654
0.06581003554165363
0.06844074938159722
0.06661536713632253
0.0645055890083313
0.06902892555181797
0.06590963965998246
0.06605026541421047
0.06493414273628821
0.06667403338047174
0.06267278068340741
0.06712417731491419
0.06428414035875063
0.07151938636715595
0.06727255961069693
0.07166461933117646
0.06873921433893534
0.06991253220118009
0.06985099435998843
0.06579297548876359
0.06836799463400474
0.07431638040221654
0.06871074698865413
0.07348000074808414
0.07377477626387889
0.07157334725444134
0.07309101049143535
0.07512488032762821
0.0752291228908759
0.07300588992925791
0.07180210552536524
0.07277766950428485
0.06993224090681627
0.07579969904170586
0.07247841719251413
0.07179572728390878
0.07340088463746584
0.06795795084192202
0.076524412803925
0.07006008435900395
0.07160192673596052
0.07168244584821738
0.06861345283687115
0.06907386834231707
0.06613210789286174
0.06602794929192617
0.06497295642128358
0.07005760099452275
0.06395721547305584
0.07196925766766071
0.07070179515733169
0.06494824783160136
0.06652459791646553
0.06910794107959821
0.06747686415910721
0.07063628867841684
0.0702513506779304
0.06743456669724905
0.06886346271404853
0.0702148240346175
0.06987707219444789
0.07085800784138532
0.06867584523100119
0.06758610709355428
0.0697750265781696
0.06721201745363382
0.06881118717675026
0.0680693707213952
0.06588326598016116
0.06637589455797122
0.06765161861593906
0.06894477342183773
0.06362103822712716
0.06820019185543061
0.06349059096895732
0.06599318502614131
0.06789074528675813
0.06572445513537296
0.06966166900327572
0.06584220712001507
