1.5044026967046003
0.40897356356898423
0.5012734810742296
0.4263560872943711
0.21847473828721242
0.21014510869055755
0.23349494444993288
0.17522904734567615
0.1754536988545758
0.16995422171371044
0.14107186121454593
0.1357445807716008
0.1306006828640667
0.11620615514775001
0.12393188603265687
0.11071955823418937
0.10173611431526988
0.09847636732034558
0.09821958779971036
0.0906920310672979
0.08369971336905173
0.08211663507589305
0.07621492075827695
0.08254388838558811
0.07230789343241689
0.07341697527629923
0.06926427442262802
0.07165570330603929
0.07259847632385502
0.06422208623902857
0.06995694654047951
0.0626831106018535
0.06499250732766565
0.06323401959136475
0.0679379934047948
0.05892988618521034
0.06865962722533664
0.054137756001175374
0.06785505157245626
0.0646597442592588
0.06205401882933554
0.05553272858355916
0.0643274870542304
0.06027906609323713
0.060734857270826205
0.059966891175569144
0.06342676199265113
0.05932306503703774
0.06672805737588526
0.052121350130196226
0.06273468462172752
0.05640229811646449
0.060559423384076175
0.061763218983054854
0.058589624479239766
0.05951461725861065
0.05848433861739991
0.056390716105901684
0.06049061259760182
0.0586759446715835
0.05921863605513764
0.05312519419627885
0.06184299508932718
0.062397152084366296
0.058511345102199054
0.059670542572560006
0.06133084573833517
0.05572365137185295
0.059676270836300054
0.06587896424944895
0.05492350905628283
0.0613798419944942
0.05849379425608488
0.0626589229435104
0.05721956048370158
0.06712052194842015
0.0505319588055993
0.06300047764287496
0.061691621847291905
0.05794017341767633
0.06189631811855722
0.05899480311200023
0.057538939011824684
0.06184279932387809
0.06019386423520686
0.05424149761467364
0.059420189524228256
0.05616193696091226
0.06546843686509271
0.05331345397596385
0.06111748144752527
0.05860946380331131
0.05667676522880215
0.06447267128053562
0.06017824227004781
0.05709119232068228
0.055689730764503856
0.060908769300683986
0.05803694813187386
0.05866598724676368
0.05668098839043185
0.06060356359798894
0.05930081898592008
0.060594610901470045
0.05795434130853865
0.05608866991143125
0.06090442305647357
0.05591598180548627
0.06373846316493528
0.05690092259527061
0.05860595821489602
0.06054106865135967
0.0590154672323098
0.057128079080333315
0.05955907798827041
0.053974328089736456
0.06258922351827455
0.05731547739746612
0.05796482706399158
0.05752631194543007
0.05884847542011114
0.059555886334977874
0.057944610404471554
0.05761428897868293
0.05911636392246614
0.059509050729143066
0.05593912344418697
0.05872267191731479
0.05806192394179949
0.05827887188607119
0.05716152896007248
0.06118931140490742
0.05944725006905406
0.0565320511308838
0.05936043719262924
0.05825311330674115
0.05918221966392368
0.05796900802010367
0.05638854862226881
0.05931216123867636
0.06110241493325709
0.05486298679886747
0.058364284639932616
0.05898042541365464
0.05884436721184341
0.05897441997315533
0.05860305677687879
0.0574353038145648
0.0619336528028542
0.05692351802591552
0.057470112598623876
0.05743919017674156
0.057582412461945134
0.06068867344279275
0.058766652956287295
0.05705807239986783
0.053073357317827696
0.0653708648918442
0.05471496077348269
0.05856954030396576
0.060831983844468064
0.060823659082268215
0.05298763673478203
0.056316366946223634
0.061916357938691165
0.05376171967909895
0.05476082112394678
0.06312397154149159
0.053459090613868346
0.06226319006405944
0.05520324595272541
0.05758743843987815
0.056406988404951126
0.055633026362909364
0.05715672624867785
0.06706320740239219
0.05423912701608483
0.06092576681665152
0.05284680183904693
0.06128192904889006
0.04944589021146413
0.060292487790764765
0.053338066943697346
0.06127138165468278
0.05662102442480219
0.058827782181532
0.056535115445668034
0.05218273923595169
0.06314578047744179
0.05876220354102841
0.05294918518174122
0.05559751662685601
0.0602303113338949
0.05588457557957533
0.057521851276690066
0.059888705546252946
0.056209670278684114
0.060098015039061856
0.05826816133894892
0.05415504018400702
0.05717241313207404
0.0600534674653769
0.05826696544134802
0.05468652564165897
0.053832373583631576
0.06153224266040348
0.05482177449346975
0.053310156498436435
0.0645933874861099
0.05548705348326254
0.05362687506460289
0.06258610805294426
0.056755399295352685
0.060814849476423835
0.053652469646330025
0.056491817990245746
0.06186597618498197
0.05578921587646816
0.054703543756821356
0.05868843590205376
0.05725548935823085
0.05530718987980901
0.0570050932885718
0.057394517881636936
0.05268752986074302
0.06320682229734091
0.056676275836838076
0.05878042527871539
0.06095945270183359
0.05295205834256702
0.058156034270258145
0.05393099971476567
0.05796976510594173
0.05954005723718063
0.054838372419711
0.05846376536240758
0.05505450392257451
0.0549504566078558
0.06180616790905248
0.05445205458699791
0.05596673928287833
0.060016937683834586
0.05567500895871095
0.05903127941469005
0.05573651620165207
0.05950014961183129
0.055678010515709836
0.05749339350975703
0.05887411757870469
0.05949915460375852
0.057704915218560617
0.05500612786949374
0.05825384669439044
0.05848063157994098
0.05438144433911341
0.058161379043879205
0.057309555990780275
0.05675875050080723
0.05642934483945254
0.05658920888261971
0.056825202593738716
0.05713715784020664
0.0562585889065797
0.05847218746767026
0.055178604240334314
0.058010383447733266
0.055391840943561275
0.05754462061016712
0.05716106554406673
0.05643160933585361
0.05669433628606011
0.05487434484439996
0.05839817226294053
0.056278146251083114
0.05443918818694561
0.061765699419951026
0.052949893521144986
0.06452459833303163
0.054180854411665785
0.05338560570710043
0.05934558809164536
0.059512717237826
0.05535466833646561
0.05675084734797593
0.05452077487454742
0.060129516653341146
0.05851448454367098
0.05143240880755375
0.06326071214104115
0.055315527162521846
0.0559748020745063
0.05717876937976757
0.05224767231649553
0.06983987904016593
0.053448423786565315
0.05760560242473617
0.05614444167288237
0.057037094311947506
0.054026904671142496
0.055586575645982295
0.05573949798248535
0.05969010963819401
0.05525350034626764
0.058640167048533066
0.055256588749096607
0.05582853491136501
0.05754044380529907
0.05676781177130896
0.0552361301189765
0.05763249462759194
0.06197385671873425
0.05636216439451127
0.05749915590755237
0.05427828047771093
0.058846776781589255
0.060009409947855065
0.056351579550668135
0.060659959684884135
0.054225487214000535
0.056743003198761466
0.06244854054363199
0.0536463928242871
0.056620934772370166
0.06792504268395173
0.06090933016082633
0.055040083924857104
0.06337114846759816
0.05738848731708677
0.05237601796894284
0.05638808891350447
0.05726364993511937
0.05801023026682841
0.05621805413474524
0.05656956552073013
0.059132750925802904
0.05931912984901158
0.06029590471943681
0.05431922920077115
0.05765633677067452
0.05396583454697862
0.06011625091624699
0.05919464849397656
0.05685137677937746
0.06052029771232154
0.05691054087428217
0.057666614583094224
0.058537802261899606
0.05734486822327671
0.05295269348470913
0.06921676929513093
0.056896382856161096
0.05704231192754914
0.05597694179173126
0.05903677761829061
0.061940978147638166
0.0572634496105214
0.06372822694437102
0.05454987563488846
0.06155654720875413
0.058580890879063874
0.057804816880790415
0.055328314284642424
0.061395057305592554
0.05623004718344341
0.06114225941096512
0.05957958844937962
0.06319676580578955
0.05356265511002767
0.06028392565682126
0.0550481053376065
0.06337060974983051
0.0556040185886298
0.06522501636541976
0.05826530609525336
0.053397727177240124
0.05879326799321313
0.05345885595667732
0.060843491490006216
0.05609983831008737
0.057392013551624016
0.05723772313835662
0.05886847431258869
0.05744803387512879
0.05727894676040656
0.056592081074220264
0.05888490202699521
0.05769956682974747
0.0578469131791661
0.05610368521017737
0.05571108226584949
0.05665613249911703
0.055963294831458336
0.05988609599122821
0.056144697970689036
0.05919831030994885
0.05677402582986988
0.05772405843676407
0.05810619726444977
0.05636093800512049
0.05683767885085224
0.057431359540728866
0.058339108891655195
0.058957221246389455
0.05928807377512025
0.055557660303663374
0.05400799660647447
0.059497328500386124
0.05779953233089096
0.05850823362567281
0.05702381429457387
0.05596234639673386
0.058032693348593956
0.056927947923107895
0.05415032203706314
0.0602660842543078
0.057312789665491776
0.05697267479082757
0.05874543756159932
0.05769159265454541
0.06323343021939545
0.05547334564048364
0.05391530117178841
0.060331204189565175
0.05582118805772228
0.05701709147759302
0.059346278573480224
0.057025062631411376
0.05902877560989975
0.05364818081201971
0.060912613590904906
0.0561033699033392
0.058847727802719255
0.06262781091626415
0.0511252995934193
0.05691769105461679
0.05729822749488576
0.05955248081320247
0.05884982877800804
0.05223062374203127
0.0587423238434013
0.058189280349183685
0.05675266396485327
0.05313542533608139
0.06251068843543067
0.05740247415956254
0.05568536618623392
0.057189485162871985
0.06003097795282108
0.05562620306055444
0.05167640133782528
0.06041855040879906
0.0571814164259406
0.056379768131084224
0.0549181590665334
0.055406747165663066
0.055884176675706755
0.05898927304489437
0.05685814209607278
0.04975903051176159
0.060206576347957515
0.05575881414692993
0.05733707476436168
0.05858588422280411
0.0550498718561879
0.055988928530538495
0.06077801228623635
0.056785653366945514
0.060331771413745114
0.0604711483167701
0.05263641766135314
0.056653038042691325
0.06179982123268379
0.053554515444579745
0.05389266465826668
0.061626360968275125
0.05438627904396533
0.055433212234385944
0.05569615698412292
0.05798547689319235
0.05645961071682242
0.06012168689089459
0.055616023813107214
0.05331839410617024
0.05877604859686175
0.05772555132880229
0.05785282113582127
0.0569019074003075
0.05616070794360351
0.055666584294116084
0.062041240791219844
0.054771771629218216
0.05833239735703367
0.054184413572787776
0.059041012121840965
0.06111275014113779
0.05564901334154167
0.05929402782141354
0.056452375898036616
0.058245796186835036
0.05794688157896085
0.05459450469027425
0.05955132877078745
0.05784864076088334
0.05793030592865606
0.057067138269225985
0.057093583816272574
0.05600883633389261
0.0592542112436752
0.05764127092060539
0.054699407038531565
0.05847645788850595
0.05910167215724093
0.0564630373612104
0.055289721188619155
0.057481430759725644
0.05629676293090794
0.05800116676909402
0.055036971872571366
0.058022936159932564
0.05642165384045983
0.05763492689922799
0.0573544568100641
0.05706344487311593
0.056877615973497775
0.05700336551914612
0.0580402187291937
0.05873351851694806
0.054305729965224515
0.058877191961158155
0.057367010652123726
0.05859540070067774
0.0576911440205782
0.05513430259176061
0.060121808446539464
0.05876120447737071
0.05347570520103728
0.05918743884436382
0.05977466676831823
0.056900173909384615
0.05881807795732982
0.060387233907515686
0.05731867589850643
0.054185192118752605
0.05554934568313319
0.06088024114309124
0.05879059157608611
0.050573561571596204
0.06018355285546692
0.05858798521253201
0.05253502420445745
0.05989727503511795
0.0580143910623336
0.06000900929865911
0.05353798335526398
0.060894043329207934
0.055958948729834125
0.06222096891611699
0.05499817063497712
0.05712303492536609
0.05858421245185557
0.05294059473992318
0.060883068230522926
0.05586406708038015
0.054285731437334485
0.056434190936762
0.057841543295933294
0.05993914265228912
0.05631880972953152
0.052107743142793574
0.05985312258405972
0.05787522902589493
0.0565732053892557
0.05544394624325656
0.05936999497357612
0.06042074154008382
0.05087027752901926
0.060729320345143244
0.056642575521570766
0.0578751677842161
0.06531888279926697
0.05585814437417443
0.05310346681061526
0.06261089199598041
0.05386837877787996
0.05649156941555787
0.058417162143213804
0.05600215243031235
0.057512586602450226
0.05805566536204875
0.055568218530812695
0.0630407123682053
0.05277529191731136
0.05948873938877107
0.054722379755892954
0.05733847213807956
0.05879224936817159
0.0560219428148265
0.058380899759543727
0.05528119669562971
0.057156734374286824
