-0.00013033819526782288
-0.00012943108894143888
-0.00012326432692515122
-0.00012366653588336942
-0.00012060385835880428
-0.00011972852027343312
-0.0001196066464605207
-0.00011824487372122834
-0.000115890698096816
-0.00011601663206328544
-0.00011596228607457362
-0.00011416160190873238
-0.00011278853316063986
-0.00011249210523277188
-0.00011140981815663318
-0.00011034431767355752
-0.00010937143381379993
-0.00010852502121331979
-0.00010722996635441921
-0.00010746960825324708
-0.00010624989576623306
-0.0001053119142803313
-0.00010535651764899218
-0.00010343361668498075
-0.000101535786640408
-0.00010067539641772606
-9.960114318325163e-05
-9.814647237080792e-05
-9.711143023076345e-05
-9.519279873099669e-05
-9.401344953424319e-05
-9.321377012750509e-05
-9.181702597736374e-05
-8.997653719072064e-05
-8.869878100565194e-05
-8.843560285041426e-05
-8.595422588924105e-05
-8.481813541905912e-05
-8.343474846062532e-05
-8.15194099239081e-05
-7.975529522866069e-05
-7.775739955945056e-05
-7.576700681260996e-05
-7.373480844381807e-05
-7.250850444683054e-05
-7.051252263648681e-05
-6.931779590072544e-05
-6.750430920803847e-05
-6.620184099437062e-05
-6.458745479029639e-05
-6.32891491576199e-05
-6.12089828255969e-05
-5.930449488498776e-05
-5.799319896063688e-05
-5.598632481613363e-05
-5.341082637747858e-05
-5.195944807686222e-05
-5.023066608042117e-05
-4.771045507735017e-05
-4.7182908386367466e-05
-4.529090717348249e-05
-4.267664852415847e-05
-4.2041514701455426e-05
-4.04253150918521e-05
-3.822215879245755e-05
-3.6260173048024507e-05
-3.5100268960800456e-05
-3.322815756510236e-05
-3.223092147002949e-05
-3.114027316233526e-05
-2.9985778876503592e-05
-2.8624516822011462e-05
-2.747979792624138e-05
-2.678187122156071e-05
-2.5762682490713187e-05
-2.5592454383781454e-05
-2.3949008879239145e-05
-2.3285905979352626e-05
-2.2471679423420416e-05
-2.2093868541870583e-05
-2.181264712570448e-05
-2.0735813450301066e-05
-2.06299271582772e-05
-2.0099033357583658e-05
-1.9746866814256105e-05
-1.8016608531655413e-05
-1.7355753239939103e-05
-1.6597890016571402e-05
-1.5967797389043705e-05
-1.5420529165595333e-05
-1.4486806074894202e-05
-1.4330825618436189e-05
-1.3670046251901614e-05
-1.3179205674278756e-05
-1.2932168131154084e-05
-1.1961308912357834e-05
-1.1641670397686765e-05
-1.0694409485400091e-05
-1.0124172854551761e-05
-9.510510114855007e-06
-9.248943281063968e-06
-8.333356015290795e-06
-7.716063785404166e-06
-7.415782402513428e-06
-7.503404292439755e-06
-7.604065805315103e-06
-7.468370045377339e-06
-7.670294483312516e-06
-7.192540113803346e-06
-6.870175829410369e-06
-6.688638712839465e-06
-6.957219573295749e-06
-6.823533422980537e-06
-7.2200194210395695e-06
-6.753669914155756e-06
-6.53065141401991e-06
-5.994881223526227e-06
-5.840541252273256e-06
-5.683230212116894e-06
-5.525489763555057e-06
-5.207381745158061e-06
-4.906524662696621e-06
-4.610605156467641e-06
-4.423938817619852e-06
-4.237874232898349e-06
-4.427910714939078e-06
-4.218809736326071e-06
-3.947809519495634e-06
-4.1146181731108285e-06
-3.863126629971527e-06
-4.115332041847562e-06
-4.023131006493191e-06
-4.33197118574979e-06
-4.136275619689408e-06
-3.899488866204768e-06
-3.79815391304225e-06
-3.403939399151935e-06
-3.885394157135639e-06
-3.839996894779787e-06
-3.6637552846711563e-06
-3.4103702387784684e-06
-3.6734321496652236e-06
-3.413879906566558e-06
-3.154875644601231e-06
-2.9959826688425454e-06
-3.2915180845309297e-06
-3.0028327467496905e-06
-2.920735668756028e-06
-3.222148928378642e-06
-2.7741839526842263e-06
-3.155297704783039e-06
-2.8759432503408273e-06
-3.0454210400068772e-06
-2.621157573794476e-06
-2.309289630272903e-06
-2.504212339109761e-06
-2.264739592195725e-06
-2.351784301978579e-06
-2.509105489346178e-06
-2.4840131773935566e-06
-2.624353446522001e-06
-2.569248990343916e-06
-2.5723659644060624e-06
-2.5971106008578915e-06
-2.611465580519352e-06
-2.626192402506907e-06
-2.325749194774959e-06
-2.4658220530726293e-06
-2.4469206768427362e-06
-2.488829531730446e-06
-2.256805398366653e-06
-2.2131658561404546e-06
-2.118298358579149e-06
-1.9442722220425587e-06
-1.6792458792724927e-06
-1.6805621490048068e-06
-1.5686026408941468e-06
-1.9714453485924657e-06
-1.7261767330045438e-06
-1.6334188339615068e-06
-1.683198867562338e-06
-1.67216282090183e-06
-1.6781067741728414e-06
-1.7260893342651354e-06
-1.8336015578162295e-06
-1.7413362603158668e-06
-1.3877997297845292e-06
-1.3808609206224823e-06
-1.660524637633736e-06
-2.1123014554431456e-06
-1.7176548848609424e-06
-1.4144624967314505e-06
-1.110586523306785e-06
-1.2350246675470222e-06
-1.3308588310700747e-06
-1.3223481779954623e-06
-1.232240610407157e-06
-1.6070006444168438e-06
-1.5014447721706495e-06
-1.4511021596939996e-06
-1.4496263626521493e-06
-1.645236316354674e-06
-1.601835547332957e-06
-1.4792226915402395e-06
-1.256315672364945e-06
-1.327993456555326e-06
-1.4274093547460642e-06
-1.2377515424107464e-06
-1.355467402443664e-06
-1.5009693338152977e-06
-1.407316915887801e-06
-1.3606999312449528e-06
-1.601536788017651e-06
-1.6946907147192445e-06
-1.8292660371123703e-06
-2.0986356938630862e-06
-1.5958487332428313e-06
-1.515398606503269e-06
-1.5273405204622627e-06
-1.4821614998205165e-06
-1.3853961556110723e-06
-1.124798941436329e-06
-1.2474147839320933e-06
-1.342139613765638e-06
-1.3338255005572333e-06
-1.4023893502661136e-06
-1.3155143881513775e-06
-1.3400648906677506e-06
-1.5579541200555793e-06
-1.4513928278553744e-06
-1.618879537972127e-06
-1.6778723783522588e-06
-1.7398130576252732e-06
-2.144795469702817e-06
-1.863631047656732e-06
-1.898072523615628e-06
-1.8331055095353973e-06
-1.6949998336374761e-06
-1.8657938736473872e-06
-1.787439463293785e-06
-1.8334274186635193e-06
-1.8526958923362956e-06
-1.503995132796178e-06
-1.6391884621269183e-06
-1.8819841871782258e-06
-1.8196532553617524e-06
-1.7636288285482509e-06
-1.7557334345386949e-06
-1.4499778876421444e-06
-1.539388145554471e-06
-1.4926816585250699e-06
-1.6624888897332108e-06
-1.961593179375925e-06
-1.5029647625471076e-06
-1.4921736413997177e-06
-1.7152160007894998e-06
-1.5697105067896375e-06
-1.9056212556117049e-06
-2.084294190057716e-06
-1.6348041010287982e-06
-1.5191178784496782e-06
-1.5406174457372215e-06
-1.2871499583800257e-06
-1.1983576391050816e-06
-1.0017456478522917e-06
-9.202780754707799e-07
-9.436684712271426e-07
-9.425082877946136e-07
-7.227079172286559e-07
-7.094663518650785e-07
-5.463663387143793e-07
-5.535071552863644e-07
-5.029364028497333e-07
-5.885181586782264e-07
-5.583487774042306e-07
-6.168889093055617e-07
-5.725657833264527e-07
-5.373561412683514e-07
-5.424641602890323e-07
-5.377173499092992e-07
-3.3677683079478686e-07
-5.43214988484515e-07
-6.619382278068072e-07
-7.73347516078784e-07
-6.491790264421027e-07
-6.972902104125257e-07
-7.398662920288837e-07
-9.72104665594483e-07
-9.722772862788102e-07
-9.805544085222295e-07
-1.1080031573652914e-06
-1.2121541145503681e-06
-1.1081358995270844e-06
-9.295185367936797e-07
-7.211483098534551e-07
-6.023863740432885e-07
-4.606228424285108e-07
-4.920642842369334e-07
-6.379605908421567e-07
-7.795728464763895e-07
-8.699727289226299e-07
-1.0058386353137379e-06
-1.070771789664134e-06
-1.1555276106165796e-06
-1.3122053282794406e-06
-1.2543945507603393e-06
-1.3665558776841679e-06
-1.3027386244210683e-06
-1.4626687713693412e-06
-1.1755553656299992e-06
-1.6064795277476476e-06
-1.2719033729491606e-06
-1.40979922480608e-06
-1.2125377820701723e-06
-1.3053093094330429e-06
-1.1079317563027957e-06
-1.1202835113117756e-06
-1.3719852102990127e-06
-1.3901852665276943e-06
-1.4622504892919774e-06
-1.1381386998401686e-06
-1.266066516645103e-06
-1.3831356135801621e-06
-1.2792896609954729e-06
-1.1338347259118372e-06
-1.0107124843452484e-06
-1.3176932510364979e-06
-1.5207880174122073e-06
-1.4016557555410956e-06
-1.3240072197125603e-06
-1.4977904259840992e-06
-1.6965398364225465e-06
-1.5231930351441152e-06
-1.6744482806199475e-06
-1.8594999129734702e-06
-2.2055314941606538e-06
-2.117165318540096e-06
-1.7440977656004305e-06
-1.7953873524209822e-06
-1.99381855692582e-06
-1.6689853398845096e-06
-1.9335531660121784e-06
-2.223324970124617e-06
-2.1885436674631983e-06
-2.6243563618402895e-06
-2.4848034419226522e-06
-2.3517592045075357e-06
-1.987866638525822e-06
-1.7371985027133378e-06
-1.6610287021585675e-06
-1.4529060128848488e-06
-1.3958083585283358e-06
-1.3847979319458079e-06
-1.42108433112665e-06
-1.7971762870785839e-06
-1.4572823744835428e-06
-1.5149046274991422e-06
-1.5813235361839157e-06
-1.715390983339913e-06
-1.8208886602633004e-06
-1.4034402326171065e-06
-1.4247622386899947e-06
-1.336496179752684e-06
-1.3556404721469355e-06
-1.3699006836942818e-06
-1.6703388689356236e-06
-1.6515331059801343e-06
-1.6349554737312846e-06
-1.6163256759682554e-06
-1.7524359795371389e-06
-2.010155864893953e-06
-1.9839948852099354e-06
-1.9075399536596925e-06
-1.911966005219404e-06
-2.1119773492507876e-06
-2.254354699677021e-06
-2.3218351173475873e-06
-2.294628864744531e-06
-2.2067485161649302e-06
-2.030497708879258e-06
-2.2361768582089473e-06
-1.957309550103786e-06
-2.0865056819465555e-06
-1.7706892561878605e-06
-1.6023546916677129e-06
-1.6444627999237495e-06
-1.4559150249906522e-06
-1.1598999107750282e-06
-1.559812501507749e-06
-1.5111402368601438e-06
-1.2749143005459856e-06
-1.3760001085629906e-06
-1.614534477268126e-06
-1.324376604992891e-06
-1.403115968673245e-06
-1.2631220865947652e-06
-1.3243738571203326e-06
-1.268247556324713e-06
-1.3220597051357369e-06
-1.237435592588025e-06
-1.3617232749424175e-06
-1.2126947584762065e-06
-1.1371488100369668e-06
-1.4400034989059997e-06
-1.5755131235264414e-06
-1.6243508915335563e-06
-1.6724195478137383e-06
-1.5637906947864225e-06
-1.4408904245672516e-06
-1.3582466538910788e-06
-1.5823151771169356e-06
-1.4804780119081352e-06
-1.6997207298075853e-06
-1.5820694998606192e-06
-1.5132127073723163e-06
-1.4025189118403306e-06
-1.3677695366731518e-06
-1.2449455036135465e-06
-1.2154230332743627e-06
-1.298196517107203e-06
-1.030786468040188e-06
-8.930595808222759e-07
-1.035802336167579e-06
-9.776218305450474e-07
-9.992690735096176e-07
-8.891783637381188e-07
-1.2007982597650026e-06
-9.81713450239268e-07
-9.483237176549341e-07
-8.718781410332371e-07
-8.357358055487679e-07
-8.510994196816076e-07
-8.006463450194781e-07
-8.607282158537114e-07
-8.755587717929274e-07
-7.099173885304594e-07
-6.796295360976544e-07
-8.712039362241154e-07
-6.571695573870255e-07
-5.859410668841703e-07
-6.038338207604671e-07
-5.496401338546128e-07
-5.33307108090701e-07
-7.009502704642883e-07
-6.72388809505705e-07
-5.783775240929536e-07
-5.791078470165373e-07
-5.761922826271378e-07
-6.777839281108021e-07
-7.258122555275656e-07
-6.635833360562611e-07
-6.579628513618939e-07
-6.70901801531586e-07
-7.467368296009987e-07
-7.05110397935049e-07
-7.172980821268038e-07
-5.933708137071116e-07
-7.192740439705638e-07
-8.13892661214997e-07
-6.810155692291605e-07
-7.380143299172254e-07
-6.276331225146082e-07
-8.717838505801001e-07
-7.798658342017712e-07
-6.597602973300148e-07
-7.611651650335289e-07
-7.086637360101637e-07
-6.949268329084899e-07
-9.727160927962027e-07
-9.439386316930617e-07
-1.0146023852530914e-06
-1.0576439871498266e-06
-1.2074102122182533e-06
-9.844790046259704e-07
-1.2695542851755916e-06
-1.4476952066418512e-06
-1.5507540144757823e-06
-1.4113789985959e-06
-1.2329643447819128e-06
-1.2086601271735973e-06
-8.734432677281506e-07
-8.527589068924767e-07
-1.008467858912266e-06
-1.193863630577152e-06
-7.856035013837966e-07
-6.879854820965207e-07
-6.236024671667928e-07
-6.49129251215957e-07
-4.3613770863204935e-07
-5.440928410107588e-07
-6.168239084154477e-07
-4.577572275410102e-07
-3.175166834710954e-07
-4.120796776675867e-07
-4.7291197890353237e-07
-6.877450337737695e-07
-9.821321271360372e-07
-8.876516715666418e-07
-8.473543218752293e-07
-9.633757483327847e-07
-1.0160262124281166e-06
-8.735727966945147e-07
-8.822726242264492e-07
-6.081162347291238e-07
-7.563949569772348e-07
-6.370717867042025e-07
-7.082469239300502e-07
-7.506759978897144e-07
-8.056257183500205e-07
-5.537474110465261e-07
-7.246615442355935e-07
-7.146286274884154e-07
-9.062718473692504e-07
-7.401448415258747e-07
-7.330769770926209e-07
-7.533333298978991e-07
-9.670526891173624e-07
-1.0198727281473225e-06
-1.065367684511097e-06
-9.043746070509128e-07
-8.603745709126454e-07
-8.063775774383592e-07
-7.565578874009095e-07
-7.40218374436901e-07
-7.639458393290018e-07
-8.660570083238711e-07
-6.450637415988e-07
-5.334881004005571e-07
-7.818138215924584e-07
-8.25383511188517e-07
-1.0208124093483904e-06
-1.0100694460335889e-06
-9.147047267494014e-07
-9.324611672430668e-07
-9.94719798637216e-07
-9.078393407773631e-07
-7.856741291114078e-07
-9.139805957926536e-07
-8.200175250559094e-07
-5.647620881067156e-07
-5.472283579249136e-07
-6.106452751067597e-07
-5.782657360016807e-07
-5.851102956907296e-07
-5.855518500806805e-07
-6.588351034894398e-07
-9.47595875572034e-07
-7.70183629892151e-07
-9.050905428611181e-07
-4.743229830404913e-07
-5.319786174639785e-07
-5.607182594067408e-07
-3.764356103316501e-07
-2.1729898649450768e-07
-4.854943727796902e-07
-5.633287808594936e-07
-4.337236214004681e-07
-5.701994673701791e-07
-5.464385946313912e-07
-4.935824688433876e-07
-5.734072150844864e-07
-5.692620599058655e-07
-4.766705415498341e-07
-6.406241546956999e-07
-7.235736118729633e-07
-6.493746028343933e-07
-4.318424712948413e-07
-2.5671025039719803e-07
-1.4827550563767044e-07
-1.383570763281103e-07
-3.0223131276205434e-07
-4.740016348555647e-07
-3.146967504226127e-07
-3.5822560386078795e-07
-5.944581983459461e-07
-5.13033295322576e-07
-4.4714775350441006e-07
-4.781748048064274e-07
-3.841669932316031e-07
-2.622124326453453e-07
-3.3505162399910483e-07
-4.774358001522293e-07
-3.0341601228744273e-07
-3.0692104485825796e-07
-4.76675291280159e-07
-5.999929744011611e-07
-4.4418332536647647e-07
-5.667104630461385e-07
-4.646120525346002e-07
-4.625920619377592e-07
-5.190489559055102e-07
-6.203989619985072e-07
-6.016414469878476e-07
-3.4684920128112105e-07
-2.4356168990013337e-07
-2.4327662792094376e-07
-2.2191666344333287e-07
-5.879446698318063e-07
-5.919853884476701e-07
-9.075332909631033e-07
