1.3354976431343906
1.1806139599445253
1.082461796527685
1.0314820450405742
0.741795957550522
0.7385495730148729
0.6392435831154963
0.5989353238612183
0.574694121299788
0.53865823426912
0.4957950512568156
0.4589478650758433
0.42186356283897575
0.3705935715011848
0.3660367420015409
0.33722362442072046
0.30274947056936663
0.2789231014344119
0.25399372928826386
0.218316176371981
0.19165027516987898
0.173563715850198
0.1556247066157733
0.1528090235683345
0.12635661115826563
0.11952840106547341
0.10411025549090186
0.1000428607390901
0.09421099562080268
0.08165944509917523
0.08867131432736303
0.0723148457413357
0.07352225521629922
0.06930078578962405
0.07038466601480023
0.05314200785612983
0.062497384015439944
0.04540648642799261
0.06107391167365289
0.057862635517796114
0.052957317756415934
0.04187544234107833
0.051913577115683014
0.04838823840561749
0.0480835356875034
0.04806520314499115
0.05086614965648903
0.04410106343349853
0.05156725900612168
0.03277166667638
0.045733183962581754
0.03378597021467493
0.03694888257805994
0.03135507699470361
0.029901642768369454
0.031107202302005733
0.031950298655695146
0.030739485676088567
0.034115135564968306
0.033144357983995766
0.03475395297674939
0.027375454107422856
0.03824451007129437
0.0432729755638595
0.038451383136710975
0.039148023712930656
0.045291835420526734
0.037505343081718386
0.039891290341688014
0.048379214199182265
0.032752020465022375
0.039548883481716465
0.03700576882681705
0.040236834966841106
0.03622307041082387
0.051703273282610165
0.03160006279398122
0.04688483705724294
0.04591962069118677
0.03923023634684063
0.0451887510572524
0.03774571385710183
0.03793975619259453
0.04188898665970626
0.04277204121363732
0.03210848404113528
0.039391918338892995
0.03313066867685989
0.04905979637705898
0.030698270274573475
0.043751220072641275
0.03444137977699699
0.03360153539575521
0.04458073536367264
0.03741077506416585
0.031082203822452286
0.032723810544166204
0.03558443455781802
0.0322378359395693
0.031656780226026165
0.030287112222168622
0.03672223330237145
0.03771756448885182
0.04013465239184497
0.04039624950518225
0.03771446943847673
0.041601625029286445
0.032107722448941334
0.04275593628146678
0.03671907907908659
0.04051142120047999
0.04358141118472861
0.040399935259844734
0.03796943330985238
0.04022986246200726
0.03329584007085998
0.04273839849744501
0.03481274469107635
0.03445859544941174
0.03518331532078694
0.03632767659026765
0.03707724841935783
0.03409471432813768
0.035341460892863844
0.03608709373267714
0.03990521333487199
0.034585264251008926
0.038154331476304884
0.03710985313938541
0.039821480530812296
0.03710171454559015
0.041372501967265454
0.039564663053071374
0.03543836122934613
0.03931774525851726
0.03624236883140754
0.03821606964934184
0.0374948653415506
0.03558740347205091
0.03641137638296923
0.041661294525616795
0.03210410389163921
0.03725188994209838
0.03946810439156816
0.04148998061806873
0.04248087973601921
0.04373770937785622
0.040475395524805745
0.04473244106259861
0.03910797765539858
0.040967332212752554
0.03707021909861558
0.038146105882699975
0.041114621273142214
0.03691062486961542
0.03638990891329374
0.031691560486075285
0.046781985999749205
0.03371746375590072
0.037537820463308155
0.03859989093088675
0.038515111850608456
0.02585456524120532
0.03057670066471107
0.0383166002430917
0.02829276854664181
0.02926890049380999
0.03865847143420387
0.02732932526873634
0.03722997195209316
0.029249859214381335
0.03072740955281887
0.030520545526834853
0.027542948606875256
0.029394510985093096
0.02517321473280827
0.022169185694047185
0.03161383345416321
0.021976391914347547
0.03427535819084665
0.01879440856056988
0.03263626010888148
0.026642650226853037
0.03592619423151229
0.030750178097517254
0.0333312241504485
0.029999127595273907
0.02457640539198688
0.03757189898282405
0.03438708376429989
0.027941793192524548
0.03184205641976356
0.03913829344967308
0.032683192841643685
0.03340574299628745
0.03650406052452303
0.03150956493499147
0.03653024105434559
0.03609971395621693
0.03250347511335673
0.034594801784305323
0.03483683271369673
0.0337308597353435
0.03004110937481457
0.030461541599234882
0.0390618086669345
0.030370283763976512
0.027769671360936825
0.044820879161892126
0.032840204078391874
0.029630078937742832
0.040006693948038616
0.03453782264931965
0.03925902028198087
0.02944479892598898
0.03461961790805596
0.038895041757504537
0.031197899602326048
0.024117247313405425
0.03202284144902288
0.030563574169479066
0.02741430928008342
0.031138556254278624
0.030925529924818757
0.024029235343373014
0.040435650945431736
0.030762115002487055
0.033469695934498785
0.03739457802908845
0.026011062344236575
0.034217583487539505
0.030312628380127625
0.03522101384334902
0.03533244282034291
0.029124794457272028
0.03558567636896759
0.03182233066357629
0.03398418318400838
0.040078206458365316
0.03022688297901615
0.030488693144434365
0.03849583212286234
0.03171701723882972
0.03952008159766303
0.03287708869496317
0.03827157115036723
0.03461142289374983
0.03792400036165996
0.03915766041451531
0.039054153918454695
0.0376154005995865
0.03273927375345758
0.037502029310558134
0.03686835593453702
0.03027122358915842
0.03355249011227608
0.03491625378121326
0.030798606104361862
0.029589059298743888
0.030850875651665336
0.03147800581605542
0.030071023533408632
0.03011340366102495
0.02941569073807968
0.0255377240697384
0.027541180833036062
0.022527187313639032
0.027056384027589028
0.02775622893096279
0.03110044798317416
0.029420680696751144
0.028282682341771642
0.03203802829781591
0.02938189743551003
0.02724602204395432
0.0383916582951463
0.02985968812330005
0.04325457998504501
0.02927018435622968
0.02715297214353643
0.0348733847161264
0.032876154051351025
0.031127460638436584
0.03276111169373008
0.029660963186680146
0.03625216525191957
0.03693139841040062
0.02644679251094457
0.042254596497739896
0.03102039942037776
0.03550408934261072
0.03417159726605444
0.028234750174108692
0.041588121912101025
0.027862605594582278
0.0315779324035727
0.030512373473011535
0.030194476263754634
0.02865945865772845
0.03204848117902586
0.030611151174864147
0.03816102692241636
0.030862261386192944
0.034478040765826556
0.0293173076442349
0.03308183260116155
0.03152708344223779
0.030809837500853535
0.03189992316991322
0.03762523818757952
0.04434175118230926
0.035034341174051485
0.03331709611355941
0.033625563592180725
0.037592524560637657
0.03875826244626479
0.03481457135035447
0.03905904918454241
0.03305887627368432
0.03656217747714457
0.0438551084723237
0.032170799438789296
0.03783425816168734
0.04172429291787738
0.04231513419970076
0.03576885564604688
0.04103009740807578
0.03297673207908497
0.02648157175078035
0.03226040808772797
0.03012528702934352
0.034704170831210204
0.03263478003426044
0.03118389005869331
0.03707801870272545
0.03678841559083721
0.03632178239058703
0.02831698382181267
0.03808324401347642
0.029345501055153603
0.04219485273090184
0.03840450133565207
0.03505250669893079
0.045512330821217147
0.03600067418797823
0.03863482306171714
0.03842661634502462
0.03880840649849973
0.0350685428309998
0.054636656647356764
0.04107357314318534
0.04147032564905266
0.03855350907520182
0.042416200362589904
0.04638129226940543
0.04009469457778605
0.05032561147538584
0.03522564076061375
0.044507106547713164
0.04040162320722115
0.038120463985928096
0.035993481789491785
0.04502402037533736
0.03801203258795837
0.04832794090151758
0.0413770979712988
0.04683644852696651
0.035917609029398986
0.04418355859863453
0.03846648712949322
0.04818462075795545
0.03877836799198516
0.05096730625693679
0.039102747355039096
0.03079868672693567
0.03534445723508802
0.028929544394373778
0.03577424134326333
0.03128519357730772
0.032999949130435406
0.03157685664816319
0.03495381801165126
0.03539728798250155
0.03276003385484404
0.03319942711874149
0.034996625283383764
0.03264772474335763
0.033429982023680936
0.02691494915255367
0.027231784549843187
0.029792453456343362
0.027356957815056884
0.03230232022359314
0.028901281340639722
0.03434253459644699
0.03141419877850472
0.03435063246247727
0.03596000843582126
0.03378486518690348
0.035345232272349196
0.03676722297226548
0.03804001824744407
0.03852283141247264
0.038780267169435556
0.03047333368169714
0.028698909196196314
0.04176918141067375
0.036617009656399115
0.038793913917182836
0.03740060895721089
0.03422157172485464
0.03580373654623927
0.03370946519642657
0.031236708625815377
0.04008300077213451
0.03621111430639271
0.036423827212867
0.039105130039388314
0.03710729486937093
0.043067197796510526
0.03541782252127738
0.03156381463830525
0.03961769434670347
0.03240809574508462
0.03211827688311703
0.03779245080433555
0.036106076031741
0.038998285926048315
0.029922185884653264
0.03908454703190545
0.03364243955679
0.03793205706223975
0.042532870964717494
0.024779902431345004
0.03405289051877407
0.03332958868754371
0.03403587795364447
0.03443574465905107
0.02620324834571184
0.030571416778108214
0.033700898198872016
0.030762226626731802
0.025724053249762992
0.03904205039472532
0.03311798372035196
0.03259180915585264
0.03809147127632136
0.0367500283836582
0.030246129909678284
0.027119338154827078
0.033668679498359846
0.028775772507358414
0.0291979442916399
0.025791879393866055
0.029204908386594796
0.029183735131094766
0.03552747549432286
0.03122473312650136
0.02054713903601433
0.03602509957814026
0.02765630530337839
0.031062118941692404
0.030895953088305717
0.029075154939904636
0.03052337775223477
0.039106163744387835
0.03401784723646697
0.036180842307742773
0.04081577412337841
0.027419675214670945
0.031771279961144185
0.03856504676920405
0.02339264154145422
0.02544253357224051
0.033930964131935235
0.02541732951879588
0.0271481610152689
0.028298049767424043
0.03264771817187064
0.03334441371232744
0.03530894753400438
0.030881120116709796
0.029048173818529706
0.03606314750891039
0.03334802723951753
0.03678291117740423
0.03421715487181859
0.034980311673477496
0.03265663624396854
0.04353805433808963
0.031683243786087695
0.03686241554493417
0.02947353383493718
0.03711419398460967
0.041523785788796896
0.035192983059756065
0.040762244300772854
0.1474011155186481
0.035474155968607424
0.03752337749722565
0.03360679910088214
0.03801285419924466
0.034921207162010116
0.034763873432710576
0.0357214292202708
0.03654209919505781
0.032991533888938884
0.03713904352440831
0.03808651353203684
0.03052384080681156
0.03464349637745678
0.03626332523697417
0.03165520891924425
0.02971886472718776
0.034279136352652555
0.031566204559130145
0.03382012898468964
0.02983560164634124
0.03347880147245541
0.03148481808016221
0.033825343569502404
0.03471685638073688
0.035816498613345994
0.03437441658380246
0.035362629179054035
0.03753331735777098
0.038975783365655894
0.03453041603248395
0.04032098857009993
0.03501476976766013
0.03425356124612582
0.03436181110207193
0.03400973233849157
0.04061822046172921
0.038658598104705934
0.032591278830817506
0.040837530362556954
0.040333063671802616
0.03929042264542997
0.04001321672649635
0.03947136555699083
0.03365926973870504
0.030842001259312496
0.03448679356460366
0.03885874543032183
0.035185664908440654
0.02428437075410724
0.03997848901081859
0.0380324254038269
0.0291412210639281
0.04004469401358316
0.03718730273282935
0.03828642492646409
0.029921502379841324
0.036544532814268886
0.0299458810364712
0.03899550714379794
0.029076717464662113
0.03132649798775561
0.03249296649064067
0.02649255326697278
0.03666968900365611
0.03273773433635185
0.028806063764396508
0.033320423791387166
0.033276770483429884
0.03640051055263805
0.03060593680118106
0.027267729017934075
0.03774279283671893
0.03317673312515461
0.03374237392484409
0.0326523619808632
0.03793116207230049
0.03840739502889184
0.031061865922184066
0.041982803754742004
0.03791032084841425
0.04012240327425078
0.04975264181013855
0.038161911199614935
0.0340322240506427
0.04565483261289638
0.0339437328286238
0.03796295980575888
0.0377532218099218
0.03599821396944539
0.035552028880649525
0.03790915337059098
0.033089312015899076
0.04290791328404416
0.02948259342192896
0.038113513776433273
0.030954095183929442
0.03831323915993246
0.037724089790713185
0.03928426898479062
0.040007709179099744
0.032159159764739535
0.036171738035993134
