2.8397699973379917
1.589458091314449
1.583612010922543
1.4577144578445789
0.9601500958435295
0.9485749546871629
0.8726189221984656
0.7740461278793423
0.7500319293765134
0.7084964393645294
0.6367509536040846
0.5945782890153486
0.5523514590522115
0.486687232357587
0.4898572184087694
0.44783283850943395
0.404376213518224
0.3772909439118334
0.35210608846919483
0.3089007361568222
0.2752437396913536
0.25557504022537275
0.23173427113959955
0.2352494790341503
0.19856296843567559
0.19284470011155272
0.17327492932478586
0.17160041811117946
0.16671235917331
0.14578633825136747
0.15853424711232325
0.1349047425628528
0.13842294586198803
0.13244482974184302
0.1382339594898341
0.11198345800977229
0.13107105721304438
0.09945942454271076
0.12884552695638637
0.12244086179299309
0.11493158167455518
0.09733041437692912
0.11616529696241974
0.10859356993147624
0.10874588469359456
0.10796158210199115
0.11422359388747592
0.10335662399234553
0.11822911447939254
0.08482842894754726
0.10840457976640512
0.09012705896387252
0.09744900079397123
0.09306030337384708
0.08843528098776908
0.0905684091410439
0.09038267770146792
0.08707997099272619
0.09455803831980127
0.09177312016886002
0.09392729855405145
0.08045797124360651
0.10004546300710229
0.10562970086384173
0.09692450524772546
0.0987823059120894
0.10658758159324368
0.09319576620023433
0.09953533031782785
0.11422703852028723
0.08764554332768501
0.10090010041143573
0.09547208303354623
0.10286897562200324
0.09341686918563119
0.11879820295956073
0.0821080723508485
0.10986202824301296
0.10758877153212364
0.09714831630771532
0.10706325752485558
0.09671978158659714
0.09545806562595698
0.10371168697787117
0.10294615886491802
0.08633196450112922
0.09879475181503583
0.08927600712076826
0.11451226457484859
0.08399630433612669
0.10485421344791286
0.09303651215389458
0.09026462964482548
0.1090402278206275
0.09757608501962567
0.08816143547633958
0.08840190057955004
0.09648250959689057
0.09026465983294282
0.09031325711574506
0.0869588518195764
0.09731746299098455
0.09701066709289602
0.10072184813230536
0.09834308693430914
0.09379553549610306
0.1024985798434246
0.08801603356201217
0.10648720660566148
0.09361313139277966
0.09911069093911021
0.10411552251014289
0.0994085796777964
0.09509029237814284
0.09978218789775531
0.08726363771688915
0.10532162717612129
0.09212238153004153
0.0924177394625767
0.09270410205674351
0.0951709445910447
0.09662822733115217
0.09203471365482221
0.0929513260575062
0.09519921958107183
0.09940983621040793
0.09052016903725706
0.09687305540712766
0.09516766268079523
0.0980964890083789
0.09425912866578257
0.10255779101975378
0.09900758101500196
0.09196627537834177
0.09867428333179072
0.09449168362892992
0.09739488472867858
0.0954599880855834
0.09197211252884621
0.09571987426435474
0.10276029907372715
0.08696341822456294
0.09561276096713463
0.09844537399250783
0.10033135100397779
0.10145200839142207
0.10233776161786487
0.09790777898476596
0.10666287162504971
0.09602872115066238
0.09843428926352887
0.09450653220288628
0.09572547329346628
0.10180067408210851
0.09567496751973409
0.09344547754514587
0.08476265288769609
0.11215049927219904
0.08842991515910596
0.09610487623020642
0.09942925128568679
0.0993362020140752
0.07883963013219453
0.0868904704206385
0.10023034739988503
0.08205186206224291
0.084027396873395
0.10177997715707238
0.08078596826738411
0.09949067259268735
0.0844508482498846
0.08831263450312775
0.08692541545123411
0.08317403108930187
0.08654955882297526
0.0922347410823861
0.07640674420363494
0.09253762866002183
0.07482146656017953
0.09555565415387035
0.0682386157261713
0.09292707659345655
0.07997903942812754
0.09719585020626649
0.08736936934385381
0.09215726471116203
0.08653285528908577
0.07675776409359264
0.10071601946802103
0.09314717516138818
0.08088926176988166
0.08743815797619349
0.09936749381681023
0.08856653329797176
0.09092626361313542
0.09639144349525604
0.08771800197473215
0.09662664969282066
0.09436637387284287
0.08665706405922402
0.0917657650754491
0.09488865394098323
0.09199622296186727
0.08472615461178348
0.08429265915201399
0.10059272302603421
0.08519062991867694
0.08107859026929436
0.1094129120404453
0.08832575634953047
0.08325554700405878
0.10259144120784693
0.09129162076032674
0.10007217545387183
0.08309543869921093
0.09110933768043164
0.10075942040177409
0.08698559977256787
0.0788192643762328
0.09070979526208699
0.08781767765406606
0.08272037438077261
0.08814240241173497
0.08831870600548682
0.076715431660513
0.1036410709543428
0.08743707452800988
0.09224878173130167
0.09835247236011593
0.07896166959418302
0.09237199912908985
0.08424195056860588
0.09318903952727794
0.09487035517245097
0.08396130238836559
0.09404754355845814
0.08687500089818481
0.08893294505009702
0.10188250865808926
0.08467714973118935
0.0864535991396654
0.09851091614210988
0.08739052174451342
0.09854972145029221
0.08861172339398876
0.09776990166021504
0.09028766960072125
0.09541563794234327
0.09803032893109923
0.09855176877233113
0.09531882289347988
0.08774373945107777
0.09575391545316002
0.09534748445775779
0.08465117547803652
0.09171215460956991
0.09222424112110536
0.0875554511206479
0.08601632014064971
0.08743845026709082
0.08830168910140475
0.08720664079145388
0.08637070506648702
0.08788667972806062
0.08071532714298643
0.08555064469489247
0.07791808471598034
0.08460006265370391
0.08491657150624132
0.08753134798197176
0.08611446970377962
0.08315647351027597
0.09043569724497841
0.08565945551326735
0.08168465180174526
0.10015674081519102
0.08280900788995213
0.1077786411344644
0.08345049729118621
0.08053803954872685
0.09421863590273284
0.09238832742701124
0.08648146646105875
0.08951118562276685
0.08418108817946181
0.09638098558923591
0.09544514347977355
0.07787822965068233
0.1055143372220702
0.08633494581675244
0.09147778404863054
0.09134915471607151
0.0804813144094123
0.11142707091951093
0.08131030808535022
0.08918293259413859
0.08665635490513862
0.08723107826455619
0.08268572514052791
0.08763427769696672
0.08634977952699906
0.09785013020403192
0.08611469091206804
0.09311705213170968
0.084572583950908
0.08890911402512891
0.08906616054226232
0.08757634612356219
0.08713458959588984
0.09525655777768463
0.10631400215585694
0.09139523375598901
0.09081484273061619
0.08790263086662298
0.09643799548809842
0.09876656486262936
0.09116503098652907
0.09971763631383088
0.08728297342015646
0.09330371847600033
0.1063025107177682
0.08581592622050625
0.09445380988438766
0.10964805732324157
0.10322333058854927
0.09080792922443573
0.10439992754525224
0.09036369922944497
0.07885618838246969
0.08864717280208818
0.08738743882019852
0.09271270446001025
0.0888513109584469
0.08775178102556212
0.09620890985856685
0.09610534046800057
0.09661556943590471
0.08263446894328132
0.09573778497730201
0.08330934178788042
0.10230943496120631
0.09759721521273718
0.09190166015051623
0.10603044035279574
0.0929085914489575
0.09629895262846132
0.09696206724624937
0.09615128752238536
0.08801950000554988
0.12385176529216353
0.09796850248997988
0.09851124205120276
0.09452906671763477
0.10145155628764092
0.10832047287862957
0.09735668742128598
0.1140523231913184
0.0897739349199773
0.10606193877332447
0.09898069353102772
0.09592387738483421
0.09132037182246487
0.10641774189813684
0.09424072378648936
0.10946883030629233
0.10095501673054094
0.11003156247288855
0.08947862972561342
0.10446586738188945
0.09351284063940998
0.11155322020739866
0.09438040245743107
0.11619041525838218
0.09736614126500912
0.0841943021514453
0.0941354706590136
0.08238607833927675
0.09661543744078353
0.08738282397199898
0.09038993286721539
0.08881234406861802
0.09382033511730499
0.0928432358782594
0.09003720914154466
0.08978990583397202
0.09387988286804004
0.09034583584383823
0.09127573442663195
0.08301707495715967
0.0829413551719888
0.08644731168677153
0.08331887622981138
0.09218680185422413
0.08504465557684465
0.0935394423515193
0.0881869606989573
0.0920733663523317
0.09406493732899963
0.09014448168635181
0.09218167298500039
0.09419722153440609
0.09637791466494922
0.09747891551941315
0.09806690067088938
0.08602941848875507
0.08270528136081128
0.1012648368760124
0.09441497777733057
0.09730070705937091
0.09442306541550774
0.09018233626342718
0.09383494975929718
0.0906357130144277
0.0853854487559852
0.1003475714388733
0.09352250207759721
0.09339513505137591
0.09784932317827691
0.0947976719229376
0.10629932852931205
0.09089013737222079
0.08547822266091527
0.09994786264340559
0.08822830603457987
0.08913436884154356
0.09713784008117234
0.0931299382961958
0.09802607926738614
0.08356941828699133
0.09999628895496618
0.08974497321903545
0.09677893314564731
0.10515988118497135
0.07590434136493637
0.09096970595735263
0.09062710636752917
0.09358767900710152
0.09328470236302332
0.07843321459555129
0.08931315386335748
0.0918895745047101
0.08751434130512238
0.07885894546909764
0.10155203794692022
0.09051978575182373
0.08827659724751315
0.09528037680544468
0.09678042986134226
0.08587165493806896
0.07879501324869619
0.09408656507369506
0.08595653115491952
0.08557704248458378
0.08070929178042165
0.08461095067417942
0.08506719427419711
0.0945161552844811
0.08808215556561572
0.07030535465360857
0.09623099462685984
0.08341438207475743
0.08839856615674035
0.0894809648631025
0.0841242475949249
0.08651164733053929
0.0998834151397423
0.09080279179281996
0.09651191927871194
0.1012859489144252
0.08005514973774552
0.08842330262387106
0.10036381025114566
0.07694595005424593
0.07933421364431306
0.09555605506928738
0.07980216058718344
0.08257982179580271
0.08399279543551501
0.09063196241902549
0.0898028145591158
0.09542976078025044
0.08649629188968634
0.08236555957331056
0.09483800177704255
0.09107279296918834
0.09463504395410897
0.09111843882092499
0.09114037114538455
0.08832278453506702
0.1055787517598924
0.08645439880688913
0.09519435578592612
0.08365762948582865
0.09615479375762764
0.10263606277542629
0.09084130851227011
0.10005528857758225
0.20385260042683004
0.09371910481298588
0.09546929567354816
0.08820028804412271
0.09756330939825596
0.09276896527455758
0.09269357118454388
0.09278781162105616
0.09363504580975386
0.08899966179160401
0.09639250365633542
0.09572697819283688
0.08522269399335802
0.09311922919636867
0.09536428266121869
0.08811733936138547
0.08500784561994608
0.09175983356454503
0.08786221454280985
0.0918203288271424
0.08487155356502175
0.09150067297380793
0.08790556704011825
0.09145941069059059
0.09207050650481625
0.0928791870770059
0.09125129289134558
0.09236523120613523
0.09557267114909929
0.09770865698142858
0.08883561226972488
0.09919739891354187
0.09238095590916946
0.09284794164637407
0.09205194427284355
0.08914311993278314
0.10073909634277436
0.09741880798447505
0.08606607656663756
0.1000241831869118
0.10010681762910527
0.09618977674413039
0.09883072877450767
0.09985805194204052
0.09097733469411474
0.085026616555487
0.09003555446424587
0.09973840043388664
0.09397559745744631
0.07485698424118378
0.10016127202800627
0.09661950516817532
0.08167577073403974
0.09994143682763038
0.0952011328756849
0.09829505731698213
0.08345926904625822
0.09743808946516293
0.08590426638202611
0.10121604226833722
0.08407431827766042
0.0884489870080052
0.09107668587329704
0.07943257477243662
0.09755218778818109
0.0886013240141924
0.08309115551487911
0.08975389142215699
0.09111766545499075
0.09633922120865322
0.08692448968681428
0.07937532453250651
0.09759577673538625
0.09105166020799516
0.09031510511049982
0.08809599340279665
0.0973007994046969
0.0988275426974188
0.08193163038727777
0.10271167668808151
0.09455241828203895
0.09799718674608009
0.11507126377726717
0.09401972047251815
0.08713521346221534
0.10826542169936795
0.08781180486025274
0.09445405247812556
0.09616978408393356
0.09199992248918427
0.09306404958190324
0.09596435414841976
0.08865706805751637
0.10594810656715878
0.08225726436705386
0.09760165181238377
0.08567612787498032
0.09565146826027149
0.09651609511559563
0.09530599023280449
0.09838802067724475
0.08743976462066586
0.09332756529193978
