2.629345213195143e+22
3.1244566181594542e+22
2.0496979500678467e+22
1.161046099665615e+22
5.961558205773078e+21
2.826106377366525e+21
1.2906998920010505e+21
5.442999800840331e+20
2.4856350325169924e+20
1.7854652404028876e+20
1.8260442831956967e+20
2.3913528688710284e+20
2.9657528440830624e+20
2.9180862165081466e+20
4.8786647713078995e+20
5.587456363933134e+20
4.7077628763358855e+20
3.711620968845018e+20
4.4147448625339105e+20
4.683875586338531e+20
4.770402093014392e+20
4.36590134342428e+20
5.187864662435403e+20
4.97323649049526e+20
4.5319180913185214e+20
4.3462055812063186e+20
4.32476230324737e+20
4.894087897649332e+20
5.0323687319507134e+20
4.435201002336554e+20
4.78700625317373e+20
4.384288057546226e+20
4.767772970581446e+20
4.7303700073132e+20
4.4968417839688253e+20
5.0405643387074616e+20
4.615581705180298e+20
4.6068494339025686e+20
4.177234574803148e+20
4.745733845281173e+20
4.502797832366885e+20
4.6690766253449734e+20
4.658703852947211e+20
4.831201938382348e+20
4.374521701333865e+20
5.160691601362318e+20
3.754584491930103e+20
3.937576876584198e+20
4.3017906215778635e+20
4.445402508036949e+20
4.229445192311347e+20
3.767885150796669e+20
4.165151852747829e+20
3.9760902180382147e+20
4.883783861982181e+20
4.879032058261645e+20
3.869208215102825e+20
3.826810294331518e+20
3.4388539726628985e+20
4.17262793909536e+20
3.5704447205437814e+20
3.9389631516704584e+20
3.896742995879395e+20
3.8636295488668094e+20
3.822597872448084e+20
3.429432252788128e+20
3.8285051769583495e+20
3.956288475078541e+20
3.756546310268503e+20
3.6901745486509926e+20
3.495204662159556e+20
3.682472099585892e+20
3.43967650208763e+20
3.602923858283368e+20
4.0197008575077384e+20
3.3873007291368466e+20
3.9669741014999374e+20
3.544980856723988e+20
3.2920014756229035e+20
3.902304578749516e+20
2.848742003354847e+20
3.627195859618123e+20
3.417522250815393e+20
2.984461650832805e+20
3.365658231850151e+20
3.1415855053777515e+20
3.120332204082652e+20
3.108666793038718e+20
3.087655181314967e+20
3.259726271916923e+20
3.449660075787307e+20
2.5996970212886856e+20
2.3791232872466104e+20
3.9927604070847585e+20
3.180427403911314e+20
3.12337293630546e+20
3.337638151676115e+20
3.3168672565405e+20
2.6276459343039467e+20
3.046886738129269e+20
3.2341127134795884e+20
3.1946411513633885e+20
3.626693382127607e+20
3.164461554570676e+20
2.9266172521229586e+20
2.9301205586985986e+20
2.9073661960097884e+20
3.1084126698515707e+20
3.305837156170923e+20
2.4446547107341314e+20
1.9793219450807688e+20
2.802910667056564e+20
2.994069777510902e+20
3.201058821429744e+20
2.5656320210524288e+20
2.5312679523001716e+20
2.7363444752456457e+20
2.2916957196275152e+20
2.911461531069136e+20
2.8917459938808155e+20
2.4575796140392396e+20
3.072903682686112e+20
2.217264660923709e+20
2.194296884719504e+20
2.8229036587304616e+20
2.1722746546840594e+20
2.593720032776253e+20
2.5622079726878992e+20
2.5533107056505048e+20
2.5250222661510768e+20
2.511254823662856e+20
1.861189489496258e+20
2.6894961820357132e+20
2.6856620110976654e+20
2.6840465497479758e+20
1.7834688699538742e+20
3.698055845292401e+20
2.4149097992663905e+20
2.1756457004985274e+20
1.74084562846371e+20
2.176396189244785e+20
1.913528921727032e+20
2.5565257209539645e+20
2.3273382910278346e+20
1.8894245495668693e+20
2.9708923937930904e+20
2.964229345209297e+20
2.2982280487962827e+20
2.7131568102483365e+20
2.251164877859778e+20
2.4759378619742975e+20
1.5726002794361953e+20
2.6652681550764668e+20
2.016456262812288e+20
2.2196020660062428e+20
2.195638035171938e+20
2.1822305274569415e+20
2.3986770744335906e+20
2.1653475528007198e+20
2.1403708900260423e+20
2.153993651331432e+20
2.1301142483847168e+20
1.8954126059325034e+20
1.6777856428943275e+20
2.557578859579327e+20
2.2916442276372745e+20
2.0833823007588775e+20
1.855421569229267e+20
1.6368993993860743e+20
2.0614223561964342e+20
2.046035966060886e+20
2.264793368804838e+20
2.0440681951356895e+20
2.0489401534869088e+20
2.938755306001434e+20
2.2454676934046928e+20
1.5666776186390692e+20
1.5659138212349133e+20
1.547651502982888e+20
1.755729004208756e+20
2.1937478368219487e+20
1.9717895096080918e+20
2.193329341382807e+20
1.732138831686307e+20
2.8353435833571872e+20
1.9612208602287748e+20
2.407969077140473e+20
2.1846307315689846e+20
1.494351017917134e+20
1.9278497918905103e+20
1.9312386367683645e+20
1.9124522616723053e+20
1.6933368089717932e+20
2.589541905844579e+20
1.9003627825259885e+20
1.4659383894251266e+20
1.906838236072697e+20
1.4349058971492794e+20
1.441936345175315e+20
1.6627099845558154e+20
1.896131182199543e+20
9.663856452148378e+19
1.657341387374557e+20
1.6486415543963376e+20
2.099788243393573e+20
1.659276940706059e+20
1.6523208778978886e+20
2.3354521896501212e+20
1.6419155960918163e+20
1.871249902819775e+20
2.8051783567162717e+20
2.3099790868455644e+20
2.09172063598695e+20
2.1013186448321813e+20
1.408108238747281e+20
1.8725943231352124e+20
1.8575120518051598e+20
2.555182832321658e+20
2.5579686152329137e+20
2.7863370939204623e+20
1.628262043359749e+20
1.8669292972966527e+20
1.867770319962494e+20
1.8562227121484772e+20
6.995802405417369e+21
4.031018379121169e+23
3.0494128493382037e+23
1.64392679764021e+23
7.676227155932578e+22
3.3679101247670977e+22
1.7826157199490216e+22
1.3242369796394296e+22
1.0238524056254856e+22
9.242250977094457e+21
8.909487376355036e+21
7.027297289061411e+21
5.953751751162785e+21
1.1386435390718746e+22
7.564248058726261e+21
8.432488581766035e+21
1.291943987905777e+22
9.52113372786993e+21
1.4072111012755429e+22
8.00688030731256e+21
9.77289442354459e+21
1.2073059419929239e+22
1.1077575658311512e+22
7.719392769606694e+21
1.7599072052576633e+22
1.4293342454489889e+22
8.773615262001664e+21
1.0123589199303648e+22
6.635265130700509e+21
1.1253952840256172e+22
7.787959014071862e+21
9.911679328647245e+21
1.2232478466362021e+22
9.933341324571654e+21
1.2176520640151127e+22
1.1040439513834458e+22
9.965610800261856e+21
7.718995267396795e+21
8.850415090152218e+21
9.945086600892442e+21
1.0994356778160726e+22
1.1920214993468528e+22
1.2244599531263446e+22
3.551859131900935e+21
1.1284312299288352e+22
9.833206445713004e+21
1.0081313698495288e+22
8.75468385915671e+21
1.195088240561196e+22
9.919941405178444e+21
1.231486583695372e+22
1.0895087846241966e+22
1.0014454324784469e+22
9.987832885920886e+21
7.647470645144672e+21
8.781011009436565e+21
9.957188017757897e+21
1.021241106945882e+22
1.107431148827505e+22
1.0221936919918628e+22
1.100462960907892e+22
1.3211554321917536e+22
7.743928497296983e+21
7.769855334947556e+21
1.089740727474919e+22
1.2111287308407307e+22
9.906551775860827e+21
9.840859572784012e+21
8.8988542715404e+21
7.86308335592797e+21
1.313347231895307e+22
8.912315038245401e+21
9.718177429969105e+21
7.850792651471061e+21
9.915886148637344e+21
1.0980614378419988e+22
6.960646768700716e+21
8.776283914347302e+21
1.2082239131949417e+22
1.202966709569944e+22
8.766865540776966e+21
9.010183900638848e+21
6.547109032225154e+21
1.1089960206525656e+22
1.0168018778309354e+22
8.882369482753492e+21
1.3266397341583457e+22
8.94547948744117e+21
7.818362967802286e+21
6.816407636366653e+21
6.692446197360768e+21
1.0103305283213292e+22
7.810301473587278e+21
1.3038514468603573e+22
9.960631860850162e+21
9.925727741487086e+21
9.768266353517326e+21
9.942252322174932e+21
1.0089030085984716e+22
1.1106872632666508e+22
7.936076349773695e+21
9.999656040954748e+21
7.735302130437943e+21
8.888511082703988e+21
8.930184437085822e+21
7.798377968393833e+21
1.2225327317434094e+22
9.61581166488754e+21
1.0069932498148317e+22
1.091810987728923e+22
9.82826410995684e+21
1.1198751596048158e+22
8.810253018224186e+21
1.0079980769412689e+22
6.677013203697508e+21
7.809807236006056e+21
8.877357563135295e+21
1.2133421608516675e+22
9.88660528439438e+21
8.799868836887799e+21
7.854193406157374e+21
6.613809047795313e+21
7.56992986118283e+21
1.006344121209089e+22
1.0128707053111925e+22
8.859802955082866e+21
7.691214355157225e+21
1.0275958783974224e+22
9.958644144107415e+21
7.961972867156296e+21
1.096352990936039e+22
7.83309844373874e+21
8.939891015050005e+21
7.789246929892704e+21
9.931449684981822e+21
1.3524807118728787e+22
1.2036165486834837e+22
9.844389107685151e+21
8.642001878119674e+21
9.9052609132135e+21
1.0031787189015438e+22
1.3291857308598718e+22
8.731724527743104e+21
1.22354958391389e+22
1.289081562773192e+22
9.936733902409893e+21
5.799132350535811e+21
5.686044320192949e+21
8.878878912649899e+21
1.0810117161104588e+22
1.3060673596971079e+22
9.992348440656595e+21
1.2040186939313832e+22
5.739328972054446e+21
1.0063907689743832e+22
9.94450710778856e+21
7.984549323315427e+21
1.010201653704127e+22
1.2109304467677233e+22
7.792143206721622e+21
9.98857840379199e+21
9.961634211646363e+21
6.565339542891371e+21
1.1047636863632024e+22
7.782838589097932e+21
7.857252310567067e+21
1.0910090014305873e+22
9.024275068445056e+21
9.922640623541361e+21
9.047852787391342e+21
1.0004620438936108e+22
1.2237327290717941e+22
9.631819375240846e+21
7.908481537962765e+21
1.001597700914002e+22
1.243729311392058e+22
1.1046011470140066e+22
6.853773593253634e+21
1.3566644386815522e+22
8.862238992177366e+21
1.0087149105635733e+22
1.4312592981754882e+22
7.847698390556505e+21
8.64865080099002e+21
1.1831083877582403e+22
7.858057201254124e+21
9.727359116644505e+21
5.678173995121354e+21
1.091468278953625e+22
1.431719699324981e+22
1.3465246610931078e+22
7.681626779400216e+21
1.002579448716243e+22
1.095643898525152e+22
9.82249480288429e+21
9.093934139507304e+21
1.004326545167774e+22
5.683179825136689e+21
9.788996740885355e+21
8.766419228640913e+21
8.9456687815282e+21
7.921161869825801e+21
7.831579863504869e+21
7.839279019312742e+21
1.081446455944142e+22
9.022259655647197e+21
1.0811102689440544e+22
9.758058737103446e+21
8.905561046179229e+21
1.1245795118407393e+22
1.2258035204474274e+22
6.797891047525261e+21
1.001127793380209e+22
1.1772945764606043e+22
9.80379136445778e+21
8.865405240317216e+21
1.2015206614319655e+22
1.1131345969804315e+22
9.852814880319442e+21
1.0157372774362613e+22
8.889266075455846e+21
1.0122839231962718e+22
9.91829263302448e+21
1.468576059515597e+22
9.97463124399685e+21
7.70853665216801e+21
1.2467634888746052e+22
8.821900490651335e+21
1.0170264744012848e+22
9.004432633947115e+21
9.079870971965703e+21
1.2076326595252372e+22
9.791743541510488e+21
9.997242953814216e+21
1.107167050058924e+22
1.4622957439331556e+22
8.838365318532009e+21
1.205626165803313e+22
1.238776991610209e+22
6.819835408320346e+21
9.858881242008662e+21
8.759358210165722e+21
1.114869602944987e+22
8.826204869868361e+21
6.745352324380075e+21
9.784298963580108e+21
7.691474682702416e+21
6.750349634905682e+21
1.322372441542952e+22
1.4238978506316925e+22
7.801292877783614e+21
1.2081427443641672e+22
7.798641284986757e+21
7.999880747815937e+21
9.971433780282082e+21
1.0059719699347079e+22
1.001649881719521e+22
1.2029344276379035e+22
9.892905334187439e+21
1.1034544283518096e+22
1.1082302694940587e+22
1.1049648924712468e+22
1.2008456824891405e+22
1.1142058845168648e+22
9.893054466125675e+21
8.89299518477624e+21
1.1057004281570806e+22
8.861214764279899e+21
7.782104961379402e+21
1.0004974414288648e+22
7.835160503435817e+21
1.2149002167601668e+22
1.104509671110883e+22
8.943454113676923e+21
6.921026421347668e+21
9.7759046360311e+21
1.0096688640109794e+22
8.86403625753789e+21
6.690443238748032e+21
6.868377278275609e+21
1.2152425312539782e+22
1.0122843953164154e+22
7.802276193293216e+21
1.3242858500827032e+22
1.0062505080448155e+22
9.72800050717836e+21
7.513301261698301e+21
9.828036339323088e+21
1.3235391627913306e+22
1.0921241374095418e+22
7.705376126630956e+21
7.546703861458885e+21
6.890126205581382e+21
7.757087653821075e+21
7.78982349457423e+21
7.985472005867257e+21
1.084058007085148e+22
6.734070708255972e+21
1.0086749993605486e+22
1.093984834238664e+22
8.828065839511692e+21
1.1063445342749024e+22
1.1078268846736656e+22
1.2774249397028097e+22
1.3261951075161056e+22
1.108866366566197e+22
1.1205753257946337e+22
1.0011057426305336e+22
8.893831936265469e+21
6.770677768549686e+21
8.974552104587806e+21
8.801374315544101e+21
9.98305978591187e+21
1.0000590024726895e+22
1.0012578978265404e+22
6.813973313021724e+21
7.686004971099501e+21
1.0154418353464274e+22
1.085489607329091e+22
1.009134923951254e+22
7.737419686174467e+21
9.945752834840778e+21
1.3114437741455402e+22
9.945005040270152e+21
1.1094450256380684e+22
8.775960466038583e+21
8.505956441219009e+21
8.903389463486118e+21
1.2103168799270574e+22
8.831515430106464e+21
1.1042993938221565e+22
6.740258320704391e+21
8.043224341149095e+21
9.962793412208141e+21
9.795075002470515e+21
1.068138504493968e+22
1.005299036881925e+22
8.010003150928406e+21
9.944667172864453e+21
1.110699206682951e+22
1.1102185204979635e+22
1.2395248223395447e+22
8.927225320968353e+21
1.1015402534423046e+22
8.822259384237793e+21
8.788561248742816e+21
9.115411838608115e+21
1.010453953691242e+22
1.430323583440496e+22
1.2093751355650257e+22
1.0033617619706391e+22
7.634193815300078e+21
1.0030546361793007e+22
1.1374242567019796e+22
1.0054622051653042e+22
1.0054260346023307e+22
1.4394227646037611e+22
1.0996475096044879e+22
9.969706133426662e+21
1.1188350224168867e+22
8.967281312555837e+21
9.009479338459453e+21
8.811103228547684e+21
7.896032559043856e+21
1.3876728173784363e+22
8.900345659126329e+21
9.027202926766361e+21
9.972567243205028e+21
1.0022992024860652e+22
1.0922598333562854e+22
7.80767937936798e+21
1.0106380246853003e+22
8.91182040443402e+21
1.236302628341583e+22
9.976737179147218e+21
7.824098157942466e+21
