1.6753520722660456e+22
1.813495242324577e+22
9.900704465576654e+21
4.232084175029247e+21
1.2612070760180278e+21
2.2466364225879723e+20
1.9169080811761127e+20
5.412481106542142e+20
1.0356818493516264e+21
1.5107354255889788e+21
1.8961410957177746e+21
2.208390545744447e+21
2.435231103894421e+21
2.604169070007008e+21
2.7338878999505624e+21
2.8623392913778315e+21
2.8507676212445063e+21
2.92754733909057e+21
2.930421103334332e+21
2.941884713058906e+21
2.930387300354821e+21
2.9565555092935e+21
2.932081887974226e+21
2.8921223015662664e+21
2.8837468577404074e+21
2.8671971510805054e+21
2.8418360218381257e+21
2.851741788817365e+21
2.793970699723905e+21
2.754657288924403e+21
2.7314680682365494e+21
2.7117404831072786e+21
2.707769182973558e+21
2.6746077239081183e+21
2.638395329422615e+21
2.627719410098829e+21
2.587102012339912e+21
2.568727745907513e+21
2.606162285255166e+21
2.542348861609535e+21
2.5163107980393185e+21
2.4591627213289255e+21
2.4912704723234723e+21
2.442465753456785e+21
2.376701861951191e+21
2.388706328008706e+21
2.4333699610357206e+21
2.3215238242724115e+21
2.3265915214050312e+21
2.309944435229148e+21
2.3074882044702622e+21
2.2359052595203694e+21
2.2343712490447939e+21
2.2216863302222335e+21
2.1882650134582948e+21
2.1541963843600305e+21
2.1711911267752254e+21
2.0745608560433344e+21
2.075319487400565e+21
2.1281202069127753e+21
2.072970353539933e+21
2.0433165252094633e+21
2.0160967993743258e+21
2.0309826230043982e+21
1.9810139596399777e+21
1.9645433582744922e+21
1.942238694352873e+21
1.9384202719397722e+21
1.9428125265619323e+21
1.8459901534888206e+21
1.8630472512721254e+21
1.8357504467624038e+21
1.805693840731414e+21
1.8663721787649043e+21
1.8251374739041792e+21
1.8053782574831024e+21
1.6920693558912077e+21
1.7061336536630994e+21
1.666171495006891e+21
1.6704230121406957e+21
1.6419939225725444e+21
1.6400031583218764e+21
1.63845036913497e+21
1.602257658411107e+21
1.6080865894618958e+21
1.6409654433203335e+21
1.5844565291610944e+21
1.5103919232707658e+21
1.5063575489251482e+21
1.4705386781090072e+21
1.5156674377090754e+21
1.404852456375448e+21
1.4892760970607817e+21
1.4464118469521934e+21
1.4248494541960813e+21
1.398576480271071e+21
1.356984199343297e+21
1.4497925790242971e+21
1.395314701689317e+21
1.2452527993586676e+21
1.3180309964018764e+21
1.2836649781647565e+21
1.2497413379095918e+21
1.2997194718243825e+21
1.2291916336594975e+21
1.2144670886955041e+21
1.232169753668279e+21
1.1839095882000929e+21
1.1702032800469465e+21
1.1508428941811396e+21
1.1636516132766299e+21
1.247525336299964e+21
1.1510360184930451e+21
1.1776745840263641e+21
1.10365425198468e+21
1.067380912753738e+21
1.0866123733368468e+21
1.0472793924482914e+21
9.854413439502753e+20
1.0306483232811792e+21
1.0258927710717708e+21
9.664047160156614e+20
9.739304204473088e+20
9.692651264369708e+20
9.698994876745797e+20
9.073514921643432e+20
9.362940386416455e+20
9.128501956898592e+20
9.107239878455902e+20
9.102279802198031e+20
8.763044060029983e+20
8.396167085414367e+20
8.611292401706165e+20
8.451327509255181e+20
7.993247012685776e+20
7.832962072360312e+20
7.920394295142483e+20
7.451978048254226e+20
8.188191980522304e+20
7.691573646056439e+20
6.99244507043625e+20
6.798959117315543e+20
7.226149413214851e+20
7.094570465631068e+20
6.398212410315781e+20
7.578952828449246e+20
6.620031683309007e+20
6.77394601131254e+20
6.605955780107306e+20
6.777265234606656e+20
6.897285423097775e+20
5.988413619628455e+20
5.943118855830488e+20
6.017076779456855e+20
6.269652584984119e+20
5.96181696247138e+20
5.855702622992185e+20
5.8406293727532935e+20
5.684161189808183e+20
5.97965967748401e+20
5.1256472766068503e+20
5.426424692146377e+20
5.143945548043325e+20
4.587267106100222e+20
4.9015517966716705e+20
4.8908075233149826e+20
5.372181162216237e+20
4.7321973428620054e+20
4.537211509730542e+20
4.8747565670379966e+20
4.633175896733923e+20
4.7179737275468055e+20
4.278407393721014e+20
3.989397491566733e+20
3.93419294381683e+20
5.007176713415639e+20
4.730783924385923e+20
4.096792774948115e+20
4.60597457719707e+20
3.4154361585682855e+20
4.1109191568978025e+20
4.5881709384893805e+20
3.29391439580357e+20
2.8243901767992934e+20
3.589956920479575e+20
3.796020296046642e+20
4.116712818592712e+20
3.635563512541405e+20
3.5791264968345826e+20
3.316692176398495e+20
3.701349438124695e+20
3.6360870681772923e+20
2.7324693253400753e+20
2.7168519704387515e+20
3.070758464454954e+20
2.563066303564477e+20
2.9495137786204386e+20
3.137788646113059e+20
2.4528057646030995e+20
3.401696711337665e+20
1.91676361862694e+20
2.3040824157122508e+20
2.8938654977489568e+20
2.41339197793236e+20
2.1494242129477904e+20
2.5571306140620282e+20
1.8747942177960185e+20
2.6803045077349977e+20
2.6484628966085866e+20
1.964154729563234e+20
1.5005178675601166e+20
1.4794450032276714e+20
3.160351025275566e+20
1.808408494749014e+20
1.7994228107378056e+20
2.3790308447069936e+20
1.5330423772390687e+20
1.9202733500719104e+20
2.126032982337847e+20
1.6685979630347777e+20
1.642673905220249e+20
1.5998865536693243e+20
2.0283987149254273e+20
2.0082630705830743e+20
1.5426321019830963e+20
1.5336477301121486e+20
1.518476971968149e+20
1.9318118424587826e+20
2.177406859656414e+20
1.4706110336368651e+20
1.6840895884431544e+20
1.8965203509570814e+20
2.3437082262425544e+20
1.884052055885558e+20
1.6572175448127183e+20
2.9813774396913444e+20
1.1674976744349139e+20
1.645289161437179e+20
2.0844838610728383e+20
1.169735892763806e+20
2.0669350574173553e+20
1.178985242433279e+20
1.3859565124717799e+20
1.394400102531301e+20
2.068689841844699e+20
2.3233662826479275e+20
2.0778052280112333e+20
9.38888527257577e+19
1.6290480502697388e+20
1.6316962379171437e+20
1.856097321897156e+20
1.6220374117112395e+20
1.409506199369116e+20
1.4008216666660974e+20
1.3964438652828677e+20
1.4024537641870431e+20
1.867277547839972e+20
1.8525810899068535e+20
1.8607812328151165e+20
2.0984147433108986e+20
1.1669188580952424e+20
1.861842250942549e+20
2.0878115933817196e+20
2.0764832930574674e+20
1.3932234977576763e+20
1.8455956636891628e+20
2.3174016816563824e+20
1.163285693096187e+20
1.3914971091854785e+20
1.5977543829831975e+20
2.0896090007103396e+20
2.556856515412806e+20
1.1586892313597914e+20
3.003959696036503e+20
2.550077587078394e+20
2.5299690608159506e+20
3.463385281403269e+20
1.6012741474929158e+20
2.0737345328594528e+20
2.08758086855264e+20
2.0976751193993632e+20
1.8490708620746723e+20
2.079692188299479e+20
2.0716498931517836e+20
1.8505081790703177e+20
2.321978794768625e+20
1.3897295956327278e+20
1.8461090771866344e+20
1.8547288677799363e+20
1.8656847208886406e+20
1.8749094341076645e+20
1.3812651804740932e+20
1.8741781516728097e+20
9.478648689933625e+19
2.320265047260467e+20
1.3914899550967779e+20
1.61915644888873e+20
1.3949507446361388e+20
2.08656302748563e+20
2.1009217489818006e+20
1.8590526597353308e+20
2.545576714546455e+20
1.625561977175047e+20
1.634227779020864e+20
1.837984359443936e+20
1.3879654808501466e+20
1.4076019316683375e+20
1.8528975341636908e+20
1.1516208302010882e+20
2.0799971037222932e+20
2.113579622334508e+20
1.3948909264037967e+20
1.6185879205736376e+20
1.6193210625046718e+20
1.392919935236345e+20
2.0850852172845846e+20
1.388136554086329e+20
1.8643290590500264e+20
1.3931477877445943e+20
1.8346548627254867e+20
2.088899341281729e+20
2.3189762059045686e+20
1.394414222977664e+20
2.3270856383423398e+20
1.6207616587831748e+20
1.4034374716027634e+20
2.5385653572350902e+20
2.2985133659212264e+20
2.0798016068757396e+20
1.8504208131767586e+20
2.0811529855350912e+20
1.635863526708969e+20
1.6191776692517018e+20
2.5479049541952094e+20
1.6268568344559554e+20
1.8683365261407456e+20
1.6350517761878966e+20
2.3239539030520807e+20
1.1744902922039922e+20
1.603733489905654e+20
2.7675996566438465e+20
1.3889064501643174e+20
2.078017473464679e+20
2.7935504940155706e+20
2.5464447025499537e+20
1.8357748142849953e+20
1.8486672603345905e+20
1.6190074947394083e+20
1.8553646437274396e+20
1.4087978917266183e+20
1.8522158808292124e+20
1.86621671939944e+20
1.8516563748316594e+20
2.0873908990567616e+20
1.8688883899510132e+20
1.395486599842556e+20
1.8400726270113658e+20
1.3968187184730182e+20
2.078700900544002e+20
2.3146409862279315e+20
2.0816951581652936e+20
1.849395383016188e+20
2.32774862240284e+20
2.0721121708690653e+20
1.4007708968171209e+20
1.857610497614831e+20
1.408280598834957e+20
2.9844041433087266e+20
1.3872706600075754e+20
1.8525202848205364e+20
1.6351091835401227e+20
2.545471097425925e+20
1.8517687014787367e+20
1.63472907154444e+20
1.859326547764643e+20
1.6269402487047242e+20
2.0843709529955546e+20
1.63276840399297e+20
1.3821111451433933e+20
1.3823566662378868e+20
1.8586454681426454e+20
2.0891568042354452e+20
2.3187382847401686e+20
1.3871192472445315e+20
1.392442857368356e+20
1.8593899782627105e+20
1.8593821229921858e+20
9.360898269559788e+19
1.1614712722735224e+20
1.6331875704672295e+20
1.1722100283971566e+20
1.8681252894469292e+20
1.6209982312274077e+20
1.857938752328679e+20
1.630825682786583e+20
1.4016739953404155e+20
1.8582525070214916e+20
2.316088508002439e+20
1.4107383286130206e+20
1.8520076101737343e+20
1.8637739289395963e+20
1.8555632972930213e+20
2.5357825031479325e+20
1.6426597454874896e+20
1.6157525198002825e+20
2.3033105070628055e+20
2.998911316583127e+20
2.321204360466965e+20
2.053418953735237e+20
2.0910263274745083e+20
1.6411700162790903e+20
2.538599650135838e+20
1.625054496520738e+20
2.0968731689100067e+20
1.3847143976112831e+20
2.3132364946021777e+20
1.384284718183025e+20
1.382105510061723e+20
1.3928958546683155e+20
1.6141078136508898e+20
1.8644205509561188e+20
1.85511961803694e+20
1.1644958345814373e+20
9.367217213208419e+19
1.630977277878257e+20
2.0827798026620168e+20
2.100184765071689e+20
2.3111247638795003e+20
1.8492705006018e+20
1.6249788778675572e+20
2.0878741342374412e+20
2.538480394493349e+20
2.319864784938071e+20
1.1603472407012411e+20
2.0822832337249714e+20
1.1726914783726974e+20
2.3120488515247273e+20
1.3980367378639315e+20
2.1098063047555665e+20
1.624493283726969e+20
2.994643056667727e+20
1.4013285134360945e+20
2.0668959653545106e+20
1.3981630623089641e+20
1.8758750764521905e+20
1.8640756073261728e+20
1.3972086017228148e+20
1.8745427526042262e+20
1.8480282214594645e+20
3.2161206573212605e+20
2.0741042524932466e+20
2.070326620568117e+20
2.0734762178053695e+20
1.3949671377201753e+20
1.848295029194222e+20
1.8640719738419878e+20
1.1649250012778211e+20
2.0769589362266518e+20
1.3974839858491412e+20
1.3945036600233909e+20
1.6358654087134203e+20
1.3826640252089993e+20
2.335981506906666e+20
2.7792381424347228e+20
2.3201395389913734e+20
2.3247008276256745e+20
1.158694952414813e+20
1.8604944402512904e+20
1.635120183889653e+20
1.6302780994596602e+20
2.7791533312247143e+20
1.6311025388629567e+20
1.4052370622443092e+20
2.3223412303070403e+20
1.6303060336520757e+20
1.8534139668989477e+20
1.0395274414327034e+26
7.177694947377224e+26
5.5235750543805715e+26
3.684332991778395e+26
2.2652828844504286e+26
1.3280285480541476e+26
7.502645063212906e+25
4.106371569719947e+25
2.3926445820517266e+25
1.3208382977504346e+25
8.011669144171805e+24
5.260175876521792e+24
6.102238226603579e+24
3.8084760865300757e+24
3.540446595005434e+24
2.656308570692819e+24
5.174591468108616e+24
4.6512138307086265e+24
4.8018068362989176e+24
4.305470315956798e+24
4.736043828330284e+24
3.571552278523501e+24
4.3371190486104656e+24
5.226687163874433e+24
3.135148167970573e+24
2.7619711569947494e+24
3.9795605410967736e+24
2.3488453684925736e+24
3.9860853210395447e+24
3.176320837773051e+24
2.7266119106866757e+24
4.403369098776518e+24
3.566849485758547e+24
4.843007816352229e+24
2.757323888797814e+24
3.613736284799424e+24
3.605457828104768e+24
2.7491242283293893e+24
3.1208991750663397e+24
4.349249429632098e+24
3.5829399758845434e+24
3.966663650744298e+24
2.3074314340680147e+24
4.862915756373629e+24
3.9629446773897797e+24
3.9274498990616585e+24
3.5371951299353106e+24
2.3543431441120116e+24
4.3634971210653246e+24
3.5831094651843536e+24
3.9764136485014196e+24
2.299961059640221e+24
3.5874951338290264e+24
3.116294744693343e+24
3.18273813508426e+24
1.9247834597764994e+24
2.688826557799228e+24
2.68720588620157e+24
2.3095198107227294e+24
4.0107941044994754e+24
4.849821075546996e+24
3.983753229250263e+24
4.7697977628097297e+24
3.5957833679077595e+24
3.587196981815037e+24
3.973528631771487e+24
3.549550859165079e+24
2.7640406032880766e+24
3.5543270309148445e+24
3.616211758036473e+24
3.5678260727690546e+24
3.61807544719576e+24
3.184994262649328e+24
3.613126270428457e+24
3.1429841476647073e+24
2.7276672110571814e+24
1.917701668118917e+24
3.152462470277907e+24
3.62546643293147e+24
2.7307786606006126e+24
3.1143487718588455e+24
4.362963133206818e+24
4.0146786799237506e+24
4.0478833066151936e+24
2.3332601180857952e+24
2.7100163724869474e+24
3.9971162262283576e+24
4.027876486114664e+24
3.5292889097456587e+24
3.142716975981841e+24
4.3407554794367244e+24
2.7665739017743354e+24
3.6005305217872613e+24
4.4126707419891735e+24
2.6996378651144817e+24
3.165818255815134e+24
3.5788438063839667e+24
2.749168254133623e+24
3.493157576848963e+24
3.521541536503467e+24
3.5197389172637056e+24
4.0159354671844156e+24
3.6560892494007604e+24
3.5795381435214827e+24
3.575510989121608e+24
5.27577804425021e+24
2.7434802664203357e+24
3.0998780363976243e+24
3.5244476679098924e+24
4.0071600550381275e+24
3.55286366464785e+24
3.5834454327465495e+24
3.0703597905101965e+24
4.03639018771228e+24
3.1572156097877443e+24
2.3303258807533876e+24
4.3320582611428956e+24
4.354677078108157e+24
2.669795273654056e+24
4.399855104334024e+24
3.971267512278019e+24
4.0787878301005047e+24
3.106713893408171e+24
4.4138229652279794e+24
