1.091870625813802
1.062359509644685
0.9056487966466833
0.9158422571641428
0.8526956748079371
0.7600433793332841
0.5051415457769677
0.5227498776382871
0.43536002768410575
0.4223300980197059
0.38422765803557857
0.34214908850413783
0.3876746600424802
0.2989559347430865
0.31636556831222995
0.25595224069224465
0.26061641093757415
0.22235285476953895
0.1702521743459834
0.19249059797989
0.16148651341252304
0.1915202921739331
0.1586551706013442
0.12918873696967406
0.12032815179339161
0.13172766011794684
0.12547742897166042
0.1128086436731758
0.10351879629134028
0.11101981669802356
0.10420951611120943
0.09781387838086596
0.08535389391343212
0.09560163470881956
0.0845494888878117
0.0886438858039953
0.08092576796102717
0.07451510137697268
0.10601044708379993
0.07293295125580496
0.1019326204744478
0.07735977928300768
0.061793332693115294
0.08344963185879385
0.036114265124692964
0.0754643260691039
0.05361517841272332
0.05998034307871152
0.05487583134392345
0.06979159918544744
0.06750474285697944
0.07013147317424968
0.05843329078655828
0.06389279136675652
0.045661805833569144
0.06205216822800813
0.056449527817743796
0.05638332392468497
0.04158710231422447
0.06633341367597934
0.06422086960325639
0.056948077864944935
0.08208543296118646
0.07368974815364238
0.07906904283272861
0.06228993620930447
0.07916355291726412
0.0531617722267078
0.06721329066850659
0.08550814218189637
0.04616030898910982
0.05532526997719995
0.07120873901510129
0.0753378159608002
0.06525025982409716
0.06362431551571246
0.056260411291279726
0.06084464309323165
0.06688106259227627
0.055874141605777874
0.056507923260883046
0.07211254871691819
0.039906660683401346
0.0656715646473458
0.058860953293602775
0.05992631559018736
0.08769438719604362
0.06642701585466664
0.07383971897609255
0.07337077890729739
0.05692356158289368
0.05937085700807748
0.07563190105267698
0.060122068143553205
0.07408599965371347
0.0410839966757016
0.07999451207945606
0.051812082184133704
0.07137295826234752
0.028412424717788345
0.09839947306533793
0.039341335817610984
0.08416429758761768
0.0717880888497112
0.09073256802986618
0.08661814101247324
0.04669424724609902
0.09234150810408648
0.07406599240170585
0.06650608252406258
0.05993391440629407
0.06599724887766772
0.06993502342245644
0.06347201285124929
0.08016719846529197
0.0928099054015345
0.06928420849834327
0.08218072082295462
0.06143371155485511
0.07080401166307705
0.07769774750771898
0.08039230990107171
0.06725439912191143
0.08868544214163665
0.05973517239369728
0.0562306753601189
0.06756408475727464
0.04292344528409928
0.06061074760294071
0.08059975829113412
0.05538524427727141
0.08299832165034281
0.05736478001172482
0.086452689582344
0.061983332210392865
0.06530168714622657
0.07602260472183978
0.08485014736652374
0.07514110345531393
0.07889679138962594
0.0795212404595481
0.07178092039086753
0.07679080643639383
0.06967941911770376
0.07185412732953275
0.07459818271497541
0.08493183760179414
0.09044182907651972
0.06730804584933342
0.08086092471731482
0.09410399402043333
0.06043665390461683
0.0741194476959882
0.08837827519272212
0.05440085335565662
0.0790200443998738
0.05968293223230393
0.06000353164832901
0.07677466418007733
0.06589951232524106
0.0641931478899938
0.06005072027996734
0.06350328940553246
0.07273621238009245
0.07595718022504891
0.06976162630167825
0.03990650170103267
0.06050989154243359
0.04830130817437613
0.05645416247554951
0.04700792323866928
0.06927125538587225
0.08186069506875894
0.061091126434298024
0.05740638030692935
0.07755515876191633
0.052456286571988905
0.07785032166995937
0.060565468692436335
0.06385389420083137
0.05924605602329528
0.09057492111309397
0.06218702080487101
0.1131522147398856
0.06327810865412983
0.04026163240066833
0.0900018200950904
0.06925505151351292
0.07316030993954176
0.05608199045269026
0.0920746343003379
0.06056887822881065
0.06320078900225107
0.058924834110291195
0.08008008070841983
0.05593273736950424
0.056922792758861626
0.04760995013984265
0.06929856056726917
0.06495942711761152
0.07340810306939399
0.06918111258117413
0.06547636632630774
0.05030768284039503
0.05558417207147512
0.06451280673758851
0.0663973717795064
0.0570558252123495
0.046252298209798974
0.06533392361382505
0.06372532700360925
0.051371663325914634
0.022971131968208484
0.04633079176009805
0.05507815646167189
0.04183565777795458
0.07499154574341244
0.051767577003273696
0.047691578498213656
0.05452140415501264
0.058269127845522704
0.05827417651501795
0.057447513841368536
0.04682871871800334
0.05294102787781783
0.06170844973099453
0.054944257252457274
0.05943937011546007
0.05176353795212452
0.06750291849581387
0.04888063150509778
0.06759615116580217
0.09161745094590718
0.07642376301939496
0.06568783523376893
0.06343145027791185
0.07190722380592315
0.07081393787154446
0.07285803877231148
0.05683934857585916
0.08267646193228385
0.04247680039541727
0.08809295593312493
0.07423216578792091
0.08229719347286003
0.07456602796015364
0.05764484633174208
0.07359766293558534
0.05283797615966587
0.07810851476258701
0.06845960483230927
0.05415218147552676
0.060136111798109834
0.05903472356429255
0.05716753324398909
0.05690417587067242
0.0868434098859628
0.04928945029085433
0.0350233772144377
0.051592916871110596
0.06099975965399709
0.06328409254826882
0.05420651490351668
0.0764235494899805
0.0486082932566879
0.053925090613861186
0.0499336328184991
0.04341288601669172
0.041299746751233386
0.043306191331120555
0.0715437051538309
0.03902019314571387
0.07108805196670194
0.05924859032879963
0.06193322346856197
0.07565430032641247
0.06052475805497832
0.06253545720958048
0.05775809437208981
0.05572306372859101
0.06906850348847608
0.05380238345996649
0.06800809267183973
0.06592604972387629
0.07772284373641014
0.06465406355413574
0.06359404322035887
0.06845628156292217
0.08164129703719583
0.048354207572561723
0.05611797620723438
0.06604256123925249
0.058103079355701255
0.0583960492211325
0.08787156589743164
0.0561558699787215
0.07197907014267037
0.07849131430352659
0.07348263415473479
0.08538424584980088
0.06344765766213338
0.08660351850644306
0.07356340031105059
0.08733865287568834
0.07186711332070883
0.049543755706744616
0.07053196267224848
0.05918641000365218
0.062119963889320694
0.057681091474714105
0.06492709637516075
0.04863823201783277
0.05053402878413046
0.0343592198957965
0.04446727096930974
0.04695695024673586
0.05847026557765073
0.047170001392563186
0.058679010831164544
0.08165590517671296
0.04820257915114915
0.05828550364822149
0.04805284705691048
0.05663124195955418
0.06794084904551576
0.05269863929047629
0.042443515094755975
0.07071574153033672
0.06667723316112878
0.10294543741339887
0.06786238836745422
0.06356881458001833
0.07417843188698127
0.06699819087387165
0.05467938815450503
0.054958197169644
0.05722649246066188
0.05422317945933038
0.06446908111576233
0.05205227332879548
0.05867692493592148
0.05508025975777181
0.07968203259494018
0.07128863062502609
0.058957626284272584
0.05960714027956042
0.051421387302171856
0.047925681104297166
0.07323376215235503
0.07984709348400226
0.04334731901892357
0.042933453452187006
0.06290398518710087
0.07173641089832893
0.05759586828019194
0.0666058725953378
0.08042974621747379
0.06188301524768273
0.057469882208991935
0.07314578378228126
0.07836337050388532
0.07578271604358668
0.07774197357961114
0.07460890261939278
0.06926904261733095
0.0784923974942002
0.07092065987591115
0.05991855138186279
0.06407221786880486
0.07510639070015815
0.06502119434406739
0.06079934052993647
0.0532623663247149
0.05140183081298515
0.07033409569972988
0.06735758246914311
0.08062778735809305
0.06681024973039273
0.0788228955913197
0.03022213675150717
0.07191275988912417
0.06514354426137826
0.07737986171721584
0.05929281959672355
0.0901141795847151
0.08358212237901709
0.042211058713426744
0.053599984747254185
0.062351573233553594
0.042507334181142074
0.0646100541042095
0.06476010551193247
0.05533642488255821
0.07520495754175095
0.05806578699223421
0.04879302717745304
0.06028221551699702
0.047746525868273305
0.05740372489499687
0.07450332769507508
0.05814910040202516
0.0652572145961501
0.05003415575440697
0.03337737303917055
0.06501607508053658
0.07147409374765293
0.04631994364576207
0.07457507805277903
0.04286038724671083
0.06924032045235098
0.07267580536642561
0.07551191787933931
0.05027321474335622
0.05868563513030057
0.0650489342084189
0.08000265452062229
0.05918011578507031
0.06403568364610826
0.06793891117235439
0.06701528396526421
0.06837054743879924
0.07978707572652234
0.05611413361125246
0.06341398966119245
0.08103272016591358
0.07210645976441878
0.07544786269190135
0.05754885455718505
0.07173221115091885
0.08127755267735294
0.07036040797484694
0.0494932716505395
0.05014135526424205
0.06954049275912068
0.051331354951899916
0.06995437128083452
0.07205810080523845
0.06670647304552538
0.06377336983051565
0.06417870655207446
0.08828862908261793
0.07306955124389518
0.07479880136088468
0.09027265529665682
0.08530174602788908
0.06606725925747822
0.08737189064009322
0.07468945816745637
0.07472644920495373
0.07395510847197363
0.06936597506130594
0.06189131871279743
0.06996271302233692
0.06767367008217627
0.07214516277114551
0.053802839626937556
0.0521555391907761
0.06485482962388131
0.059349975703905024
0.06667605530539597
0.0811485192152085
0.06174127716157171
0.047281056045364867
0.07884025308131068
0.0678648954015915
0.03261353302945348
0.041213991637859076
0.05705430320705528
0.0547762047154484
0.049192675352430715
0.03010862298240816
0.0760641367416139
0.034698608676316564
0.06419943925855612
0.05191773015367626
0.06389288010972517
0.05647973788695203
0.05836901617079059
0.06065952874444149
0.06423862607011364
0.05225865198601106
0.06414048428026338
0.04199211635730333
0.052785647524244805
0.05468126637667107
0.07715816431920286
0.04745377172474508
0.0659775257938438
0.06699791050481575
0.06541026437103196
0.08377614654428153
0.0665844098828664
0.03883015281624264
0.07799343026622578
0.0711156780038167
0.06488229948337432
0.07139896285823649
0.0625052582817497
0.06529257520688353
0.06497091736161599
0.05957725756215276
0.05573029353938721
0.05940948213726558
0.061013953091956126
0.04869793983245337
0.06287752512704443
0.05322799286632626
0.06944530467606252
0.07006733266084834
0.06998330204644138
0.05748493192260395
0.07285778445926823
0.062049799628935205
0.0934674998883296
0.07020502906568625
0.07427789263979152
0.07971593641020634
0.05683844888914825
0.0402165861666651
0.04933680299048623
0.06520283591278174
0.06819565031953433
0.06267485836913154
0.04900596575828752
0.05062455063064893
0.06203428076373206
0.05437019450969442
0.07641148605142478
0.06140055600553751
0.06744745923464911
0.05911573408068054
0.06748028839420941
0.0649436650176843
0.058231326587567175
0.05770026693520507
0.040273641149892854
0.06201032980310696
0.04204566842289986
0.045140746489374176
0.0646689344581251
0.06284973708291848
0.053925562184304
0.04110945626679394
0.046246103606083326
0.05463919423399838
0.04477837781585684
0.06385647219226316
0.04729928492667602
0.06768663961405831
0.05577021433661381
0.06857115721881941
0.05725633061525447
0.06580755725951383
0.04418029080800436
0.056962517331595776
0.06646394489884928
0.05525040653258286
0.06439397807871164
0.043889020259181656
0.0548107836705943
0.055209461573718324
0.047503360348788125
0.05191164709524148
0.06903583235624763
0.05429790311286019
0.06020975364717068
0.05264037553462441
0.062429568687177917
0.06282407786973097
0.06101223183968277
0.06402618715677548
0.045122851926508806
0.08809091768193024
0.03764236783522561
0.07787487583441867
0.05257137278439822
0.05206145688619775
0.06455020594445092
0.0700885442396005
0.047293427134044816
0.07918943394044484
0.061606006403626117
0.07600554189196339
0.06241917492028464
0.08114704165469717
0.0688275205557821
0.06859989578111304
0.06329353653860313
0.06557372999291315
0.07474069641385642
0.07154922690070062
0.07677846822749686
0.07795318091909091
0.04923051609485238
0.06548509208692445
0.06576964942117532
0.0555502794234565
0.07277989583693582
0.05865180382022151
0.0790226430873628
