3.824072582854165
0.7402083343929715
0.6130579936283606
0.5566486959104184
0.667798720576145
0.5231444107161628
0.32384935545700566
0.3110627653422179
0.2584278180643364
0.27313945249274924
0.24241781869420298
0.21438293959255572
0.2558957332814181
0.19703314618931878
0.21804755470818943
0.18831890469623935
0.19386304942546068
0.17704232740733358
0.15472296970310034
0.16531764991857387
0.15074307123130118
0.17077535225285423
0.15325930424862438
0.14445929284448977
0.13905878889339943
0.1473305512357641
0.1408184764009935
0.13958922980560196
0.1358709378099
0.14358649326971284
0.13669693428609106
0.139170631904293
0.1317513976935987
0.1325366278351457
0.13410975190776367
0.1354964256838516
0.12971230168585424
0.12389393799282887
0.14842077441237592
0.12606865512552085
0.14145826603527423
0.12956932738975244
0.11992153401176135
0.13869091951184803
0.11058189043844188
0.13266887267430624
0.12099232938554552
0.12484083448847134
0.12103925121051294
0.12986440459887186
0.12805307808297653
0.13043281342834234
0.12464288084043397
0.12690514129483038
0.11514052251974742
0.13032801587272574
0.12301924521172489
0.12305358176430066
0.11146450139306209
0.1283010020852089
0.12646380549779646
0.12065173664854632
0.1320272551642524
0.12643082412304701
0.1309896796527836
0.11816930984733282
0.13213430552019012
0.11347041168698559
0.12629898237409415
0.136615552008152
0.11156788468360901
0.11608649879969933
0.12953404571723054
0.1270079607212985
0.12498555470395971
0.12667698682182366
0.11700689006182882
0.12213276754374858
0.12361632880789263
0.12194541620987433
0.12184540278933666
0.12843763490241986
0.11435611228700038
0.12663594329798664
0.12452393521865208
0.12019086394596983
0.13789143233939452
0.12198587375934478
0.1279028207063675
0.13333321114381155
0.11769228421703533
0.12546666870238604
0.12865659484156855
0.1231253903221201
0.1305261474378683
0.11558008387132927
0.13422915560227852
0.11755111137474025
0.1283276023136245
0.1054047291615495
0.14208437695547385
0.10727645484385667
0.1378270349016896
0.12162046286242979
0.13496271341487212
0.13365708043177923
0.11049317030443086
0.13808919475586326
0.1273483716779285
0.12072133190102047
0.11734831136547857
0.12361017973334701
0.12330836899302623
0.11752103131126475
0.1293845698237419
0.13592390378040295
0.11964400485157967
0.1265814485097373
0.11944485731698849
0.12064137447763372
0.12755419989978825
0.13016058642555167
0.12260905977476526
0.13452427378959125
0.11760774461759461
0.1190211080290653
0.12600060731724458
0.11034049107520669
0.11783631670254248
0.13156627518711267
0.1139265497525533
0.13344624942099606
0.1170245159279417
0.13090574824147755
0.1193166522792092
0.12000401690602303
0.12195952091779974
0.13096129625207847
0.1209009110375687
0.12557151410038825
0.12818153809618066
0.12235274027895045
0.12950845407666983
0.12372949457278958
0.12268416445564341
0.12683099011580148
0.13339931021134058
0.1327411049494037
0.11354809447571083
0.13025593454087223
0.1352748952254101
0.11450020237653344
0.12276359309476835
0.13456385099777468
0.11101202956504291
0.13370861513195215
0.10962521891902995
0.11836952771301623
0.13173682159847683
0.1240386991865105
0.1193598144584232
0.11842300908433066
0.11636123461303888
0.12412512271354596
0.12381531525817183
0.12067714768151443
0.10641527410458636
0.11947582979445104
0.11340436249695442
0.11781373006050233
0.10874105810567185
0.12535234692472
0.12677187272519977
0.11930769171427798
0.11678171971881832
0.1285228333953354
0.1131130227888072
0.12465393874380323
0.11695207117332353
0.12200678319290832
0.1141473393611334
0.12945922077805908
0.11380688556366497
0.14688651691432353
0.11744501634880349
0.10048135942607014
0.12962363073947253
0.12039877329435614
0.11878077699630349
0.1096005296955506
0.1330425101849768
0.11416297868170121
0.1159031617420691
0.1153541028637577
0.1239905052093996
0.11418155735979478
0.11569953482184145
0.10944315970495895
0.11800898273509962
0.1194394171513893
0.12116714525553915
0.1263186067894653
0.11935355679856406
0.11250417610561406
0.11554971268331563
0.11765938555752789
0.12178048077556822
0.11525786454202952
0.11420732288172951
0.12197974262138207
0.12287153924504916
0.11454243468189682
0.1016009855946457
0.11263533874794289
0.1176115922215912
0.10932225678805951
0.12606215870214832
0.11251325249947884
0.11177542833266435
0.11880439561274317
0.11755870689672453
0.11988590878468973
0.12213656254526642
0.11501300397018592
0.11521402249733607
0.11817350638685403
0.11430187385391306
0.1152455145838084
0.11543819763594204
0.12079652454014178
0.11079618576224204
0.11754889993204011
0.13466819624106088
0.12184076990794253
0.11884126895003849
0.11484266348459103
0.1233811791020411
0.11839237305577155
0.12245744673742189
0.112759904935956
0.13020667695888766
0.09941868270160975
0.13149608906220506
0.12430825443179519
0.12460160062268928
0.12569636258262176
0.11265666634534244
0.12331961040143613
0.11182803426075864
0.12246483512636688
0.12498653507618993
0.11284198598177345
0.12130191977377291
0.12040391219434915
0.11849214702292725
0.1158904103493249
0.13222380044559637
0.10945861952172385
0.10764946912725766
0.114048528312533
0.11661820644857707
0.12163131663368808
0.11494818798921726
0.126731903878627
0.11491570045688639
0.11408126450799129
0.11595261069359603
0.11513958388456592
0.10794054344296455
0.11133710791667302
0.12726608249876234
0.10552101754755885
0.12854968425300387
0.11610114077727
0.11390498039071206
0.12369186927874883
0.119052159289519
0.11821722460013849
0.11559741302496856
0.11293379534725789
0.1236141605509652
0.11128045232207687
0.12108412102140763
0.11262230588882058
0.1251110087528273
0.11424668091866705
0.11380520035271291
0.11879555867226035
0.12587631790450327
0.11301800139524319
0.11395518978436787
0.11565846687665692
0.1118679575070187
0.11468152115466418
0.12991916871181242
0.11224588089519077
0.11583229561370832
0.12113530823477993
0.11584086357443421
0.1240894183240555
0.11204416539382052
0.1273664827975962
0.11826434903950603
0.12594454756213558
0.12035006160537402
0.10543549943853307
0.11937643146073376
0.11427566188353079
0.11515331385588204
0.11241059667534298
0.1190464881559213
0.11076496286248719
0.11407955487569173
0.10517944492123744
0.11038255553554606
0.11261116671893331
0.11500860260868515
0.10873707990955424
0.11768173164239636
0.13059520059161717
0.10590858398764222
0.11729633056179241
0.1144918419972614
0.1116057693682335
0.12280751544016379
0.11191984072879509
0.10801105856619499
0.12254236969682905
0.11263209947005466
0.1357606323780837
0.11718309242968206
0.11522928908191345
0.12285550462978857
0.11570793955966278
0.11238556851943333
0.11367909217046367
0.11640293489175814
0.11675538522777734
0.12057686265971926
0.11395399907120952
0.11469080533694338
0.11027054316191762
0.12682371420992744
0.12349145211003444
0.11511337757110596
0.11740894781218635
0.11345718055963516
0.11336556159787708
0.12328988934556644
0.12956582451308216
0.11040199292754685
0.1056008584521435
0.1217101860653471
0.12083418308584778
0.11259951559757744
0.11783987021556606
0.1277510982558683
0.11814121915786355
0.10938565495113532
0.12209914058998779
0.11953008685398984
0.1232391482702008
0.12542620404726929
0.1207752530635507
0.11883645863444717
0.12288390796769548
0.12260056562997677
0.11404632128499172
0.11624193619246836
0.12439778999046043
0.11681366328977877
0.11863080757083716
0.11103498025072946
0.1130414914201807
0.12183664746030613
0.1169141151562885
0.12485737988242397
0.11813026694235979
0.12615979766404187
0.09910718537867069
0.12012066995656048
0.11722074269696518
0.1217509521930306
0.11443323904165516
0.1322678348256482
0.13221730898927758
0.10691617594824897
0.11193559574032272
0.12040533760079632
0.1082554905226937
0.11947296187281609
0.11999522273739179
0.11457612020549951
0.12707829158063288
0.11498766916769522
0.11168714516140797
0.12074632818500201
0.10719033254793396
0.11858114655371066
0.12334673334327009
0.11307938214115522
0.11815086055409026
0.11426988933925275
0.10018484591058006
0.1237028261853589
0.1196303922958948
0.10890290906859769
0.12450062345575404
0.10491306320936591
0.12264794166441317
0.12090177282139107
0.12716326862573624
0.11074805025149274
0.11642979789111349
0.11655480373236868
0.1257863929150281
0.11568003699735359
0.11660573314185496
0.11988276615738869
0.1161592599970323
0.11642840128667929
0.12338849626205585
0.11050189324413184
0.11554181727546232
0.1252389948953081
0.12167196431093746
0.11810562138756116
0.10824968196727612
0.11768559504438329
0.12676637495557466
0.12245142114935098
0.11115998602299779
0.10964468052541768
0.12031112763064879
0.1091477495652658
0.12327365246084002
0.12203118136083638
0.12177640123775711
0.11622179823893088
0.11284512522871848
0.13136468262032228
0.11770239713843222
0.11568339776109766
0.12980756922452538
0.12676727844195235
0.11387577970270757
0.1254312064912584
0.11965290525997127
0.12219211521248023
0.12067855259886494
0.11922501827831622
0.11454534654815991
0.12254884990829008
0.11856815894996678
0.1211700790596229
0.11166089980138673
0.11325321581076693
0.11810548313789898
0.11432579463278805
0.120277584840854
0.13054996922060294
0.11654966552224424
0.10652771102333511
0.12845637483729255
0.12078018727953788
0.10200948137100097
0.11123325254906107
0.11493720045244252
0.11963894590735435
0.11363087546218324
0.10204117269151741
0.12993215190039742
0.10240645030582393
0.12123649663947246
0.11262640232841174
0.12018545130612673
0.11416718425850074
0.11146614224546486
0.11841343864108678
0.11822705605515728
0.11374613559908336
0.11881639946390081
0.10638070672198578
0.11485884228238354
0.11061701965000895
0.12717138879277087
0.10957152361947077
0.11895788867992384
0.11640501339678411
0.11481785926002043
0.1292097235650376
0.11456036236551073
0.10566498711705208
0.12303855973813269
0.12109320038170726
0.11413920160245013
0.1179398935702112
0.11598312606414159
0.12302774701405454
0.11741858244770104
0.11530338517493671
0.11296096457927315
0.11534689635866219
0.11676486015871719
0.10951025887495941
0.1194528430286381
0.11026891721067605
0.12114943522546026
0.12192195391765347
0.11594129643506473
0.11051670268729881
0.11988644743407215
0.11142762695197705
0.12823417755188765
0.11455078243657395
0.12025649969776471
0.1236725208108072
0.10875521296704257
0.1092979841762119
0.10602354851585848
0.12083318201756035
0.11967184656748066
0.11722911804638526
0.1097648316235454
0.10742300134842042
0.11589245987987076
0.10924692952108604
0.12134450094567405
0.11203399135006799
0.11635674950149325
0.11349032667500002
0.11876417047999523
0.11657200926155956
0.1141420673854925
0.11585715702838367
0.10466432371349246
0.11972696127163039
0.10534578534188094
0.10646288593610127
0.1230175382009259
0.114648904858364
0.1155808967779632
0.1057285661291745
0.11071421819980498
0.11281923632378932
0.10885863820159877
0.1210654015066447
0.11065187953688481
0.11733281557206754
0.11473153172819703
0.12326803906924194
0.1156484130769968
0.1214142836354397
0.10951878254612286
0.11642976967548882
0.1201680473362406
0.11081950725228698
0.12192704418191204
0.10688461294328724
0.11457320630412411
0.11524308334898066
0.11099433581586238
0.1132336870111801
0.12326488975021574
0.11068879081695168
0.1174592039099446
0.10948603255329309
0.11413508715728919
0.11850389313918573
0.11651617398968449
0.11717250743122012
0.10268262021795467
0.13343713736092602
0.10132448892626497
0.12725501272965362
0.10939518520953478
0.10669970236442707
0.1167163627429141
0.1233079959810884
0.10662978463288811
0.12730705841547912
0.11278905002055345
0.12461746980746587
0.11366154667403963
0.12279272962499548
0.11613800666398472
0.11895971379622265
0.11572894640266895
0.1150969070278936
0.12203713120133788
0.11649859158529176
0.12038275744352075
0.12507879396003704
0.10181856031219165
0.11612414058159899
0.11614200845360756
0.11266329884529114
0.12333382893767622
0.10922966676729697
0.12905812653264515
