4.915810309074543
1.8024375791902896
1.5185788958160966
1.4723694258266025
1.5203756822480097
1.2830708689159818
0.8288735129215099
0.8336958598207544
0.6936692209155472
0.695351058686221
0.6265260461303923
0.5564112056184698
0.6434491784484299
0.4958675906614021
0.5342923286888335
0.4441502275704234
0.45435901758847413
0.3992745625200095
0.32485513140757877
0.3576895688418989
0.3121111784130335
0.36217828936598917
0.3117978456602604
0.27353264177563014
0.2592723000518702
0.2789452665106014
0.2661834357444335
0.25228711859219605
0.23927992789281738
0.2544965498425342
0.24079801866577732
0.23687758856384014
0.2169998912744362
0.22803375193918193
0.2185558222786144
0.2240378661081195
0.21053779151083696
0.1983091221363456
0.2543314443901181
0.19890303707345286
0.24329260929867072
0.2068323869100789
0.1816191565659311
0.22204643246476297
0.1466022040867419
0.20804114750138036
0.17451609827198641
0.18473038444709447
0.17582624964416027
0.19956938225637982
0.19547252726948094
0.20047992150540705
0.18299258017429598
0.19071635414190866
0.1607208328873471
0.1922998453179995
0.17938941151455598
0.17935887481844812
0.15297419365917989
0.19455701283489665
0.1906073784145216
0.17752357632680624
0.214037019190275
0.20004437298134523
0.2099831337109208
0.18038347653216785
0.2112222871467195
0.1665570419281721
0.193437438354724
0.22204904762717584
0.15765346246943981
0.17133823702870696
0.20066839168538098
0.2022705520330756
0.19016098151742308
0.19022697927775206
0.173192723326523
0.18290336266660165
0.19042316044646282
0.17774602660426386
0.17828044136641202
0.20047732811697103
0.15419065017529107
0.19223727403139626
0.18331503089413875
0.18004887944294345
0.22551740216160263
0.1883450864503781
0.20167504444166465
0.20663652458461002
0.17455007056533187
0.1847719287292825
0.20422331188563947
0.18318229502808578
0.2045462154265907
0.15659914034660216
0.21415923898004824
0.16929982685057135
0.19963716039503063
0.13375408969888533
0.2404206873918021
0.14655510629354804
0.22192951726416746
0.19334656184677174
0.22563322258819998
0.22021202812040294
0.15712336481859288
0.23036766749013354
0.20135204569022688
0.18716511343761036
0.17722117804266788
0.18954604132859795
0.19318253888438144
0.18093232703567655
0.20949188778521838
0.2286737821996212
0.1888673495915201
0.2087020522362932
0.18081938571952008
0.1913867261674669
0.2051930184027663
0.2104940397871865
0.18980524473375193
0.2231516571784461
0.1772850832591454
0.17519479410515892
0.1935082257690805
0.15320734845267403
0.1783905626119425
0.21211045597576433
0.16925569178743494
0.2163885140584575
0.1743334443135946
0.2173033399955818
0.18124519181610257
0.18525108315602498
0.19792739048393237
0.21575687753243578
0.19598730271509676
0.20441408974713543
0.2076492911135709
0.19408096648381884
0.20624571990359714
0.1933558878523332
0.1944856390322524
0.20137689090161412
0.21827807177410083
0.2231297446069894
0.18080378389330926
0.21106372314884705
0.22932566640277705
0.17488326697989745
0.19682793850424113
0.22288740629813186
0.1653577593776087
0.21267178511522986
0.1692514289515438
0.1783176610177314
0.2084558510945903
0.18988271250768943
0.18349625301305894
0.17841708739460618
0.17980739708851884
0.19680468996779787
0.19971649990313584
0.1903838603498621
0.146266660515081
0.17993076169794356
0.16165123355609398
0.17421465284294552
0.15569571536724214
0.1945717420980886
0.20857991609308454
0.18034568380702426
0.1741358925829883
0.20602594516067593
0.16551766266908358
0.20245263670329694
0.1774662139446095
0.1858097501444044
0.17334301404103084
0.21998389368807827
0.175943859576903
0.2599875785375911
0.1806715861376789
0.14069106141363996
0.2195736479566053
0.18960141997646401
0.19188928328178548
0.16563103285928568
0.22506659695257744
0.1746815680698664
0.1790541449078807
0.1742299466083447
0.20402127338780296
0.1700650134848224
0.1725748150643927
0.1570060032385367
0.18726169183436367
0.18435259735970586
0.1945290054987978
0.19545289363574098
0.18478363737705406
0.16276543359789583
0.17108750542522305
0.18212609413873265
0.18813241673288522
0.1722687336926659
0.1604140004729507
0.187267423124501
0.18655123200302046
0.1658679536992201
0.12452530184829677
0.15891960745405717
0.17264406207983415
0.15111134753183084
0.20100797747296315
0.16423434846931034
0.15942023970462657
0.17327943085520356
0.17578068472169064
0.17811354918888322
0.17953863908985146
0.1617961111823442
0.16810907630456817
0.17983630316814891
0.16920020465773564
0.17463917899186965
0.16715661077587693
0.18825380876660347
0.1596328455230428
0.18510234766398315
0.22624237821609886
0.1982211013264195
0.1844856832176447
0.17823083029577025
0.1952448874987938
0.18916220631864336
0.1952714925562894
0.16955424169147457
0.2128379970650982
0.14185105671209317
0.21954458927804674
0.19849605409911386
0.2068548127318974
0.20021819812676836
0.17025794944277517
0.19687398651580293
0.16462399401805466
0.2005314855939812
0.19340571336862114
0.1669533654909443
0.18139759064824493
0.17939727974158745
0.1756191944565486
0.1727548999780858
0.21902782511379984
0.15870814660081156
0.14263270648748236
0.16560197304244395
0.17757859881277438
0.18487575501893405
0.16911473183858175
0.20311481367658685
0.1634838252880231
0.1679660548214559
0.16584611398650817
0.15851225538386238
0.14920026302893852
0.1546028738634454
0.19876934509698507
0.144500646326277
0.19959678963102676
0.1753096525315885
0.1757975380729746
0.19930636668922724
0.1795369792143228
0.1807135595008731
0.17331682628503553
0.1686188001875524
0.19264467177843606
0.1650456497963104
0.1890543485760982
0.1785115696903732
0.20279694645217172
0.1788645433606925
0.1773627351934987
0.18721489454792054
0.20748069282638393
0.16133464541700152
0.17003593152319943
0.18166275336234658
0.16993294351009858
0.17303879422791027
0.21775108948349953
0.16836188416238185
0.18777156904063844
0.1995865289139113
0.18928295110041896
0.2094323481950495
0.17545136667926003
0.21393002279930645
0.19178797964317104
0.2132442124463894
0.19217851978761177
0.1549413298015241
0.18986991075453935
0.17342431422460963
0.17723620363028236
0.17005543968709255
0.1839374098840549
0.15936739097728772
0.16457724251301475
0.13950170983594876
0.15481267152009187
0.1595316398198958
0.17344239150622376
0.15587123962878077
0.1763244932172475
0.21221439514516127
0.15407456547297813
0.1755449411769708
0.16250683231434473
0.16819928124271058
0.19071073574876343
0.16458176867537852
0.15041746623831354
0.19322101592465682
0.1792717202635551
0.2386685507716956
0.1850085905580609
0.17876100219372246
0.1969971983107152
0.18267090842817668
0.16702971575971418
0.16860181934855603
0.1735946568487971
0.17094365205762355
0.18501129993496257
0.1659714105642504
0.17333291568448422
0.16531583437420153
0.2064697917688776
0.1947440413792652
0.1740346270509892
0.1769791859443541
0.16484155617999258
0.16125407839556122
0.1964867302665004
0.20937581719071777
0.15371173351175255
0.14849698465938369
0.18457558180240016
0.19253108860855853
0.1701564238993106
0.18440745425996957
0.20814191163690002
0.17998707742016348
0.1668189252830214
0.1952088952616409
0.19785694550308916
0.19898434564540232
0.20313155030210814
0.19534798383850743
0.18806922394368383
0.20134027433340196
0.19348420714959502
0.1739293688701259
0.18027824736027806
0.19946891787306717
0.1817991238915258
0.17939485285293172
0.16426242584431613
0.1644069921070089
0.19213452072883094
0.18423529883363732
0.2054488681325758
0.1849047959678703
0.20494609677957165
0.12929357590878177
0.19199820587204564
0.18232877987126508
0.19909520185104124
0.17369004345878405
0.22234661489104232
0.21576342090136474
0.1490909399257766
0.1655004001395018
0.18272181033238735
0.1507289224623323
0.1840496296408
0.18472185236815777
0.16987913429599116
0.20225074073230778
0.17301989805505233
0.16044700299217193
0.18099513525764147
0.1549038983433059
0.17595143658453943
0.19781596220477862
0.17119514360954916
0.1833743944126009
0.16427017275795894
0.13352838905390213
0.18868526919848388
0.19107075242532623
0.1551893253431276
0.19904260668489668
0.14774075833459696
0.1918563328648883
0.1935455762453515
0.2026441751944798
0.16098972454805066
0.17508397653216012
0.1815728029857079
0.20575939401708268
0.17483060048134239
0.1806118498918497
0.1877913329301885
0.18314554928629487
0.1847692873346171
0.2031469363719225
0.16658626120813466
0.17892638712052117
0.20624241826158982
0.19374891173922354
0.19352381897193413
0.16576841245922777
0.18938765229864252
0.20801417395058605
0.19278232118597738
0.16062246959794452
0.15975598763260576
0.18982105045061973
0.16044836264552065
0.1931977576955601
0.19405858970626635
0.1884521528802536
0.17996495900054774
0.176993823062663
0.2196231424394581
0.19074112468364615
0.19045175598175437
0.22004979886804465
0.21203834052990983
0.1799136340894081
0.21277434268483408
0.19431350154681476
0.19688944080499587
0.19460562809749885
0.1885632755616421
0.17640835584865677
0.1924832488099734
0.18621320512007783
0.19328609350378867
0.16543453262635954
0.16537910541174589
0.18293062445742111
0.17364606736508129
0.18692346279405886
0.211668464458651
0.17826013609603117
0.15377863220594548
0.20726566688433565
0.18861392864750492
0.13459186740564527
0.15241566410771124
0.17196045219208356
0.17438423616328724
0.1627925655770081
0.1321191029554164
0.2059665006343965
0.13707536348590144
0.18540591505114679
0.1645142712945084
0.1840476917999762
0.1706169411815979
0.16980540014251513
0.1790439316795932
0.1824364824117058
0.16597609221935272
0.18292808284362158
0.14834436374130072
0.16761619570078673
0.1652703453200283
0.2043022004611514
0.15699681412014696
0.18490702561447742
0.18337400445576618
0.18019871527536047
0.21295625978597887
0.18111560276399055
0.14446545924335993
0.20100185988229458
0.19217871472722403
0.1789912710621677
0.18930739426502474
0.17845738685206958
0.18828970697466973
0.1823590318499892
0.1748508426050345
0.16866176596118343
0.17472803420214741
0.17775036085287058
0.15817945781681272
0.182301409577054
0.16346813313214592
0.19056649209448584
0.19195986146547106
0.18589501959030275
0.1679718294428851
0.19271526223531477
0.17344917977849642
0.22167314802882848
0.184727651390454
0.194505954031936
0.20335833986151824
0.16556422233029647
0.14948485515735768
0.15533043702857363
0.18600648626064262
0.1878393151693874
0.17987576158096394
0.1587423265532211
0.1580184990954068
0.17789785350086512
0.1635885700514471
0.19772793028365682
0.1734067772825559
0.18377734337829882
0.17257862055191286
0.18621763997469787
0.18148955261696958
0.1723476518117995
0.17353066119054952
0.14491143912352897
0.18171094509738464
0.1473648094192699
0.15157759832908158
0.18766073577312958
0.1774736273067969
0.1694822450366768
0.14681259977751998
0.15693419073121967
0.16743182311593383
0.1536099214658693
0.18489467207756308
0.15792392394332974
0.1849917437777751
0.17047360298413508
0.19181176088750362
0.17287738648829637
0.18719302577449493
0.15366898366698512
0.17336281875355375
0.18660229803235442
0.16604015165594993
0.18629094486607722
0.1507431413564417
0.1693538406484381
0.1704223282566225
0.15846815808779663
0.1651157546266741
0.19227236488627064
0.16495826771413838
0.1776394942706382
0.16209805103156855
0.1765354742054586
0.181298872248994
0.17749986238777637
0.18116983046962154
0.147776548785192
0.22149979040302611
0.1389382120773748
0.20510108203247743
0.16193798226218117
0.15873237692371564
0.18123753837965154
0.19336773255081088
0.153894414707018
0.20646782533300143
0.1743668619181133
0.20059494080918808
0.17605195484227604
0.20391135223002899
0.18493641685280535
0.1875315220957553
0.17899400188104697
0.18064207783727734
0.19674977563597537
0.18801924998492556
0.19713273164988668
0.20300407059214734
0.1510208506240613
0.18158118599266918
0.18188335994879404
0.1681857838605841
0.1960862991227596
0.1678534729440731
0.2080527085259005
