-0.00013290101573888764
-0.00013025577236139388
-0.00012790263011723895
-0.00012151988522856738
-0.00011869482491251633
-0.00011692634089504955
-0.00011738745363092878
-0.00011677515619710364
-0.00011862675805955573
-0.00011849837944653161
-0.00011943769075312755
-0.00012081925686086631
-0.00012121526163321471
-0.00012149076469035613
-0.00012079338463350993
-0.00012092160560078574
-0.00012044035328371037
-0.00012062277258977431
-0.00012001560497554708
-0.00011867886415630992
-0.00011840395611081342
-0.00011735690080698717
-0.00011662962249290474
-0.00011538499853082208
-0.00011463884099309023
-0.0001129435083755568
-0.00011247073416598141
-0.00011075533257098868
-0.00010980824730790186
-0.00010975944934654292
-0.00010843027983490308
-0.00010692342173704808
-0.00010539948265499401
-0.00010451317184897898
-0.00010341619107984352
-0.0001024442457559484
-0.00010027614809115659
-9.991586368953533e-05
-9.977728930405444e-05
-9.856936257737861e-05
-9.828212825124394e-05
-9.67197058209287e-05
-9.571005459831752e-05
-9.41196062571921e-05
-9.395166853209957e-05
-9.20520019631281e-05
-9.141047808548642e-05
-9.079428478057876e-05
-8.883363787188298e-05
-8.662025895857908e-05
-8.529518742795551e-05
-8.43633614648651e-05
-8.359352742209685e-05
-8.157904219977488e-05
-8.149568209234901e-05
-8.033838875471028e-05
-7.935941216096075e-05
-7.802798979725965e-05
-7.74108961599672e-05
-7.740194834898123e-05
-7.729673315124173e-05
-7.623492112745428e-05
-7.566766456606004e-05
-7.619533506739471e-05
-7.559136079012037e-05
-7.576794774245677e-05
-7.557255540396673e-05
-7.51448948263984e-05
-7.483514572312642e-05
-7.465143479984599e-05
-7.473109656496456e-05
-7.353390564848842e-05
-7.439169308377637e-05
-7.522323613994997e-05
-7.483054031143654e-05
-7.432528191539286e-05
-7.457789507935997e-05
-7.405000872461608e-05
-7.423325668140833e-05
-7.35340880863886e-05
-7.28833652424833e-05
-7.285382081237104e-05
-7.212219632627373e-05
-7.02330631880883e-05
-6.985679081278956e-05
-6.829979436049514e-05
-6.84169259599272e-05
-6.780204124947045e-05
-6.749525426938717e-05
-6.74621087792157e-05
-6.577622870854275e-05
-6.559523710705064e-05
-6.518213060054997e-05
-6.516288569266046e-05
-6.593211717834627e-05
-6.494258128373918e-05
-6.442969256399751e-05
-6.336455515810046e-05
-6.340130736740927e-05
-6.306375602165374e-05
-6.316243767893563e-05
-6.268468887019144e-05
-6.181743972572601e-05
-6.199107695094965e-05
-6.206057204744193e-05
-6.319170050254022e-05
-6.405179468587178e-05
-6.303328997024369e-05
-6.231592151043178e-05
-6.229824497562799e-05
-6.105034427255978e-05
-6.13854116872298e-05
-6.085285699723668e-05
-6.071774354226094e-05
-5.988063047105378e-05
-6.002550085045018e-05
-6.086305263495349e-05
-6.0115853422623196e-05
-5.9181544067407095e-05
-5.866022332123032e-05
-5.892749497973084e-05
-5.885621929472244e-05
-5.821439265640004e-05
-5.805728991011468e-05
-5.783500644072235e-05
-5.698586001354097e-05
-5.6463284838375533e-05
-5.65893684257322e-05
-5.6500171383420284e-05
-5.557764368994093e-05
-5.6100245813097526e-05
-5.605781377569117e-05
-5.585181416891929e-05
-5.509662743726814e-05
-5.4793999610141056e-05
-5.462201429677575e-05
-5.4734799454713036e-05
-5.456775289968829e-05
-5.470961022419268e-05
-5.4217337256651025e-05
-5.348840999498929e-05
-5.269220707338752e-05
-5.353932323891463e-05
-5.302276245115704e-05
-5.265614581057215e-05
-5.228485800519896e-05
-5.307625609997625e-05
-5.31876150354812e-05
-5.2356653786436825e-05
-5.313689473917259e-05
-5.3222278505994904e-05
-5.358922337311217e-05
-5.510181317394772e-05
-5.472098564496264e-05
-5.51199294999673e-05
-5.687235399684006e-05
-5.672246091611063e-05
-5.5398656345291614e-05
-5.563387579362219e-05
-5.5501449592325286e-05
-5.6710267623808854e-05
-5.66439478091154e-05
-5.712446107753311e-05
-5.664243400571178e-05
-5.599862628581899e-05
-5.4911581779985376e-05
-5.511685230885632e-05
-5.4961490807020003e-05
-5.443740870018869e-05
-5.3239677880709576e-05
-5.326532576603953e-05
-5.18621919683129e-05
-5.264857733251389e-05
-5.3136996872059104e-05
-5.2207210602419866e-05
-5.2048251543763196e-05
-5.16481141622299e-05
-5.1622171870096485e-05
-5.132699098558752e-05
-5.092835716722119e-05
-5.0380401969757964e-05
-5.024993583059835e-05
-5.004546484862523e-05
-5.115123861253744e-05
-5.154071617720614e-05
-5.193044557085226e-05
-5.180317007384642e-05
-5.240352564012735e-05
-5.180379338088204e-05
-5.1485277557124696e-05
-5.054911889601499e-05
-5.0290390020193253e-05
-4.980715513940797e-05
-4.899001942249015e-05
-4.931694517532984e-05
-4.928249418972647e-05
-4.7513543837272596e-05
-4.710623007095246e-05
-4.585425442740045e-05
-4.62474847693186e-05
-4.624255032265662e-05
-4.6827450542305426e-05
-4.6287861483438906e-05
-4.642526740402294e-05
-4.6382371456948694e-05
-4.6097118212384417e-05
-4.543516007726322e-05
-4.495724782895262e-05
-4.562069403214587e-05
-4.624420816307301e-05
-4.56342515665003e-05
-4.6143209113291016e-05
-4.681787147462644e-05
-4.652239348851489e-05
-4.5686981643989886e-05
-4.656344646247345e-05
-4.572300437117789e-05
-4.6479897045409654e-05
-4.676713258420393e-05
-4.636943372639103e-05
-4.715017698968209e-05
-4.653616108246044e-05
-4.543765061060657e-05
-4.561209398498586e-05
-4.5975249425585694e-05
-4.5652151904370704e-05
-4.592546341613073e-05
-4.570491108569075e-05
-4.512490650759665e-05
-4.5636374125024304e-05
-4.396913680937831e-05
-4.2703991008844845e-05
-4.3272003461391216e-05
-4.3431036896503496e-05
-4.342311647768064e-05
-4.328497447271797e-05
-4.3518112997170884e-05
-4.4104210111847215e-05
-4.39934655905408e-05
-4.501057574762618e-05
-4.514232824914399e-05
-4.44249453721568e-05
-4.445758424009438e-05
-4.436743350837518e-05
-4.3982857783299143e-05
-4.4188866013428196e-05
-4.356382945574027e-05
-4.328773354279326e-05
-4.2017872786985846e-05
-4.1861249445463286e-05
-4.0423864750967674e-05
-4.0803579193177735e-05
-4.044064014494695e-05
-4.1353935726133556e-05
-4.0485630624634384e-05
-3.968482390822222e-05
-3.938564313338483e-05
-3.992181478275193e-05
-4.0139145615588255e-05
-3.947401327658789e-05
-3.9362645178765956e-05
-3.965389017442552e-05
-3.997143910425991e-05
-4.064213970667441e-05
-4.017105068972645e-05
-4.030044712837682e-05
-4.012842543522345e-05
-4.021383035621882e-05
-4.002735901546354e-05
-4.042440586663024e-05
-4.044282441437072e-05
-4.056226707352498e-05
-4.0948523949029753e-05
-4.008033943979104e-05
-4.066404882771032e-05
-3.980466634082539e-05
-3.99380409766713e-05
-3.912428750212442e-05
-3.868242573743272e-05
-3.806118911597878e-05
-3.799085809280061e-05
-3.718490646591548e-05
-3.7866656283666896e-05
-3.678619827109354e-05
-3.69054811286602e-05
-3.619729870007615e-05
-3.651204773362864e-05
-3.694473141674987e-05
-3.692002778903029e-05
-3.756540401674876e-05
-3.7232303266473876e-05
-3.8276440776556866e-05
-3.8096323502638065e-05
-3.87728885268896e-05
-3.9645265469853596e-05
-3.986737889742168e-05
-3.9795972918876e-05
-4.0094562185307346e-05
-4.054639807522849e-05
-4.1315870206475394e-05
-4.0457002965181515e-05
-3.9983205944601514e-05
-3.977100075442447e-05
-3.898844173548881e-05
-3.865476012126439e-05
-3.792477959736802e-05
-3.848240710255966e-05
-3.7757377194119964e-05
-3.707122946421064e-05
-3.6248375922527715e-05
-3.617624019238132e-05
-3.58066389270351e-05
-3.6340154851873025e-05
-3.695506395026179e-05
-3.7153865613853906e-05
-3.6478328385985354e-05
-3.6476931806343295e-05
-3.5843115188914385e-05
-3.6249542635805144e-05
-3.6711465024078883e-05
-3.659780297850914e-05
-3.68939076401552e-05
-3.785729522523643e-05
-3.773196348683322e-05
-3.762760280989352e-05
-3.670866189403804e-05
-3.7110414403421736e-05
-3.709546931700229e-05
-3.7611292268761814e-05
-3.751787005091535e-05
-3.6888306500191834e-05
-3.7099962355569005e-05
-3.673764513223432e-05
-3.5221681847124945e-05
-3.5238418031777085e-05
-3.547019231417734e-05
-3.4773028784440144e-05
-3.4910464347814454e-05
-3.4646720046617295e-05
-3.48627188402504e-05
-3.4811365400889406e-05
-3.4966866089100086e-05
-3.5953684817758144e-05
-3.6042202770692745e-05
-3.6379434109053194e-05
-3.690447084847148e-05
-3.700937385373335e-05
-3.716513081734e-05
-3.6923266937568165e-05
-3.710084382435997e-05
-3.7579615039888905e-05
-3.7329394992277094e-05
-3.858757069489608e-05
-3.9504735738133876e-05
-3.895811716103236e-05
-3.8288820009997665e-05
-3.8931600202987385e-05
-3.7156502879009133e-05
-3.661671063228924e-05
-3.602846064259885e-05
-3.651260973398436e-05
-3.751735628746381e-05
-3.662909768064748e-05
-3.6165751225780696e-05
-3.627819374001033e-05
-3.60322981712805e-05
-3.701581253726208e-05
-3.5502919571525934e-05
-3.590921888071871e-05
-3.526735721000781e-05
-3.573180624193305e-05
-3.5297389533500085e-05
-3.492021170569825e-05
-3.63298244742004e-05
-3.622326403274201e-05
-3.64017576901932e-05
-3.630044375313446e-05
-3.571815816232831e-05
-3.659597415308882e-05
-3.5746010123855536e-05
-3.522194162575977e-05
-3.550711685588963e-05
-3.5610491640572606e-05
-3.60151724534161e-05
-3.539747383372203e-05
-3.601117040724838e-05
-3.6295270547270775e-05
-3.5179814909093286e-05
-3.510312901063891e-05
-3.3900908251612067e-05
-3.3388026673088054e-05
-3.3472008874889946e-05
-3.341001933289657e-05
-3.250613479866405e-05
-3.356060942341746e-05
-3.316931030928606e-05
-3.340914082838464e-05
-3.2959984377224896e-05
-3.343675376123024e-05
-3.410130294570182e-05
-3.3337319716035076e-05
-3.368027440349882e-05
-3.387287102264559e-05
-3.382906679352918e-05
-3.363257497699966e-05
-3.3734035915350195e-05
-3.3526221630853356e-05
-3.309431364565777e-05
-3.2691294715429344e-05
-3.192926548460188e-05
-3.2000030909397605e-05
-3.101121533459432e-05
-3.153846005766859e-05
-3.145713479305549e-05
-3.093522954495037e-05
-2.9652519111146426e-05
-2.9554411782926224e-05
-2.95702954678779e-05
-3.034629595209413e-05
-2.899521408565946e-05
-2.966267816696523e-05
-2.8638064004890447e-05
-2.9765331419184804e-05
-2.9419471334053754e-05
-2.9296385980193952e-05
-2.9509512320078943e-05
-2.966656042931222e-05
-3.0124914566706003e-05
-3.0153825180066093e-05
-2.97495182706e-05
-2.9506107576135373e-05
-3.078813730368253e-05
-3.0048206234048984e-05
-3.0570274584870616e-05
-3.074454576158637e-05
-3.026786099427328e-05
-3.069539606157276e-05
-3.072092106406301e-05
-3.020862493064703e-05
-3.0007608815881043e-05
-3.017070964603961e-05
-3.0825613268664005e-05
-3.044423970600797e-05
-3.0424472074459858e-05
-3.0685378954297414e-05
-2.940277644719808e-05
-2.875323143261657e-05
-2.885777825280524e-05
-2.912425164443751e-05
-2.8033289237538594e-05
-2.771764553067947e-05
-2.8310573354785987e-05
-2.831345315186169e-05
-2.862585333113438e-05
-2.9146588160613276e-05
-2.920736881572305e-05
-2.9650209196713855e-05
-2.9689756519036126e-05
-2.970289016148955e-05
-3.017768149557351e-05
-3.0026521657149447e-05
-3.080490474800441e-05
-3.0134017126531238e-05
-3.095952976124223e-05
-3.115470139568465e-05
-3.1146953578745185e-05
-3.157856122857926e-05
-3.10526335885731e-05
-3.091606965797298e-05
-3.0985442680065275e-05
-3.069234885010196e-05
-2.978751547710056e-05
-2.9695932863870877e-05
-3.0019124837794892e-05
-2.985955823667744e-05
-3.064324765647244e-05
-2.998034418582123e-05
-2.97608901881311e-05
-2.903644693745904e-05
-2.9198551096164414e-05
-2.8693979806525425e-05
-2.880088127481199e-05
-2.8458981062242486e-05
-2.8291913150934744e-05
-2.793867854591183e-05
-2.7355191478919653e-05
-2.84810350287309e-05
-2.838663203874603e-05
-2.8915624136937334e-05
-2.9406044362716516e-05
-2.96110564603522e-05
-2.917051925679617e-05
-2.9682290241234348e-05
-3.012660070251311e-05
-3.0167206946148156e-05
-3.0231247162899104e-05
-3.1458513721763326e-05
-3.09975757436068e-05
-3.0613452071082534e-05
-3.0469817863410787e-05
-2.979828355751966e-05
-2.9492519792660863e-05
-2.8344485515306048e-05
-2.8453506173617723e-05
-2.874150892172043e-05
-2.8960783580529364e-05
-2.877801341162046e-05
-2.8244330207127388e-05
-2.942384263507039e-05
-2.957807218653788e-05
-2.9808252495260807e-05
-2.896815042024375e-05
-2.8245336175637527e-05
-2.852783392073535e-05
-2.8161892462069067e-05
-2.843614459346066e-05
-3.0115468015773565e-05
-2.9441000218934346e-05
-2.9713459433103844e-05
-2.991656758779384e-05
-2.9530650998047485e-05
-2.817951759357971e-05
-2.8214682161989105e-05
-2.8473120807946004e-05
-2.9050587491602294e-05
-2.888752917189979e-05
-2.855444492726949e-05
-2.805716717880892e-05
-2.777089496332876e-05
-2.686578719240734e-05
-2.7439240242259716e-05
-2.681883712217246e-05
-2.6121366587445932e-05
-2.5740898612032954e-05
-2.6763296436574483e-05
-2.6529725262123435e-05
-2.6345481846537614e-05
-2.6643623372095776e-05
-2.603303221770114e-05
-2.5737676508099497e-05
-2.5014834304952443e-05
-2.4210995872164386e-05
-2.5419719248828995e-05
-2.6130431217973603e-05
-2.6608535672831176e-05
-2.7092098847518814e-05
-2.7198222933630286e-05
-2.7241011088739873e-05
-2.771285330204086e-05
-2.814187684163227e-05
-2.7433946983095398e-05
-2.7354084253332717e-05
-2.8814211368121e-05
-3.0089016878197004e-05
-2.9467674485877744e-05
-2.9693017023856993e-05
-2.9762743064633537e-05
-3.0075302843383894e-05
-3.0491330714236636e-05
-3.0151344752219438e-05
-3.021604795692299e-05
-2.9537922105023257e-05
-2.957831357316873e-05
-2.835768120550913e-05
-2.8425624973520086e-05
-2.946541011355024e-05
-2.8359717597831384e-05
-2.9182397594451214e-05
-2.9098419030628133e-05
-2.8542879792641746e-05
-2.8861756045780903e-05
-2.8922607371997503e-05
-2.826629618842465e-05
-2.864485644817318e-05
-2.880688212085429e-05
-2.8574480219739833e-05
-2.8783497866782084e-05
-2.902882375497871e-05
-2.88072864754617e-05
-2.8797023602506938e-05
-2.866403472715454e-05
-2.8195970554844718e-05
-2.8069509021911977e-05
-2.876533135012896e-05
-2.8416922456623677e-05
-2.9112179752835936e-05
-2.8087217557455274e-05
-2.8482497698321283e-05
-2.855718782855008e-05
-2.8051338328320224e-05
-2.85668018612476e-05
-2.849414172319316e-05
-2.7905777271910295e-05
-2.8225884980875655e-05
-2.804801678629937e-05
-2.8298308515567676e-05
-2.77920839666708e-05
-2.742439223597844e-05
-2.7998475127754284e-05
-2.8058431039594495e-05
