1.5689917213776532
0.6345498971202794
0.5319635833887493
0.4398006777114728
0.3757385628188358
0.3256823527900612
0.28265091757125715
0.24499315803541857
0.20528531834921415
0.17823314215330516
0.15146476966602837
0.13861757171723774
0.12072145142318572
0.10834126683938153
0.10218780923306066
0.09092674597221262
0.0873817578122458
0.07727543773567852
0.07482081141651553
0.07378507928977555
0.0712638053276083
0.06678143025321119
0.06475690911688349
0.06319909270524102
0.06104755210142364
0.05835398502976579
0.05754186513231081
0.057822890108560815
0.05782572259742986
0.05325362523195937
0.05537012622910826
0.05361134574803359
0.052931989975931015
0.0546467809307882
0.05537996845429435
0.05497355702168801
0.05387278576107586
0.052411109356976605
0.05188841239877922
0.05472369858282892
0.0549955748980317
0.05422638816046802
0.05235211260835914
0.052295567029539275
0.05051288298221634
0.05303031062597738
0.05310141370248268
0.05187535059419187
0.05042632339686594
0.04990285472286975
0.05041866764590582
0.04804495905580766
0.04867453789612388
0.04835148283609134
0.04676015435663216
0.04514331099412897
0.045669479197000755
0.045612505598760705
0.04757501981768976
0.04865068300517605
0.04846954728641054
0.04723599754438242
0.04887447175295914
0.04990902632091414
0.04995383935816148
0.05219979176900404
0.05055077434243525
0.05101401408695999
0.05278284323456533
0.05185831237091299
0.051419364732197104
0.05185724901144995
0.04990827175514663
0.04809000846546362
0.05017690857160179
0.04724808469798197
0.04789434635792585
0.04964114399626851
0.04871235638309051
0.04799685783355551
0.04777122871018946
0.049419506532414
0.04642946698757656
0.04922117120038499
0.04984782000127084
0.0475853111841442
0.05062861601164674
0.0495325748452588
0.053100808611249224
0.04885841938119163
0.04928710475180517
0.04988623951178263
0.05015421328134835
0.0520311669610879
0.05044746984289411
0.05221328667419798
0.05247575084076208
0.049702667025849225
0.05092900858863312
0.04969839605721919
0.04892664510373245
0.04740995308932136
0.04932311544304385
0.04787846616304973
0.049554733296527584
0.05013463469222188
0.05020474866580437
0.04888906066360719
0.04905202821828425
0.049794323523254955
0.04944878192070652
0.0493041372830596
0.04954753306639545
0.047745449342490996
0.050039716484025124
0.04812859197366325
0.05072384275057736
0.046858992274193205
0.04856693808208493
0.05007372679572333
0.047758344278725634
0.04765841522637536
0.04831372994436499
0.04946147996165297
0.04684381641666679
0.04779914875569589
0.04881211675648742
0.04779793423436144
0.050494603903087625
0.04785434736541527
0.04935647448086563
0.049563402975635495
0.05024809807210284
0.049867866777212305
0.04948361662819105
0.05286254674634513
0.049093010594301364
0.04949184585198322
0.05036857832661446
0.04861295873792294
0.04913929244777297
0.04914205365759485
0.04812639010522295
0.050109104365658234
0.051030990073238226
0.048724624405012414
0.05003357725765775
0.04892812754465815
0.050874123144347
0.05095318007721182
0.049582812737892654
0.0499516992665389
0.050671342311098294
0.04975122473586131
0.04908570824190974
0.049487827036201075
0.050519413166843795
0.051105273972429775
0.0502327576663126
0.05216724441715461
0.05078504671726157
0.05136727019048789
0.05012606694636976
0.04992360637578017
0.04873783568139462
0.05085436820929103
0.04739215617232463
0.048538922228138236
0.04941201853182386
0.048557047847220126
0.04866875831092544
0.048016984766239626
0.04727868148235276
0.04753136502250153
0.04776219347601428
0.0471396263469668
0.0489560149363516
0.04722082978388404
0.050478851214489515
0.04880473467466586
0.04820817094296217
0.048344921882209534
0.048134577057926974
0.04871885175816715
0.04819999091491541
0.048798259235370685
0.048787020141368403
0.04741736114408602
0.04942292197990943
0.050494613268357864
0.04814380146289135
0.04803818047649282
0.050005251240423494
0.04946364133673556
0.04741478395264815
0.04912784193258952
0.04967414800022893
0.05033082258887589
0.050745830731466414
0.0505538625861792
0.047878656632212156
0.04935459240668399
0.0491445154280347
0.04953173495116917
0.04807795112788239
0.04867829368175829
0.04748851240831701
0.04966808960718267
0.04938189620426034
0.048637664375607584
0.04997612302575041
0.050032975899932136
0.048466894964632745
0.04930075582883814
0.04956233260933967
0.04866649043362807
0.050634380232761886
0.04887416759122382
0.048755958747556984
0.04748619269744
0.04993181687724941
0.04943081020268009
0.048729239174110046
0.049721619363545494
0.05004806389813037
0.04910767438054523
0.05009360134272891
0.04956947381279486
0.04917386212276623
0.04849358252797495
0.05023697900366696
0.04935467858415316
0.04976690159562756
0.047653323540683176
0.049881182780818024
0.04954822658670738
0.0511728334131048
0.048975536755888775
0.04929940598359441
0.04983772313605775
0.048741189108284955
0.046793929846299924
0.04829957507934202
0.04972993972820833
0.04989518185474855
0.04867117372067536
0.04884267131907537
0.049674577879555086
0.049905203934758904
0.04843597447170931
0.04960430061499424
0.04741790118517683
0.04939908684395692
0.050004129451425634
0.04743915814358522
0.048961791037307946
0.05073787602322066
0.04790090610930586
0.04906365974422763
0.0502455364803181
0.04716401307514923
0.05021766822182518
0.048999909390969314
0.04956464778960628
0.05030048948110027
0.04849724990096601
0.04821308442281888
0.04800438381293241
0.05018808729672695
0.04949256374555475
0.05032360464991892
0.04971147132489611
0.0508645767784294
0.05031898622948895
0.04984551027198048
0.05024777100804974
0.048129266086856234
0.049934631733990764
0.04865457860424238
0.04950202274519731
0.04938613515730728
0.04859246385338552
0.04907548139145707
0.049062007627285575
0.04873190550681423
0.050537117140586764
0.05011698092224405
0.05044373628573821
0.0508195960209431
0.049073290545493364
0.048507897103862725
0.05196142018608311
0.04838193742120091
0.05074948637253222
0.05123608076999731
0.04897334724938607
0.04963644554783755
0.047965051858302424
0.050674069530385384
0.048300906100913005
0.04896017727716004
0.04890095367753769
0.04685567622072995
0.049570287320324605
0.04908287692267228
0.05008167410543298
0.050979355139219584
0.05015635791453807
0.05090365074574947
0.049407133087515834
0.04907118235166897
0.049563147385111625
0.050163049850722445
0.05059358919970691
0.049793935605489156
0.049417375606101224
0.04930204078829026
0.050125067220891224
0.05006993250537883
0.048366058839704185
0.05019260744071182
0.04862110940739513
0.048438345082104206
0.047298879715997506
0.048933969218941296
0.04889892911648049
0.04719468060168711
0.04785327870015274
0.047978951313587676
0.04808660301872913
0.04794100301668924
0.0497306791079395
0.04849280384095276
0.04742752079687575
0.04922465596567182
0.04820072532302755
0.04952786024385954
0.04888853882165516
0.04905228843255078
0.051569309326655724
0.048235352868762085
0.048459273467169085
0.048848960006280855
0.04944557029863491
0.04912938648999175
0.05129347905954894
0.0480789329363581
0.049781663321396885
0.047381870571852606
0.048738034822813726
0.049658524855861766
0.04800439910031855
0.04801236824132502
0.04821363108451752
0.0496481718002435
0.04840603527777335
0.04788812501629924
0.04837494593880633
0.0482335068833302
0.05074095611789209
0.04840991540318903
0.04908383533851627
0.0485403521808193
0.049440231727545754
0.04915943994625088
0.04932259633205831
0.048560895236647306
0.04901808429618969
0.04930231815532726
0.04751867229283294
0.04816499711836086
0.04780774049406104
0.049327545640442304
0.05096937641501427
0.04808044240755193
0.04831240092239836
0.048168189990717696
0.04974869364489089
0.048798522421651905
0.049466580409994895
0.0506181879873004
0.04682772066718077
0.051500582443002395
0.048308491720544064
0.050266287996269324
0.049649399242309086
0.049644633790697244
0.04902636243906968
0.04978627465555773
0.04979792295352501
0.04996406852596385
0.050337715110029366
0.04960628627689884
0.04954745672533617
0.049482446876080596
0.051094207011491935
0.04871700572069077
0.05153704693486147
0.049764305843478615
0.050675755322856064
0.050337955333730755
0.05156968360602417
0.049358039343839186
0.049510044851066436
0.04936749752994408
0.049486850360956264
0.048011011411161986
0.04925527650150744
0.05078539663158795
0.0500778186491088
0.047970728600835975
0.04949054426568396
0.04949009655700887
0.049560892642201745
0.04773481423583101
0.04786355692674132
0.0501561067012303
0.0487661494544762
0.04764891475822557
0.04873893556239851
0.04807891775580014
0.050298538658877505
0.04959973179570892
0.04950616475578178
0.04885216723744045
0.048895178340813694
0.050019529376945954
0.04932872435242376
0.049398987428011264
0.050130880265222756
0.04965038521434454
0.049968539134544486
0.04910039462368278
0.05217626185211189
0.0497781001332709
0.051674097546321504
0.04866824462078512
0.05033445461269687
0.0505711450953694
0.04948402796050205
0.05086744684342514
0.050429490635938504
0.05037106611930272
0.04975294308627353
0.048081206467331335
0.0501175124252982
0.04995847873061019
0.049299360650098496
0.0487425671726027
0.050173006661455424
0.047516635501318995
0.04975075508358286
0.049095921234830336
0.04984657721977462
0.04971518477370195
0.04883378608809674
0.04981243759393692
0.04898908160188619
0.05011601797031129
0.04931851856903557
0.04884925245800439
0.04882740419467582
0.048916844245703785
0.04946951663450283
0.049170311178792926
0.04782876584350186
0.05370835238958106
0.04930509893661913
0.05021584985558601
0.050245670103194084
0.051010024213396454
0.0478086883229587
0.052217892403988275
0.049216287955641744
0.048411290470839426
0.05236199637327124
0.050843576169298854
0.0505523247342995
0.051929431871565825
0.049685039623256995
0.050622093332383565
0.0494711294222404
0.048862336866338466
0.04843046982936999
0.04939652439754676
0.05035518145955661
0.04927383365438265
0.04968640363556059
0.04948996226851116
0.04848315330934437
0.048537248786648404
0.04727080525994739
0.04829910484635654
0.048618395695024554
0.05033128623138456
0.049496805884272736
0.04909879892845364
0.050470416839508446
0.0487023688852787
0.04962363113813541
0.047162232695914366
0.04814869903356713
0.04997657209853915
0.049367786741212887
0.049019125865443665
0.05027481459409875
0.05258275874178199
0.04695839860257419
0.05092123932588626
0.05084390882676577
0.049820950484889395
0.050287559269653524
0.05038620188065311
0.05014452607206562
0.04969664707725101
0.050914037649464956
0.050357269802514246
0.04935942780336036
0.05020915539113476
0.049801655949148184
0.050184122259345126
0.048890607513706476
0.04931539437624023
0.049629552645937484
0.04881844138178755
0.049849547845694946
0.05206624417949249
0.048931995981975514
0.049107962854973534
0.04991035951465807
0.050204644560375634
0.04991353595464983
0.04868279700167477
0.04971622509388801
0.04819629795246703
0.05018855176099083
0.04700137583867592
0.05193628904354923
0.04918443702490014
0.049849612893098416
0.05074171007282156
0.05051264428424046
0.048916745840517036
0.047492247387109436
0.049224391683716985
0.04942915393587421
0.0484780260033029
0.04943353354054339
0.05071505654658027
0.04900660175994477
0.049374406834078184
0.048823180728975464
0.050234451706466426
0.04934355226509711
0.04939695883213597
0.04972578607883085
0.04810964379952672
0.04962355321382775
0.047828918728320034
0.049540248461177244
0.04906251924660276
0.04884791737422347
0.0485815515714314
0.048931103051804446
0.04861523903194157
0.049237320955623595
0.049407716678893744
0.050058644297806654
0.049705304249244575
0.047283413485788246
0.04745112188598689
0.05002310642534319
0.049617111187099536
0.04828348159516121
0.048573927093735515
0.05023508364170352
0.04779693831634872
0.048660935910747334
0.04875459594049436
0.04818949329885928
0.051072674540474136
0.05104419882683193
0.049326205396038644
0.049769714666420925
0.05188249413143186
0.04796575298806762
0.04833085273173364
0.05034771827323472
0.049236870595418356
0.05020184416104766
0.047073656035696756
0.04905439444598468
0.04928047231069821
0.04903787157827002
0.04784212981022018
0.04818756952881813
0.0502445401295143
0.048265842066201214
0.04840381075354183
0.048587313346455205
