1.5851187728783664
0.6505368004826938
0.5478277314235183
0.45556498380268323
0.3911781126523719
0.34114618292626214
0.29762153629870974
0.2602618795545662
0.2206908941049786
0.19320441081243403
0.16635449968059274
0.15376794075812486
0.13518656911876273
0.12319448958424961
0.11645231689052547
0.10508086957475718
0.10172684365773903
0.09217851322472972
0.08967387755401432
0.0882243027417537
0.08545327200280393
0.0813151045510655
0.07895131535170709
0.07741423196378439
0.07545753785080331
0.07235428203883416
0.07178025051458355
0.07190258132622522
0.0716411874985651
0.06750462625230498
0.06932512659250814
0.06763392864616917
0.06677023554220796
0.0684715968228
0.06900847796898554
0.06858194316463435
0.06759368289152488
0.06593727317967397
0.06555579609840231
0.06820331378565991
0.06865296408068389
0.06778516144875218
0.06599201741902268
0.06575486718074364
0.06392859497710186
0.06663792797857347
0.0664784992017838
0.06527453987064827
0.0638118765590822
0.06300189037642935
0.06387744766714819
0.06119579426423811
0.061954203445245236
0.061741659442401106
0.060239848001476595
0.058487038048641644
0.05912044129389174
0.05910274320391609
0.061068696731372794
0.06212183564408299
0.06189189612427178
0.06071153332150596
0.06255430891452467
0.06326385047834586
0.06316167464041535
0.06573431414880734
0.06426395203315598
0.06455097930944141
0.06639007741366239
0.06557794402024764
0.06496625446495326
0.0657113281188204
0.0635409659719752
0.061701742135097874
0.0637595520765685
0.06098954754005022
0.06156003491076476
0.06339255746673135
0.06263069810126634
0.061858529394821206
0.06157872390604633
0.0633546746801585
0.06012855050674475
0.0631093235083801
0.06353180275901275
0.061515112963559875
0.06446635979775558
0.06321358102757264
0.0672213673208128
0.06272985955755062
0.06322232193094404
0.06382848255007582
0.06413887294885867
0.06620896798832451
0.06438916388296467
0.0663349072996746
0.06665427843930528
0.06410355762688115
0.06515147961566553
0.06391014681635972
0.06294730598627425
0.06175814319730682
0.06335306171437396
0.062199054206447564
0.06363474613000804
0.06415531582966008
0.06445091345676165
0.06304286327760886
0.06318470494383398
0.06381775523700259
0.06346041127929793
0.06344693030833322
0.06345543617053943
0.06189251141622663
0.06436397577909862
0.06212192369515405
0.06509216607630472
0.060984196519369586
0.06251397824791424
0.063973591999863
0.062035531413686625
0.06167139988118673
0.06253413647303686
0.063760591049076
0.061377418301451735
0.06230828313923934
0.06299171162878765
0.06190170118420878
0.0646913209464401
0.062123388651868
0.06365514325032777
0.06398635416236871
0.06456585254739312
0.06409833249225116
0.06363251022446681
0.0671038002378362
0.06337595449157936
0.0636031049385886
0.06445799163843999
0.06273989225463832
0.06328127800541765
0.06324677979025771
0.062330356344361515
0.06425895846503622
0.06515769614591538
0.06308628864148084
0.06422548075480496
0.06276950421469177
0.06517490730347002
0.0651197105372215
0.06407814245561466
0.06420764821471975
0.06510491358006702
0.06400422771351741
0.06360325468156268
0.06383103947976933
0.06493258546928272
0.06538504875703331
0.06442015903782757
0.06647397927008569
0.06491243039970013
0.06585611416410436
0.06418191937537973
0.06408806484439136
0.06303789321853615
0.06502957399523653
0.06207661741851445
0.06297306778895505
0.0637700438444667
0.06281731866217931
0.06273659369360436
0.062473308103268635
0.06168992506504497
0.061870151775998666
0.061975244840826185
0.06136282615034896
0.06325976716299705
0.06137966980390689
0.06469421372748911
0.06312844541252535
0.06241228330113432
0.06267912051750019
0.06228987332159544
0.06298415989697198
0.06246292350320693
0.06278977961936856
0.06292831960736829
0.06189729283180307
0.06372672012623619
0.0645719878238571
0.06222986983107951
0.06222380337524502
0.06426543935256845
0.0635500674820779
0.06143159783335731
0.0632868627223241
0.06377959010492572
0.06448376676999032
0.06478360524017583
0.0646435252034708
0.06195792723173166
0.06329820083235116
0.06279357634621727
0.06333425226073493
0.06230793103082653
0.06289714162155767
0.061654055019950166
0.06348164411645163
0.06357734514783848
0.06272459428428727
0.06400285206515999
0.06431971662951742
0.06277409923701163
0.06344517043189091
0.06381747082341463
0.06286150364424375
0.06483383075991536
0.06291160070446923
0.06290972185704638
0.061367741602418174
0.06425915918422534
0.06352220733430894
0.06286941717433579
0.0639294178581194
0.06424225000664592
0.06316362777998781
0.06411237288814257
0.0637008567861117
0.06311746836256454
0.062533552048947
0.06428528865525389
0.06351798842113246
0.06395355174044037
0.061658054973710984
0.06397549086798202
0.06362162188161165
0.06525827759109876
0.06310421858010266
0.0634708841002601
0.06397449438021902
0.06313207793761702
0.06080645489068154
0.062459322914262025
0.0638923899626688
0.0641610400422531
0.06310734546962468
0.06315243462347152
0.06373671943951836
0.06413034056587254
0.06288294325418332
0.063939786203863
0.0618475776987479
0.06358382808701957
0.06425440875429879
0.0618444515611319
0.06319117886836038
0.06491412894307252
0.06219095993677483
0.06324983839055194
0.06464621671201552
0.06139683591147118
0.06445295606356333
0.06293925838271046
0.06394739187021246
0.06469142121975036
0.06281713536009192
0.06255930651335374
0.062409303830388715
0.064476301805938
0.06361767620889142
0.06465771649416317
0.06377184525241747
0.06529943471473149
0.06450258200604687
0.06392733935978921
0.06439659272265785
0.06233396496733322
0.06392878094852408
0.06272094783455352
0.06362149909357814
0.06347312225467142
0.06275994205189979
0.06313747335225343
0.06337061148164246
0.0631441620630486
0.06462209864300401
0.06428704749217586
0.06453943473889548
0.06501255828394172
0.06331990674028502
0.06270374538486495
0.06622381480684614
0.0623773312634405
0.06488084243610501
0.06510282293893396
0.06315160908270627
0.0636986334068591
0.06184643547269789
0.06484148253358024
0.06246962518951691
0.06322689116110697
0.06295336031437139
0.061116990826421365
0.06388133590328782
0.06313662109348704
0.06431245555115096
0.06530932304723298
0.06431929536766427
0.0650175765321097
0.06350276996655499
0.06340998756726655
0.06343953623162472
0.06421638834016288
0.06446686113143668
0.06381355215767946
0.06373291431980975
0.06320976859013386
0.06415322156869532
0.06394566002247089
0.062202040533370834
0.06435488722396686
0.06266579351607053
0.06238892315612996
0.06121102653936866
0.06271050353945397
0.06297482882681138
0.061034272334483615
0.061866208398714664
0.06204619381905479
0.062081418668522556
0.062234002485980884
0.06379225324455867
0.06253139461828944
0.061658379545106605
0.06339336469605127
0.06210872547372299
0.06349302772706485
0.06294754799455404
0.06310684086535784
0.06604227391071618
0.06257106880520416
0.06257032822981914
0.06312476406147813
0.06368339441387968
0.06331716682761908
0.06535397032823632
0.062056657658232484
0.06379376975819469
0.06146493341554614
0.06283079996869406
0.06373425995766678
0.06201936514253783
0.06217994426157983
0.06205135886968278
0.06360449515118757
0.06253009483848206
0.06186679100124713
0.06232311456902501
0.06252493559766342
0.06472335100338301
0.06270371914896018
0.06312692567213055
0.06250402309575721
0.06334557005971232
0.06305441257050809
0.06323261542848366
0.06287571730311303
0.06313170229139574
0.06326039704658529
0.06148043527021347
0.06213331549866673
0.06218790672993397
0.06326346300980625
0.06485992153723012
0.062314035006634454
0.06225734174059813
0.06237449436174596
0.06396703577107367
0.0630114044281928
0.06369968232671347
0.06466609023182708
0.060930686842595394
0.06592474658425679
0.06247918918619261
0.06416432633448173
0.06373828744022723
0.06364087967804688
0.0634145494125893
0.06394448816940626
0.06381712405504111
0.06399974265574095
0.06439484416178483
0.06372672009336598
0.06351071638876901
0.06363351151949781
0.06519922691753463
0.06268695307320313
0.06561112349633785
0.06386604849523043
0.06493559480261277
0.06444686407168561
0.06590439429890145
0.0637199249392485
0.06367371882695486
0.06358670394538957
0.06365771610837649
0.06233662298113546
0.06343964703709763
0.06479762517025366
0.06427971671664101
0.06230527983211419
0.0635982813916224
0.06371391879613786
0.06377370135365602
0.062057886580827046
0.06197674050242366
0.06447292549590415
0.06303599636234782
0.06191077658303958
0.062791283354711
0.06241186520577792
0.06451539869201095
0.06368136259261518
0.06384548931656515
0.063122026378508
0.06307960582677932
0.06393564627231921
0.06360165220411385
0.06361928642727435
0.06436988373067887
0.06359752449891803
0.06403846388463588
0.06325991843717502
0.06637297735056456
0.06391229266574716
0.06583137303481207
0.06282018893809223
0.06460578915772631
0.06472432551193325
0.06352841628112775
0.0649549581357004
0.06462707654573023
0.06444854933412417
0.06371985694722218
0.06199810300844119
0.06410813965451191
0.06428776145638788
0.06327293626416255
0.06265421586165972
0.06433749732917503
0.06167553668047356
0.06402538839371547
0.06323591059019022
0.06408204582848531
0.06374122560133828
0.06325612963615533
0.06422783665715114
0.0634505922522615
0.06436420207130997
0.06400318309555159
0.06300001744016567
0.06312201980720548
0.06303784359821721
0.06373978145968388
0.06323549143750878
0.06217898258610683
0.06801636370501536
0.063391612708459
0.06441433517508866
0.06429027784889674
0.0653979875448653
0.0622582967776586
0.06659609512289
0.06357976973522454
0.06285166935173465
0.0666081296882647
0.06528253083062523
0.06474005776895758
0.06629658993881415
0.06393888511092347
0.06515444072155173
0.06435700517476481
0.063119313359151
0.06259433521396097
0.06375150879406753
0.06452722248265191
0.0632797093842836
0.06388803634189946
0.0635783597087378
0.06295295219923205
0.06292715551167288
0.061490296167047584
0.06237449678455425
0.0629366730887662
0.0648049189353033
0.06371358185458709
0.06318113084553796
0.06456140297300675
0.06287197399172274
0.06383586408679977
0.06133089016794282
0.06227023987072137
0.06415408970240284
0.0634999680415015
0.06330451593624757
0.06422714431605794
0.06695870410322266
0.06108938103596515
0.0652449493693626
0.06493792013703462
0.06384022109320059
0.0645642527981716
0.06463551579098052
0.0644273897537085
0.06378418982631581
0.06522575845695375
0.06449124054051936
0.06377852279966807
0.06453810085761635
0.06406817276797751
0.06438067409155124
0.0632325635976432
0.06345229073948062
0.06356767436544246
0.06300688790540923
0.06402087037122864
0.06646081753732527
0.06324877086478997
0.0633787735748817
0.06457204659031156
0.06413272720597246
0.06414091679103234
0.06275414996780455
0.06393456159652594
0.0623569491209791
0.06429932269760791
0.061391772581812214
0.06624873344622115
0.06360324084320489
0.06391075666829506
0.06500718828345485
0.06471864451818607
0.06316987727494801
0.06171827756334096
0.06354903767898898
0.06350375037530766
0.06267402075669344
0.06392299687243341
0.06504246120560257
0.06333962530171608
0.06362918586853672
0.06315340406590086
0.06450686832780347
0.06373465601080919
0.06346064416335567
0.06424264237010742
0.06237309233915499
0.06391233929213794
0.061952379654052064
0.06365121947601438
0.06339554377174114
0.06334749161649277
0.06299304349128815
0.06342047311310821
0.06306367680046926
0.06377841597970794
0.06363450575702112
0.06433732183239259
0.06406427230138112
0.06165324516923112
0.06196098882595406
0.06441840522867792
0.06383636876228539
0.06241777470773634
0.06283924049040412
0.06453098924419678
0.06205875594853697
0.0629616041914286
0.06299032437724664
0.06240989771288107
0.0651502363739864
0.06523147374939392
0.06359905099824947
0.06393569913857124
0.06631878710297101
0.061955003519816434
0.06245234913247473
0.0646590640028829
0.06343346392489313
0.06470718737143805
0.06112872748909628
0.06359004118918057
0.063703357550206
0.06356736644006827
0.0620715430499438
0.06232790342422531
0.06441475333618547
0.062399734938791133
0.06274258147870355
0.06301897945265998
