-0.013608934527591748
-0.013461994062013486
-0.013308298324837405
-0.013178092602859525
-0.013069251689183362
-0.01296095873831826
-0.012818653454237125
-0.012740771538194489
-0.012581211914691855
-0.012472099509528455
-0.012389206059057923
-0.012326539110611467
-0.012210114771390662
-0.012153499715906731
-0.012115325581501512
-0.012033571363152827
-0.012022745729807546
-0.011976106870262062
-0.011897540969007156
-0.011860877921914353
-0.011869528330862522
-0.01181595109622268
-0.011798517427900258
-0.011762984206571299
-0.011772372420219814
-0.011782935398685582
-0.011750297801678671
-0.011736915424904402
-0.011714844635742553
-0.011739630317863296
-0.011739650719306048
-0.011709955345620127
-0.01168562823030002
-0.0116856428246726
-0.011690779994515812
-0.01168160686707672
-0.011683378686361453
-0.011680904014364762
-0.011648636820780881
-0.011634588707238436
-0.01161104572169921
-0.01158834535299855
-0.011551907094305052
-0.01150223504861488
-0.011486298152629066
-0.011468134782112697
-0.011418165491126916
-0.011415023263543845
-0.011379127560512108
-0.011379793598590529
-0.011360361136715201
-0.011334945299827
-0.011320546504986637
-0.011336348326328924
-0.01134813278365661
-0.011401844769716262
-0.011456881973015911
-0.011462413426488637
-0.011484610075678895
-0.011551976351834395
-0.011545484726700713
-0.011519825442091507
-0.011503024640328744
-0.01151528211639208
-0.01152670910472379
-0.011562131575363524
-0.011582751303692074
-0.011596269193379319
-0.011646797491566224
-0.011648810331654899
-0.011660785858026322
-0.01164289011126932
-0.011679496605168371
-0.011674533263944529
-0.011691723440719
-0.011716729736722567
-0.011734597582150908
-0.011791000624789912
-0.011830850548165687
-0.011825352720916272
-0.011798501814551212
-0.011801395565271378
-0.011820656006388805
-0.011852702832616427
-0.011862088263253955
-0.0118695022593088
-0.011850983989151085
-0.011830107396578088
-0.011885900488671134
-0.011896258318687186
-0.011920659989118575
-0.011956094934002442
-0.011963822840548614
-0.012009999742183615
-0.012029205054482992
-0.012081117845852585
-0.012111175153404475
-0.012127451664384673
-0.012143928672680084
-0.012130122850922978
-0.012147306267391232
-0.01213297650546712
-0.012112948862726198
-0.012103439456618884
-0.012057982111240135
-0.012036101629628855
-0.012051116269739235
-0.012018527671256485
-0.011989672295749187
-0.01198706878349185
-0.01200445497627644
-0.011980792080216547
-0.012007577284513151
-0.012034926618285039
-0.012043697677333565
-0.012051825504750013
-0.012018712922273314
-0.012005656218046652
-0.012011068352662465
-0.011996279481579275
-0.012034470335963894
-0.012078608791617786
-0.012107067259357255
-0.01214507938198307
-0.012162263981778831
-0.01213478640488842
-0.012118223808048403
-0.012109109058099634
-0.012122673486523768
-0.01211831019643475
-0.012148102509843953
-0.012145295180380345
-0.012135754454442683
-0.012118983663180295
-0.012110991852686685
-0.012143075619550312
-0.012171366531401873
-0.012172448224223711
-0.012151055410504341
-0.012159046525245203
-0.012123062938232633
-0.012137160411871531
-0.012096454624963157
-0.012113105324918733
-0.012143003568053246
-0.012115115831222604
-0.012109421571607099
-0.012103115964461775
-0.012122039217501879
-0.012154432451900314
-0.012175101326668963
-0.0122088378021384
-0.01222306206164991
-0.01222753159373122
-0.012225993284407785
-0.012231298371711198
-0.01220733298755744
-0.012221780178301474
-0.012206651467610808
-0.01217431763515753
-0.012159230636761468
-0.01215636729646255
-0.01214454340036301
-0.012175706379553852
-0.012168961774338695
-0.012202669729423873
-0.01220224487102207
-0.012229160307084814
-0.012228256244869793
-0.01220907475799322
-0.012206880227826974
-0.012214060713920524
-0.012205655615338509
-0.012242601291440865
-0.012237916979938746
-0.012231547670329319
-0.012196802249287857
-0.012135770758066107
-0.012132169032359825
-0.012125844661803806
-0.012106681527460323
-0.012148605774649802
-0.012150544580072165
-0.01210939454681733
-0.012079343840698985
-0.012072866886635038
-0.01209706987856942
-0.012092668464516893
-0.012077385022798006
-0.012062752087984015
-0.012051674268920632
-0.012051988102714805
-0.01203959386467057
-0.0119856951155645
-0.011974926364115056
-0.01199270509840811
-0.01200486899846617
-0.011990057666073826
-0.011976126970394569
-0.011974999801639248
-0.011948421186603168
-0.011940739172346452
-0.011920354296179379
-0.011966515688554329
-0.011980769629864132
-0.011974727148737978
-0.011985164338394123
-0.011981728837332305
-0.011969437033814543
-0.011969191652229604
-0.012025535983197829
-0.012054304729270585
-0.012033642932553502
-0.011997955675949069
-0.012008895867449396
-0.012020872429232388
-0.012013182405601529
-0.011993934898911153
-0.012014740469920284
-0.012047593295574189
-0.012030532813685782
-0.011987489324939602
-0.011976584879791035
-0.011991535099771094
-0.011990931624656214
-0.01201704966780894
-0.011981444077237564
-0.012006378918886184
-0.012043473524424959
-0.012036443896153394
-0.012087443470954895
-0.012097418719135663
-0.012074033154503387
-0.012088965608135742
-0.0120890727485804
-0.012087527717299321
-0.01210318799404537
-0.012113767166567199
-0.01210770478252979
-0.012102306300007245
-0.012072190346524996
-0.012106500834445743
-0.012102239551570486
-0.012103904997382094
-0.012095957917763906
-0.012098255287855863
-0.01211169632151723
-0.012120115296805607
-0.012109812666826389
-0.012142304747420198
-0.012175279001102728
-0.012183922173126655
-0.012170996812774854
-0.012153154124012765
-0.012140384157571722
-0.012143265888752306
-0.012140475021784796
-0.012121384470340084
-0.012116527382065269
-0.012096056703697233
-0.012067158870837268
-0.01207954635953202
-0.012086543270989377
-0.012116812947480118
-0.012116310663302154
-0.012091095981133334
-0.01211287438431207
-0.01208180739708683
-0.01206243949230103
-0.01205782467389808
-0.012081237909767558
-0.012108285149888081
-0.012117834120769711
-0.012127683410311446
-0.012132557580137954
-0.012098472034010817
-0.01206866831463926
-0.012044898026129779
-0.012031474819078165
-0.01200924762250746
-0.012013753870611682
-0.012075988751123933
-0.012048832710613223
-0.012055289394715254
-0.01205443562939763
-0.012041333646458739
-0.012026497338186292
-0.012009804065832321
-0.012025361820398008
-0.012019946168669884
-0.01199554198914591
-0.011989252789713004
-0.012024680503150996
-0.012035822961479425
-0.012043862778912572
-0.012046460292356856
-0.012046230715863845
-0.01206302124020808
-0.01205408916096477
-0.012051658200867036
-0.012029951542396757
-0.012053545339799979
-0.012097801158533377
-0.012108898053274435
-0.012105931741568971
-0.01211162247311543
-0.012091035757432965
-0.012073436423259623
-0.012062825454289423
-0.01202214971623
-0.011991434938767377
-0.011981220609124968
-0.011960276594275938
-0.01193031167392345
-0.011943321899675272
-0.011957562123151386
-0.011922509623143602
-0.011933964781244012
-0.011933989198330571
-0.011926862213979749
-0.011937156927717083
-0.011917725156116134
-0.0119173395447433
-0.011904881648061907
-0.011883240373914732
-0.011889140329816762
-0.011918279862798312
-0.01195185484145494
-0.011982519612373675
-0.01198800556252108
-0.01201867752653711
-0.01202080584514667
-0.012008040979066315
-0.011975809394874994
-0.012008417726439588
-0.012002326164613752
-0.012005477497244583
-0.011989273848559927
-0.011997526632074047
-0.012012266022536685
-0.012035282487597535
-0.0120319225715802
-0.012048911719637758
-0.012005923211793688
-0.011954864344614393
-0.011937951187000554
-0.011970631153706243
-0.011978513676234905
-0.011965975959730498
-0.011974307582439746
-0.011974185809273931
-0.011980344042839373
-0.011998544512864421
-0.012014148165197934
-0.012019392952103825
-0.011997938512221855
-0.01198087871512946
-0.011987465789870304
-0.011963755807236713
-0.011978980597546872
-0.011970110002028592
-0.011947507082539447
-0.011943012996412376
-0.011964847448774997
-0.011979514075552715
-0.011971709548550494
-0.01193884908057311
-0.01191221633926034
-0.011904076185515698
-0.011931138074792484
-0.011985293200568242
-0.01197147932013168
-0.011997942456646878
-0.012023557684219935
-0.012012164459070739
-0.0120238029069322
-0.012030542137868264
-0.012054753944496899
-0.01204953310353791
-0.01199216390686
-0.01198664803934448
-0.01200578118510106
-0.011998077114934431
-0.01200942871544291
-0.0120177136734128
-0.012001847338807933
-0.0120092922985992
-0.011986548880882122
-0.011987487166462576
-0.011980712556225412
-0.011941241462002782
-0.011928534699494347
-0.01196211284464773
-0.011987351122147896
-0.011984514998381629
-0.011958048892590929
-0.011947028547087136
-0.011985603314550484
-0.011993340808240806
-0.011996675375849008
-0.011974762243163937
-0.011981605459004641
-0.011982284962911816
-0.011982113232507426
-0.011982996049611007
-0.011978496545377899
-0.011984536813243346
-0.011954970767392832
-0.011957566511324224
-0.012018364761024714
-0.012041935094577424
-0.012025479331393453
-0.012028219194754082
-0.012009414000546231
-0.012056566939196166
-0.012082860344911323
-0.01206662056638914
-0.012055238363716532
-0.012046012687770759
-0.012071802489021245
-0.012077004473437281
-0.012062334630857496
-0.012063730754615629
-0.012027504371807855
-0.012053943365154897
-0.012046507488497917
-0.012072467272553374
-0.012094412733088521
-0.012108058049617445
-0.012095010790097362
-0.012082526043933981
-0.012054791115224362
-0.012054837604655939
-0.012071801250910058
-0.012047677936361117
-0.012055797885884257
-0.012039292636601364
-0.01201896068694837
-0.01204238049685955
-0.012045674645068014
-0.012012623699710649
-0.012001270844655878
-0.011991665846503833
-0.011963070556521415
-0.011969561935128534
-0.011972131262369016
-0.01196961991269799
-0.011991811499876135
-0.012002172463518732
-0.01200896311989602
-0.012023236925768501
-0.012064724815461565
-0.012087946845328107
-0.01211384014938684
-0.01211731485912905
-0.012156699926537626
-0.012202375365749878
-0.0121971956015948
-0.01218288818593411
-0.012149279756361948
-0.012095606874893694
-0.012051677534028011
-0.01204134389100706
-0.012038686011424837
-0.012050558402038673
-0.012049076689735932
-0.01206921013072133
-0.012071357853710652
-0.012061345982639228
-0.012088846448151504
-0.012107427549712798
-0.012150132075390395
-0.012145287373705823
-0.012133696615038549
-0.012143450822023784
-0.012140959101345609
-0.012131785612334224
-0.012145056389272213
-0.012142418675562915
-0.012175077736815986
-0.012181466412456597
-0.012160424975787893
-0.012132216409287033
-0.012086645804126474
-0.012070475967929643
-0.012080680863822208
-0.012055859933881198
-0.012046995956231566
-0.012053949955631705
-0.012073890223880024
-0.01209970220704289
-0.01209732521982754
-0.012089792726670994
-0.01212027722640949
-0.012132284560186021
-0.012091750448898358
-0.012069843451985541
-0.01204618121332982
-0.012006861338501467
-0.012026019805275342
-0.012024695842581637
-0.012011170518748901
-0.012025009583243552
-0.012006182705654818
-0.012022947826806237
-0.012012749044772456
-0.012027765547527986
-0.012084235124947393
-0.012057304289191962
-0.012063308799748911
-0.012085332524250536
-0.012070877083084162
-0.012066143658012151
-0.012075337208807468
-0.01206917137674549
-0.012109712555127985
-0.012143624108284711
-0.012174504578990095
-0.01215219995664323
-0.012125908687491627
-0.012113070685197326
-0.01207595578778316
-0.012115547488279203
-0.012096599160748369
-0.012114858287660514
-0.012103061777923037
-0.012111144660807708
-0.012108627334237098
-0.012099930759081069
-0.012076524929965244
-0.012062938423717723
-0.012045677477384316
-0.012068767757976757
-0.012091352697461843
-0.012109499326085344
-0.012126563905793078
-0.012129868808038095
-0.012105750029577929
-0.012119332662619211
-0.012137942755704416
-0.012113600300953669
-0.012109592014594989
-0.012095487840911922
-0.012093033658011872
-0.012100057517561843
-0.012116113535183317
-0.012164836672737317
-0.012141564324059908
-0.012144505150397035
-0.01219393878846484
-0.012188299235833042
-0.012166182039415135
-0.012133718260070857
-0.01212563127388849
-0.012125492386300774
-0.01213957836084506
-0.012147699301952825
-0.012150943049174898
-0.012167913844699368
-0.012195799592882394
-0.012239433616838035
-0.012195800913169104
-0.012173150123699622
-0.012202610168606043
-0.012168850968865788
-0.012208066984791967
-0.01218836793456884
-0.012194676439770881
-0.01219731970306705
-0.012221933643826666
-0.012223662896191373
-0.012185329423450372
-0.012166798322954598
-0.012178129604195847
-0.012169516990509104
-0.012164636180900476
-0.01214093236143098
-0.012113592603846509
-0.012107221469940508
-0.012114900695707868
-0.012110039032995701
-0.012093522991327679
-0.012068164430777815
-0.01205066665459205
-0.012059471257688368
-0.012055764089831535
-0.012112910979810883
-0.012143290804370361
-0.012160575915785397
-0.012142766141058768
-0.01214855563662508
-0.012137138098478318
-0.012130469094742746
-0.012137748761212125
-0.012132704860585578
-0.012149965702829993
-0.012153648448121898
-0.012159298809573931
-0.012189625455614398
-0.012149038560250226
