-0.0025181184089665253
-0.002524911071028554
-0.002555847107622256
-0.002586213981427641
-0.0023702969090525013
-0.002502869674525604
-0.0021519651302793594
-0.0025279499220581003
-0.002824363711646999
-0.002499169332662966
-0.002500524690256215
-0.0028238302669096227
-0.002255002490835926
-0.0026997230958961116
-0.0021491813906262536
-0.0021205522436434777
-0.002322340210592673
-0.0029269689791210115
-0.002955524822458111
-0.0025783454300312304
-0.0023199384485534345
-0.002717723151703546
-0.0023958887593369654
-0.0024521553475369317
-0.0026376130083439453
-0.002217361367786097
-0.002488087587809106
-0.0023427755575142865
-0.0021006199365223273
-0.0025113710553956647
-0.002215350056195037
-0.0023126278724459387
-0.002152617380588482
-0.002139173005328196
-0.0019377294203162228
-0.001926779409462923
-0.0020375186522291733
-0.0018452597926170292
-0.002018746823965325
-0.0018450265302847454
-0.0020463433566456843
-0.001970427967921667
-0.002087997680818877
-0.001957064983796576
-0.001929413864011567
-0.002139482511164538
-0.0019589204022457973
-0.0019841661412857265
-0.002006425477380278
-0.0017192418453104454
-0.0020984190619456194
-0.0018158902217474378
-0.0019591190617522162
-0.0020538280804014595
-0.00213156085232196
-0.0019418822275464687
-0.001994080102404319
-0.0020278242688235868
-0.00200906705464676
-0.0019191762402690675
-0.0018768644242274993
-0.00195571015564051
-0.002176812233874077
-0.0018395421497600527
-0.0016811262948041434
-0.0019723911455951956
-0.002130426468133194
-0.0019406957738937185
-0.0019604366028171203
-0.002070821267656581
-0.0018861037845673957
-0.002211189201335213
-0.0019531978118667373
-0.0019372002555702
-0.0018909201163306404
-0.002024732938046038
-0.0019310907608279609
-0.0019604127676716905
-0.0020874914604972574
-0.002036318779072903
-0.002008993386120311
-0.0021337725292149626
-0.0018784274783529215
-0.0020354496678539184
-0.0018218944933740316
-0.0020602994562299365
-0.00198675957535376
-0.0018508986800647583
-0.0022346578390863747
-0.001975181965755734
-0.0020145570321080117
-0.001986148126724378
-0.0020208367795301364
-0.002167801372323573
-0.001912489016159122
-0.0020405032166267508
-0.0020673524145624986
-0.002273438943083573
-0.002078542194814602
-0.0020816276403098784
-0.0018733545605632445
-0.0022152137247901374
-0.0019169972988683484
-0.002217148617267224
-0.002022030510914613
-0.0019845795062474257
-0.0021950485022035914
-0.0021352749143180977
-0.00214300459810975
-0.0020363631430915215
-0.002007174574186034
-0.0021620008764559064
-0.0019003259177167281
-0.0021121354142036555
-0.002280561408014795
-0.0019415061305451708
-0.0023496107014627514
-0.0021195477520912324
-0.0019359719470322583
-0.001903585707979292
-0.0022427166644454315
-0.0019343761104454356
-0.002113339195992332
-0.0021540313848648087
-0.0023713378782410097
-0.0023743477344688483
-0.0020613707510020915
-0.0019946577667572774
-0.0020740438587835927
-0.0021507308939905847
-0.0021505664742004762
-0.002277655796841662
-0.0021819998937594285
-0.002111482069189793
-0.0020379018604845963
-0.0020981776111783216
-0.0021115774944033866
-0.001938810919005352
-0.0019383578498084946
-0.001967887091349151
-0.00201892242097288
-0.001967565601880847
-0.002107512078517788
-0.002036748742108152
-0.001983702617836182
-0.002246548799517032
-0.0020824820895872656
-0.001738260578050369
-0.0021787448685958964
-0.002012097904385325
-0.0023202286539285863
-0.002047111227581471
-0.0022105090014154513
-0.002025471409968905
-0.0022915531718954462
-0.002111913986596009
-0.0022058392279272446
-0.0020579946816766605
-0.001980749575324068
-0.0021324169323034786
-0.0019681531021226123
-0.002332476356529992
-0.0019113091444629925
-0.001988751718261155
-0.0021310956692908024
-0.001972536230947388
-0.0024822161907110496
-0.0022049848678309704
-0.002129769071625327
-0.002051195941232564
-0.0018609550192681655
-0.002242262737148917
-0.0022055877804772546
-0.0020961852989368856
-0.001975134387796663
-0.0019916522251028127
-0.0021069500843411714
-0.0020230690807735156
-0.002083193464942432
-0.0021978664228663254
-0.0020974307411045726
-0.0021855927332269675
-0.0020047514528479878
-0.0021559135097214397
-0.0021835889492877064
-0.0019186534301430449
-0.0020442296634140406
-0.002387263329682293
-0.0022264131712107296
-0.002014622396330565
-0.0020343941403459316
-0.0021336346226851002
-0.002220594087896628
-0.002100730997722757
-0.002041887600401654
-0.002166315878522591
-0.002100573083517544
-0.002162886378432268
-0.0020616474398149802
-0.002114662887772821
-0.0021308492151769338
-0.002002869297494001
-0.0017287064445160136
-0.0018360017178532856
-0.0022492101135947666
-0.0022441210095168946
-0.00218037861713463
-0.0018318253398901683
-0.0022260115890387062
-0.0021177384393631098
-0.0020011929920894602
-0.002232435929309052
-0.0022735615730449924
-0.002146458843089886
-0.00224624244542184
-0.002174140906014203
-0.002186268162004644
-0.002043498070594035
-0.0021390224966297416
-0.0018339554320156862
-0.0022968093270456045
-0.002103907791997534
-0.002163593015623706
-0.0022162632290926338
-0.00220325464313648
-0.0020389036873543465
-0.002037327583741973
-0.00212500390183065
-0.0019001328160780353
-0.0020035256674275814
-0.001960866006598026
-0.002065891175678146
-0.002112616875781391
-0.0019157657977600117
-0.002005235289001237
-0.0019858676166208144
-0.0019822561134214237
-0.002014914568239929
-0.0020637734029654684
-0.0020344648928647116
-0.0023186983818583137
-0.00190602391634025
-0.0020575083629707455
-0.002058545392431046
-0.0021698999958261926
-0.0023379167863627416
-0.0021980669943099905
-0.0019420263481644822
-0.002115324188949218
-0.0023046638702779922
-0.0021602065239959413
-0.0022457540797528237
-0.002013744430381034
-0.002097125180489049
-0.002264909069582217
-0.0020861217110954918
-0.002035777811674416
-0.002168669207153543
-0.0020696513293472826
-0.0023046236451581717
-0.002165663917340943
-0.0021557413646964
-0.0018528058550341393
-0.002265931877409615
-0.002274620815116083
-0.002228789881716608
-0.0022333479230540456
-0.00232311294255836
-0.0022257749697235283
-0.0020672879353782793
-0.0022528740298886885
-0.0019520885249356885
-0.002317023714701481
-0.0020559120637467514
-0.0019492710250238426
-0.0020503496028157243
-0.002136030353827281
-0.0019492513382017302
-0.0020348940504395403
-0.0021102286740404394
-0.0020732335264349627
-0.00209148944829467
-0.0020131592958195555
-0.0022533145872592414
-0.002357820864222062
-0.0020436477735166552
-0.0021435692466706246
-0.0020858945955890837
-0.0021676006473277144
-0.0022266700137161086
-0.002200306200270376
-0.0022731417855825905
-0.001970713491297425
-0.0020955332868181115
-0.0018228792106540518
-0.0021318014981662656
-0.002015957212193379
-0.0018183625571575176
-0.0021133240139629074
-0.0021170606270051523
-0.002236762441498573
-0.0019988613350209157
-0.002163513506217984
-0.0022021503041105886
-0.001947812318188113
-0.0021191589214097106
-0.002238932045139796
-0.002089500886139336
-0.002051100111359225
-0.0020734872099639748
-0.0023473698896711876
-0.0018951683175321464
-0.002093061873936207
-0.001942960282869505
-0.0020762942748623766
-0.0023579765864169314
-0.0019852179005643506
-0.0020941894525063924
-0.0019417379593184758
-0.0019091193324489966
-0.0022251228647733015
-0.002126959234018875
-0.0020332387065964746
-0.0020072652378801776
-0.0018932936805236915
-0.0021867594590879256
-0.0019213118367375041
-0.0020610750576751696
-0.0020847229376004094
-0.002006809812266645
-0.00227432203459679
-0.002040768195353189
-0.0020305499231716246
-0.0022550493833439506
-0.0021602913447115106
-0.0019056738595727965
-0.0019596896364188206
-0.0020697353152754287
-0.002057025772189597
-0.002460698551377384
-0.002300433258940839
-0.0020791322589915665
-0.002226892456134046
-0.0022319008179767716
-0.002232915817762116
-0.0021225401037665882
-0.002007093827231658
-0.0020335930134196788
-0.002117086959564723
-0.002118457684093327
-0.002101548841453137
-0.00203462219952595
-0.0021690312886941208
-0.0018235793782746253
-0.001936930519119852
-0.0021261207918326953
-0.0019977871188770866
-0.0019607027096334114
-0.002327672838627163
-0.002003414256922209
-0.002323693943803733
-0.0020955829782321827
-0.0020206577962744304
-0.0019404907898527563
-0.001915458441488754
-0.0019383095854009122
-0.0023759731244963746
-0.0022014017631926145
-0.0020540026989983454
-0.0020306248346490747
-0.0019830253688635255
-0.0024086870684936657
-0.001937974971672731
-0.0018669874229880013
-0.002221428023190514
-0.0019211379130583239
-0.0021757622900214313
-0.0021635880647496546
-0.002163348951203492
-0.00224093769658126
-0.002061254233281195
-0.0020971851723129756
-0.0024260871057481515
-0.002161268575263933
-0.0018803246480196927
-0.0020870409588193794
-0.001986953682213821
-0.0024016381237957425
-0.002170726747934146
-0.0020384889302568535
-0.002094432791508922
-0.0021285942933164997
-0.002158321081563799
-0.001975908485750769
-0.002166549826327675
-0.00214697106054344
-0.0020229188526512754
-0.0020884732466802773
-0.002108402004838786
-0.0022631643267583294
-0.002134146238936437
-0.002353105324052243
-0.002379600707472438
-0.00218156075636154
-0.0022362105871564933
-0.0021923690473592845
-0.0023410746860087223
-0.002229399778378015
-0.0020546621768356573
-0.0021835332938006406
-0.0022926163131426697
-0.002082258059592121
-0.00219560311645327
-0.0022033946775282115
-0.0022665055089906533
-0.0020303233099618354
-0.0022501983041103525
-0.002214608473383088
-0.0022158493767646787
-0.0019805456058362846
-0.002255942863646437
-0.0021545253131574757
-0.002017899968413976
-0.0023118203096914656
-0.002215915716208311
-0.002137920104629349
-0.0018436495660296807
-0.002178515243980329
-0.0021122406931681063
-0.0021439923177118945
-0.0018646128478637682
-0.0020151335159481233
-0.002104686148488816
-0.002124914066676127
-0.002086514686304241
-0.0021014776426168465
-0.0021126516020493437
-0.002252374008453328
-0.0021107995877608014
-0.001998713721980005
-0.0020748872894508492
-0.0021963149395196548
-0.0020858174846739848
-0.0020038435494187158
-0.001947334492812488
-0.002018496178263023
-0.0023596624343898034
-0.001981764097075684
-0.0019094760787788415
-0.002155527370155951
-0.0021356643209311573
-0.0022099083193213285
-0.002052042480367736
-0.0021216282217831907
-0.0019087259005658114
-0.0022656433792457415
-0.002213023511457591
-0.002264314989892882
-0.0020652959636403086
-0.0025353846551129182
-0.002055158067130863
-0.0022429381424841116
-0.0020796556282251634
-0.0022315788296616225
-0.0020146218811897747
-0.002301140051441465
-0.0022388013654294045
-0.0020151555194947704
-0.0021371391368473908
-0.001955761139483186
-0.002280535906757728
-0.0022994765722522304
-0.0022329153856970553
-0.00222978504224921
-0.0022969282345802586
-0.0021051743985524515
-0.0023071689380251234
-0.002042676544639129
-0.002224739377692398
-0.002078767820670065
-0.002350881122091311
-0.0027254509139842398
-0.0021247597113311046
-0.002077219343525695
-0.002284508374820627
-0.0020913603760473066
-0.0019500156057815103
-0.002154637061251175
-0.0020344471662126985
-0.002395908738485904
-0.0022902046308787595
-0.0021221656833801663
-0.0019855992610300615
-0.0021980001948231414
-0.0023413481170079897
-0.0021250253552566266
-0.0020124884964476566
-0.0020448048545566124
-0.002162743459627511
-0.002186213240756496
-0.002143961780245591
-0.0021103702446085343
-0.002152507896066691
-0.002125998645739374
-0.0022624424444504174
-0.0019395806196314935
-0.002348179552836954
-0.0020467471269732087
-0.0022664059057994498
-0.002030702554510758
-0.0019339380483860962
-0.0022058164633201546
-0.0021831704912543656
-0.0022075267905454854
-0.002018371253822932
-0.002202008163026687
-0.0019903468483622997
-0.0022445904280477776
-0.002176745636093784
-0.0021406080726627313
-0.002083481387008674
-0.002266000428168867
-0.0020213489345184115
-0.0018415227982883924
-0.002073588374219395
-0.0020682609108071404
-0.002283428419119355
-0.002208147258853538
-0.0021708800710907926
-0.0025851621710957567
-0.001865144416213827
-0.002181703341956432
-0.0020025847207503066
-0.0021269835959052148
-0.002051151914249976
-0.001984207189396404
-0.002260527664833095
-0.0022066946826937764
-0.0022994709372911467
-0.0019232007059549502
-0.0021518779068623864
-0.0020964085214067694
-0.0021576435512520283
-0.00213299642361958
-0.0022245884873630167
-0.001958482980286563
-0.002031158106885624
-0.0023478987106057485
-0.002182899297156931
-0.0021390849029262666
-0.002066479608269317
-0.0021640412733296716
-0.0021386983299608166
-0.0022654724473253093
-0.0019381929236520817
-0.0023772781604413187
-0.0021157488873371276
-0.0021378432118880106
-0.001955546792894173
-0.0019151715926342494
-0.0020935909310888083
-0.0023037732555601905
-0.002238341591486364
-0.0022867600847926405
-0.0022795865474577203
-0.0023330282491559108
-0.0020384210780965803
-0.002084001134593163
-0.0021616481873719673
-0.002147897715014872
-0.0022862039952359007
-0.0022099692100388006
-0.0020524592393449457
-0.001956163806653155
-0.0020957964366517252
-0.0021312695298814654
-0.002120885064429277
-0.002187075392876391
-0.0021285072395692303
-0.00210550352210618
-0.0019675228082685174
-0.0020937519141979635
-0.00220468110406722
-0.0021153180900815296
-0.0023768219690419932
-0.0019334865658466322
-0.00200858556626144
-0.0021680551591455963
-0.0020360171395460464
-0.0023625770812640604
-0.0019065155064146482
-0.0023985085292459254
-0.0022924162397653714
-0.0023917460593531462
-0.002096708123807467
-0.001990368079119097
-0.0020165647953826345
-0.0019745938715030054
-0.00214914536038895
-0.002282627748529818
