-2.302636751761803
-1.9753613471984863
-1.6389701769902156
-1.4787033888009877
-1.3133365135926467
-1.19827753672233
-1.0744372587937576
-0.8954258762873136
-0.8070085241244389
-0.7245398548933176
-0.6856999562336848
-0.5921734360548166
-0.5417710194220909
-0.44776897522119374
-0.4404777944087982
-0.35632184101985054
-0.30768463978400595
-0.2694316352789219
-0.23333666897737063
-0.20578163071320607
-0.17417789881046003
-0.15153976541299086
-0.1268892226024316
-0.1078353210280721
-0.08302503822801205
-0.0696686070269117
-0.06072389890368168
-0.047912483336403966
-0.032648134120077325
-0.033509697664815645
-0.02618289789422236
-0.007378436320532973
-0.022659482633193524
-0.015624103098189852
-0.00504285537575085
-0.00566274682059884
0.0058040119600124085
-0.0004415402502322999
0.01140539973275736
0.0033822714548128155
0.01697973792582231
0.022853840630537327
0.01528004571938744
0.014620659120667439
0.02448349564981002
0.02906109863229526
0.022772190114483237
0.03335782062763778
0.028687675682326347
0.03554025358036877
0.03391811474978637
0.024579690826626924
0.028719649552546727
0.03638567900119457
0.025591654921523654
0.028890183959335375
0.03128196214512662
0.028910578563451195
0.03716654050692271
0.034301364745120876
0.03431087263967269
0.03757928723755937
0.03823145808866964
0.03575942854468639
0.03579935057876775
0.03708550549971943
0.03789562762876113
0.03497459844757731
0.0354452439942039
0.038868012349121274
0.035237306711049035
0.035742205719893366
0.03412549714154851
0.040279496486450975
0.023730016297579717
0.043647816839914484
0.030451418622173012
0.03715082214822849
0.03503686875069084
0.027844238770194353
0.029471128963184757
0.026543566016838528
0.0347081202118156
0.03732531478274793
0.03715468396146137
0.024815878216535425
0.030564228983488508
0.030959862467940323
0.016667363788851967
0.0330163065254545
0.020783677311723855
0.033195308012923655
0.025683698197826742
0.030269943578885152
0.027259398656539046
0.020893116119819193
0.028965192173536006
0.02857816306551775
0.027561783987598922
0.031454166820129525
0.01568611249094829
0.02460135485475453
0.022789848142733368
0.020529029918207715
0.029133868064561214
0.010357867349655582
0.03693682342821446
0.018724997507300802
0.02941206407984002
0.030009860031826135
0.028691989718936384
0.019795341436894466
0.015176875785423012
0.03583379552762311
0.018556393267443547
0.03421954008517787
0.02237412866491538
0.02579765275049095
0.027358541198191234
0.027046618284657598
0.028855544113992857
0.036181046349856145
0.02943801118974359
0.03367928641561705
0.02605337508989928
0.03460099798142507
0.03317551366232622
0.02200259258466898
0.02369215446524322
0.02648049925718134
0.025994578723867352
0.0316905772098555
0.027266164239531814
0.030714874274025743
0.03431711277494637
0.02995301499356104
0.030894782764908785
0.03035673409736214
0.03170402806449252
0.038102857847339834
0.03653008315461473
0.032987355986216035
0.04192072942532832
0.03019404087591773
0.038033759961119636
0.028660073962349156
0.037995408392788914
0.02830718273225312
0.0368509337321694
0.028925169137521432
0.027718061126338747
0.038566477260050865
0.029094749283887302
0.0394547840526614
0.03191511542894519
0.027892745395477574
0.04080495909572794
0.029767550305517105
0.033698002349298734
0.041320038040598424
0.026462598230976325
0.04008219748054846
0.03175611663609743
0.027051476399915723
0.02598532765136602
0.026198363157275778
0.02882912965455594
0.028314118562803532
0.027721495607581276
0.03254499280413326
0.021530444823348753
0.014274004849161989
0.038039788669154334
0.03361842086574492
0.01824204189559588
0.035868232843215365
0.022376377261920984
0.032893322178950676
0.029642640283474554
0.027205239681195682
0.02753739160342285
0.03795732257242959
0.01804070015876697
0.03654031339459694
0.031254440859461635
0.03116076141058539
0.038692457407999495
0.033914636207135536
0.03438860998274042
0.04088541218796028
0.0369849818928812
0.03342726889173858
0.04141561891838837
0.036354249246561755
0.03717882728132491
0.03888151879565647
0.032236436206417585
0.03168723834678531
0.030935667134606493
0.028824492360357768
0.030253752387719803
0.029487701159758635
0.03429270371517095
0.0344670608962098
0.02796088843785513
0.030928822325166458
0.03236628327375421
0.029672105595147096
0.03090047452133149
0.0323669190500648
0.02568432912767793
0.02854066027256732
0.03740123056520063
0.029999824263974847
0.022814832344794502
0.038905002721227135
0.02782130060636868
0.030939332654592224
0.03610489218889807
0.025693468002674098
0.034172090141622063
0.026830303291521536
0.042978544907572754
0.024888863643326868
0.025735163079717984
0.034013713812097335
0.015695906152877095
0.05025710984348104
0.024474475163823138
0.020293008675127146
0.03305841764668003
0.0198665819166658
0.028017583435464007
0.026934886757785884
0.0340147542158285
0.01783677865325724
0.03538760152251388
0.027357198741251174
0.02508475416980218
0.03079194534713259
0.030433845301516927
0.03284464795948364
0.022113367199647026
0.03181531170938307
0.029005364739658455
0.026037852057757285
0.031955189685910365
0.033364994510506785
0.03012275725352363
0.03247191039128945
0.029745537913046204
0.026468875210803863
0.03726854366255933
0.034973310460694705
0.037072081449486385
0.033015654751551875
0.03435784992493259
0.03939607511990918
0.0427067591701276
0.03671268640050235
0.0352131408567612
0.03305722696498448
0.03564847535453737
0.03158005475841212
0.03029161676352557
0.027802324022811194
0.030269603852110985
0.02926625484564843
0.031616503918149436
0.02421452640197598
0.03281942745312475
0.0335800042662483
0.028229491210256058
0.03529246668331325
0.026246093769665236
0.02306883485191345
0.032103669381915376
0.04236927081365138
0.03146802238546885
0.027507337246340913
0.02296924945862534
0.035571371912598036
0.02566924230195582
0.03530166091648145
0.03748253926303453
0.024337271094107285
0.03300618814268651
0.03382299391624446
0.03358906838917532
0.023579303354535324
0.0349872359719414
0.018798405276342797
0.03986062222214129
0.021115666414530446
0.0286039522723653
0.024509904741381223
0.029830795925898622
0.035892558208433914
0.03166268265519578
0.02140164642344014
0.03729178001466118
0.02451400734985677
0.029008158145902248
0.032290865308963336
0.029362382124572133
0.04209552357474772
0.03207253919457659
0.032150995711652704
0.019417438067746564
0.030210651918493498
0.034597182543410994
0.019538388337689238
0.02884444895361622
0.02785271124269527
0.03636027958441096
0.03796254070050334
0.025041329097719146
0.02922075025450725
0.03869621702111684
0.033586540069574344
0.03168300653521258
0.030098500009178398
0.033982963861378196
0.025329203573458543
0.034769285550842494
0.036076130555459086
0.040285064516445764
0.02927252391818911
0.034570359396121395
0.037709432254688674
0.03243596849766058
0.03184498757853782
0.0357826960613378
0.02983692449768289
0.03508455298993235
0.02580773401647233
0.03954567281941238
0.031945345521223946
0.027192021438923592
0.0335645661212486
0.03552784393541515
0.03622939925855742
0.0240025517597902
0.039614139766826366
0.03185375565842081
0.034781051498766126
0.026947292843117164
0.037118153584798655
0.03588880511860435
0.027478892214667913
0.0276047083604051
0.039165174135436805
0.024591561297599512
0.03476509008413324
0.02834696501780015
0.03086127470462368
0.03369859793366721
0.029253397211924985
0.03050183868393875
0.02817521654875376
0.03068958688348245
0.03314001178727127
0.03522303756192112
0.027068597837709464
0.03236495880410075
0.03661358495995116
0.03613527150591835
0.023117519084077616
0.033429047108914416
0.025049594555121776
0.033521669666739536
0.034280203745807876
0.03547256554906758
0.02429204838246313
0.029680841620742845
0.03681615053389508
0.017375871024201982
0.034484657808206975
0.02728477752624223
0.03315138856952007
0.03404252093974859
0.02658584188992301
0.03543217045774397
0.030996643504700983
0.03407852556981827
0.02924497308424459
0.02931961410213262
0.032206248248425814
0.03179362185406857
0.02994204578527178
0.0375144600850315
0.03330911084418543
0.027595847931941253
0.03380328762980823
0.030377205628274867
0.03155831446862206
0.030907978888493604
0.03030983957175452
0.026008457663612296
0.03356800930073055
0.028149828975662015
0.03444440884229082
0.03289936680991489
0.02416851308125143
0.03383246153467693
0.025844823299513126
0.03257695538878369
0.03674233638717291
0.028135840805883234
0.032067788026940366
0.03476108598093001
0.028338686950827162
0.025811238504068638
0.03108850797602477
0.022660885684980224
0.03553896749508567
0.026309955256203048
0.030975793585037957
0.02677188210475903
0.02416354949874893
0.022285359429392533
0.039903261537256186
0.025488563853342874
0.01911535891525161
0.03372302324905132
0.02634111697284075
0.024963413895322726
0.038075272334838074
0.021193625808406908
0.03684018889571934
0.02489584321782996
0.03115985373644015
0.03553090959948559
0.019372605038985895
0.03429671326437249
0.028012882029780976
0.02888887796479349
0.028884483678624607
0.034382596239447595
0.025827126178102424
0.026071669856677405
0.027958199795102702
0.029480169992893934
0.024937834525301766
0.03797175847262574
0.027712562919343608
0.030675249797506975
0.02571776471584319
0.02249757676394298
0.032483058100422985
0.025572475983622448
0.028696083646410932
0.027693904151853462
0.029371818087663717
0.029932506061875475
0.02695641052951732
0.0180804399952579
0.029658963773377203
0.032626741291740195
0.03323042520586079
0.029097146291482762
0.03140873912936793
0.030083487124647944
0.03154285452865924
0.029277649636452015
0.03248902196960094
0.04160942376877826
0.02442428875141419
0.03356216969102836
0.029176540688898127
0.030321909483665456
0.02461050834838086
0.02778209405951202
0.03509978568897797
0.0315283038904174
0.030377584038461254
0.026849923107343226
0.028979376250376495
0.029205399420327294
0.0335441948272861
0.02935499590642464
0.03246022074465425
0.024901241957167468
0.03879433591456081
0.032318093142328926
0.03312362418062269
0.030886532479780727
0.028991699934256477
0.0350850518918238
0.02001285734317767
0.045215063321834004
0.026587044399303313
0.03388135375884863
0.034748561322115935
0.0324391899487147
0.03523272830061615
0.030410365345708738
0.03794756192678156
0.026073150471963274
0.03313416273874911
0.02900588295261304
0.041118414148401755
0.026795719980593557
0.03660310101337158
0.030196235594653096
0.025590544005927557
0.028057363154724815
0.03918680423230399
0.024278883198992563
0.023435427152659172
0.03245047814069459
0.03226276259296215
0.029458486174161618
0.028098660746875864
0.027112578045881283
0.032568305317097555
0.02992697169001286
0.030798085182546998
0.025430897967173502
0.035063169929736224
0.028973773300934296
0.019607277499296916
0.03027582082252663
0.029231801034452824
0.02848538418766111
0.03589918634881122
0.0302131746788151
0.028491623031620224
0.03071993415094487
0.030619073484558612
0.03181296976041407
0.027229602204617828
0.029530337996458492
0.031997683715934935
0.03112730872683012
0.0329955189793299
0.040720537408070905
0.02512169612858158
0.03848316822057733
0.03272177097566712
0.03250502484778945
0.035029045617333256
0.029731725052428933
0.03623110675252974
0.026109185603518898
0.04121922548645391
0.028809743754279155
0.037028118875773196
0.022131316426048916
0.040411242491637286
0.03467565172960838
0.018871788911593076
0.0371765393190659
0.03681891279904029
0.036597222723839175
0.024677246974673696
0.027927334363070818
0.03133760595407623
0.03222910763982397
0.0343439715117431
0.04193884627893567
0.02152741415372405
0.02860124497853506
0.04354933103045019
0.01614846621389286
0.03262691737976498
0.030043140383293997
0.039256297134292815
0.028435409100851617
0.031092488303637277
0.030155005495852004
0.028967537889436176
0.027572610049971375
0.03350156720441121
0.0328608085687917
0.024341563201652698
0.034982286711993556
0.025172972799135516
0.02984090822059303
0.02787270641599137
0.02466838748839039
0.026577851647296202
0.036847810080060016
0.03219370002356859
0.027693892723450866
0.03174222939325353
0.031003348669932724
0.03045058583554167
0.02814640238827381
0.030837253619952557
0.03169661173776079
0.02753595946034273
0.03264921518185964
0.03146718189997885
0.031080729607492686
0.03213190710207877
0.03187385728647664
0.0333769725366997
0.032330572963334046
0.02770735050838154
