-0.0803305439507732
-1.100125487951132
-1.0427358696093927
-0.6943625695430315
-0.6556131568092566
-0.8061700380765475
-0.7682222723960876
-0.5680944195160499
-0.5307991987810685
-0.5091376433578821
-0.5297184666761985
-0.4734342139500838
-0.4298485641296093
-0.26789401629223275
-0.36272919728205755
-0.29688894496514245
-0.24780066494758313
-0.22148073017597197
-0.1890198721908606
-0.16761099180349937
-0.13419167382212785
-0.11429627126512619
-0.08829815903535256
-0.02358727793280895
-0.039331181168269655
-0.027683128974660156
-0.017672866188849393
-0.0021392410549406823
0.01524687222061822
0.0111522273805279
0.019298549784490696
0.04740276149689005
0.021042402150711636
0.03280854840368892
0.047371330332512465
0.04200238769587416
0.05902792811435714
0.046735743855914245
0.06493365321165094
0.05126183134696195
0.07115423576010821
0.07963297886487383
0.06623635436229121
0.0660066965680856
0.07792979171857811
0.08681788580456319
0.07362654447340622
0.09028227160720584
0.08461653845957838
0.09192427618388767
0.09251116282808093
0.07595169241361033
0.08327820425709853
0.09519803543360188
0.07755340450765709
0.08278959274309902
0.08720002882361699
0.08320904155620015
0.0951537677874932
0.09057184972379428
0.09031979098486212
0.09315108121193659
0.09576830945622462
0.09192926055895022
0.09270046815419426
0.09398639172387238
0.09497626678158458
0.08983469031070573
0.09172302134908163
0.09708826290331601
0.09103911544661969
0.08999659555892532
0.08992882733089992
0.09873734962625
0.07212902430373315
0.10567809122686203
0.08227403251937805
0.0962306199523692
0.09319802866532252
0.08025970231526747
0.0847779476388286
0.07759376454699891
0.0912019754258486
0.09602587062937136
0.09537514087860473
0.07755383071847834
0.08615564263443677
0.08851316384657716
0.06406663000010528
0.09125729063704896
0.06978101257521373
0.0912341872874934
0.07808214757376565
0.08668246945151342
0.08083057998592266
0.07167750669356722
0.08524348182388797
0.083526549198611
0.08208289494773803
0.08933367925212504
0.06380001946638983
0.07851199806139518
0.07760495167010678
0.07128878213608494
0.08492377959908201
0.05586151500375798
0.09618751278991602
0.06986655269373351
0.0849538861720178
0.08637250320663532
0.08449376931082672
0.07123355995147274
0.06298185111775707
0.09665794525152216
0.06823657690010106
0.09311317540167903
0.07452836177455117
0.07930820600595326
0.08139475425705314
0.07986127972477473
0.08396626978826065
0.09314677302295772
0.08454708315861913
0.09129871579890068
0.07792578337248415
0.09168766714954892
0.091328464448452
0.07338941990970992
0.07657325748855678
0.08155464122179322
0.07969886219988649
0.08822109442060956
0.0814112749702942
0.08587141821268372
0.09175276683124069
0.08430419251179466
0.08559463331475854
0.08315310716414108
0.0873425450355101
0.09476223476902725
0.09273865936825482
0.0869990053622482
0.10266008725067458
0.08313237382502009
0.09674379276111722
0.08257128071183195
0.09526598785036745
0.07945468684730049
0.09651881509747069
0.08176493202694333
0.07971183509977821
0.09754398622048589
0.08286503966396244
0.0984257031375399
0.08648608189631397
0.07902213905293208
0.09945547901667082
0.0835314421592137
0.08799316191759247
0.09994892897979858
0.0773214961330478
0.09946293640666856
0.08817182555794716
0.07942409388577709
0.07888576258690311
0.0802935418703083
0.08343759342454947
0.0821406978818861
0.08115285100200428
0.09105022576136085
0.07251017138926097
0.05955973310718456
0.09859126224540747
0.09096664649506028
0.0665158155365274
0.09401768109617899
0.07336699810022344
0.08865291303328167
0.08569761774359415
0.08079357891827105
0.08069569552048611
0.0961928634196878
0.0665547864475789
0.09392459889730582
0.08687231367310652
0.08387484576946568
0.09589683399535716
0.08809063349348994
0.08906138728802594
0.09886696877387854
0.09280212201142254
0.08722227005144724
0.09825509909200124
0.09134742145319111
0.09281398994543662
0.09637960674635206
0.08686895545464582
0.08644556583066543
0.08541318451618561
0.08322635366259
0.08467606611397618
0.08321594311676633
0.09009069884643675
0.0908164597904453
0.08124311511923084
0.08504903427898311
0.0879297033610503
0.08392633448910111
0.08497719552867168
0.08838850510521577
0.07613096381537617
0.08150005466125619
0.09733070494929472
0.08441555935602922
0.07116143036658357
0.1100120610020195
0.07968399795488669
0.08685144503385975
0.0948127112369268
0.07654642924272384
0.09155638747347089
0.07985514422448782
0.10458813691019224
0.07621962805995001
0.07647305843062126
0.0909524936372271
0.060786187667802624
0.11845195078550695
0.07518638599610243
0.06940523288212716
0.09141198369011713
0.0685269647131463
0.08278222240937444
0.07965523413373515
0.09244429098460107
0.06651169150584163
0.09346514931844117
0.08148809505196718
0.07664787580903906
0.08538716505998029
0.08589000476237674
0.0891612126261372
0.07161875777304745
0.08785678184447954
0.08311248115675811
0.07738533219000181
0.08805198048626503
0.09005981370842514
0.08364510157038099
0.08693027904507919
0.08439023737580731
0.07765217647314644
0.09477369346870826
0.08925224897997955
0.093224629573524
0.08656860097365167
0.08796250649656241
0.09623982906968405
0.09997813706554902
0.09372675069249593
0.09014029919098203
0.08785185199096585
0.09223081629651671
0.08696691788735245
0.08498127563417746
0.08138635609155664
0.08453282232288845
0.08393747568345414
0.08685579711499695
0.0751778918873662
0.08846208348494167
0.08913311344356491
0.08204066373336201
0.09299836455432411
0.07887179894874302
0.07386484524020209
0.08764656753494189
0.1032645447878167
0.08778108777478337
0.08182325795149574
0.07514680791108941
0.09440684805337626
0.07494215338687914
0.09356548789028939
0.09594294941052794
0.07435696529976737
0.08904536934569478
0.08829328126291959
0.09068917072962414
0.0753309490700933
0.09243564246795498
0.06942307589342818
0.1011385223040214
0.0708923583277143
0.08297753990627825
0.07639793943828688
0.08394024702406919
0.09278914575966504
0.08813585354319702
0.0695320370571258
0.09699065854701285
0.07593720856552513
0.08356514214179837
0.08737794614638775
0.08283656650007917
0.1028139016394002
0.08803338040239536
0.08901350030030769
0.06910396751661141
0.08502743964513335
0.09333753192062991
0.06820149302052764
0.08319032007398514
0.08167961757056988
0.09401583772582503
0.09666436685320849
0.07691933706295319
0.08323227184099288
0.09870387932572228
0.08976850613880043
0.08710841256050536
0.08406974109798634
0.09074789638129564
0.07733571164739819
0.09180108269479556
0.09357354876298744
0.10108148301145635
0.08216454063278014
0.09129180965873485
0.09499752948580023
0.0883448388785697
0.08712523480913101
0.09356510238721967
0.08474716877457328
0.09210856065082436
0.07823276758516351
0.10020056780732166
0.08736510201572226
0.0785288035726318
0.09113078681537165
0.09224315452067038
0.09306800016739335
0.07517725627045506
0.09918913363765638
0.08833888129761013
0.09078665864295685
0.07917068410628977
0.09654847761759391
0.0948573085371978
0.07943253143994998
0.0817148631832634
0.1002637181744481
0.07622300352310189
0.09241925887136648
0.08237126473910533
0.08768399773935716
0.09045494734846915
0.08425968983927025
0.08492538140047914
0.08238453717651562
0.08685622222793217
0.08891850315894072
0.09364929540584294
0.0881689592783984
0.08756924261553929
0.09585538239312322
0.09648865777909613
0.07394546261057258
0.08929932602914051
0.07686201389878988
0.08991830422310158
0.091477276578259
0.09468207840288345
0.07602342984352548
0.0844725702996724
0.09672385699545535
0.06543066681255229
0.0914466854578887
0.08174283259476607
0.0899601866509049
0.09034492697638388
0.08008197638868855
0.09324538564452758
0.08650705838361039
0.0906336743344302
0.08423692310372224
0.0823153915277754
0.08871491260719128
0.08707263653497928
0.08371338898924967
0.09618513331515714
0.08956055666069285
0.07996631622887575
0.09014905039187467
0.0852297333516897
0.087226076110696
0.08643788668403152
0.08529522104475361
0.07871550636392875
0.09092738699132147
0.08121734360018029
0.09229089580028532
0.08889110054946146
0.07522538224629198
0.09139862284064293
0.07798682502829112
0.08832030303668804
0.09555895945702035
0.08122104911420208
0.08881381081256012
0.0912743033339771
0.08256115180064136
0.07838710860635799
0.08767065963922785
0.0741350588178298
0.09523111724635012
0.0794097352438257
0.08751274824429017
0.079325842191107
0.07742513283155858
0.07273677826787417
0.10213166620546522
0.07860390903929679
0.0683218373487202
0.09146786172730992
0.08042077630379936
0.07885836122127679
0.09777818860736891
0.07169315462502149
0.0965662491042167
0.07754966582601461
0.0874957147699136
0.09347098648834687
0.06757977159107283
0.09299148252556244
0.0803911278454157
0.0840177389076696
0.08271574055095418
0.09327582125731099
0.07941549054275339
0.07858050094845777
0.0817050003572009
0.08481536485890571
0.07797129369842318
0.09737818623319841
0.0828753723484764
0.08695548059991919
0.07805048372381582
0.0742497691956277
0.0894927223213017
0.07832066628347653
0.08415731573477388
0.08202094217189229
0.08510637430008501
0.08554880941250863
0.0812561601064562
0.0670698067979314
0.08404567791440058
0.08924204996930292
0.09030413624669353
0.08304213198761527
0.08665767587506427
0.08518395983220006
0.08668837104207622
0.08327303964268559
0.08810555238384181
0.10344131238257083
0.07567225619165513
0.09120069239109468
0.0825519156212417
0.08635073177194079
0.07641552099958063
0.0814558118313121
0.09336258422296781
0.08735086601943924
0.08626204705550873
0.07934360028101274
0.08520195913644364
0.0832761348834118
0.0893564194548302
0.08232580799645242
0.08927823883266403
0.07566580869651471
0.0960114658004246
0.08841399694434725
0.08879984483579532
0.0855054177916967
0.08232660663958925
0.09278203282648555
0.06817204404550677
0.10800231195507178
0.07782439343953648
0.08996550294284064
0.0905403291215547
0.08869808374438434
0.09242235074500338
0.0835931836515486
0.09809132973806789
0.07647930266550527
0.08798012744429377
0.08261316559868506
0.10234312935051723
0.07835606316713473
0.09479019137171026
0.08550685038291983
0.07657123022453072
0.08127705592375535
0.09887452195040308
0.07513140175175907
0.07628588048884502
0.0886835557802652
0.08819689156415944
0.08432025737666453
0.08247098592468179
0.08139315225685445
0.08994319067793326
0.08493037301903734
0.08793762397164336
0.07711193497704628
0.09502608516396811
0.083629563253355
0.0693997676914128
0.08605426650745078
0.08469553903201953
0.08266442614750794
0.09441110400590473
0.08497022722059717
0.08286505589404931
0.08605042593911863
0.08526637185758983
0.08742888716604703
0.08075585050794941
0.08370074905598393
0.08833933660688882
0.085169248594992
0.08832639547673841
0.10211973053295738
0.07853077231154132
0.09823302154142696
0.08778660989438113
0.0879641360236117
0.09219471235723736
0.08338835488001888
0.09436524752169274
0.0772677308288761
0.10153252353932028
0.08174394817234805
0.09450886898960631
0.07221857439010189
0.09828903142076273
0.09211854483717336
0.06499100641275828
0.09575062116805035
0.09551194713880809
0.09364575165359733
0.07490695879991668
0.08229091305357332
0.08577789325589458
0.08690888821863785
0.09154308085831311
0.10340059174475474
0.07101259941521745
0.08093770860443608
0.10690592813592117
0.06254611596321831
0.08725952708628029
0.08604837426772484
0.09794042678191685
0.08257046931853088
0.08726547005890797
0.08588047432892311
0.08439276052925448
0.08015594940650492
0.09172645178086196
0.0892141648245832
0.07615484746101384
0.09296194256211703
0.076436924139181
0.08496556839404198
0.0820834080939396
0.07612152460675974
0.07947378115227016
0.09571497417413272
0.08871732402207831
0.08068147027471032
0.08759944716092342
0.08585791849898389
0.08579799459100916
0.08183480433877915
0.08729962185383416
0.10607939023667803
0.0808113117200824
0.08835731426862857
0.08668294058969388
0.08602055233115187
0.08704498956481424
0.08846178784823189
0.08888492881893538
0.08730485383689833
0.08070278449001937
