-0.00013500158361589106
-0.0001334184234460386
-0.00012076273594105329
-0.00011825187449665883
-0.00011053309896781754
-9.707236122966816e-05
-8.550178888701618e-05
-7.79190995112563e-05
-7.089391426863865e-05
-6.107943084386464e-05
-5.2434443652880593e-05
-4.412280412417693e-05
-3.766445851607177e-05
-3.3759282198913685e-05
-3.158683715670262e-05
-2.718869456237791e-05
-2.4999796397213895e-05
-2.2602371525583574e-05
-1.9768190031754785e-05
-1.8248795934666234e-05
-1.6218167561769055e-05
-1.5187769139839265e-05
-1.369207283670011e-05
-1.2826288562232198e-05
-1.2306406433009005e-05
-1.1751296649610875e-05
-1.1278970990903102e-05
-1.074450789858999e-05
-1.074748131661461e-05
-1.0230450187429177e-05
-9.721741270578394e-06
-9.056875765404234e-06
-8.565540771926933e-06
-7.98786322075802e-06
-7.782213588842962e-06
-7.760265928552074e-06
-8.025030883100744e-06
-8.446873415288372e-06
-8.16794219924934e-06
-8.389207897170518e-06
-8.612444169277576e-06
-8.98327443092757e-06
-9.576094733067573e-06
-9.24808006787386e-06
-9.006410688855865e-06
-8.431933929387015e-06
-8.656566079970127e-06
-9.636572576710023e-06
-9.238103582622269e-06
-8.545709156001417e-06
-9.27293785935035e-06
-8.795380591226813e-06
-9.12828556745528e-06
-9.237060658051632e-06
-8.99089858509027e-06
-8.686215789146864e-06
-8.712777274083168e-06
-8.987668703551978e-06
-8.410297778027597e-06
-8.459794298687483e-06
-7.922085863426149e-06
-7.6813449385764e-06
-7.155760634374858e-06
-7.210220967233629e-06
-6.396318929966163e-06
-6.48940482418626e-06
-6.008787484181364e-06
-6.169189334916434e-06
-5.909594137147696e-06
-5.650820269063563e-06
-5.407452219794952e-06
-4.89293194662493e-06
-4.587125721837555e-06
-4.6852350211478415e-06
-4.679262082600661e-06
-4.3258171829690514e-06
-4.204546187863273e-06
-4.181605436315294e-06
-4.0344338405982575e-06
-3.983581256341914e-06
-4.520331773304721e-06
-4.146834096620576e-06
-3.634505838607975e-06
-3.2037792047608843e-06
-3.0583486407592247e-06
-3.05664835090843e-06
-2.8532359500296968e-06
-2.9422275579585964e-06
-2.7540314966664973e-06
-2.513912519274387e-06
-2.5633085617580667e-06
-2.563496316445078e-06
-2.5020649060864415e-06
-2.1741103392532052e-06
-1.9533346630851154e-06
-2.2867241603727542e-06
-2.1848159331756716e-06
-2.5988972958237775e-06
-2.174581588685844e-06
-2.4907096548514136e-06
-2.7120086227883943e-06
-3.1663486949512916e-06
-2.936676635447209e-06
-2.645923530928065e-06
-3.910082992101357e-06
-4.436283492955576e-06
-3.6672272542021416e-06
-3.7658796267910824e-06
-3.3696902391966433e-06
-3.0638731354534126e-06
-2.8617046119996725e-06
-2.9407975384506593e-06
-2.9519309184531895e-06
-2.966441105365028e-06
-2.842208358253209e-06
-2.7619476161187495e-06
-2.7657153343450494e-06
-2.841588289251936e-06
-2.953179623196215e-06
-2.8013187427579676e-06
-2.7087553077693045e-06
-2.647579101623985e-06
-2.4876304311104693e-06
-2.7610626847700375e-06
-2.7522885655064154e-06
-2.592644292375413e-06
-2.521123930749197e-06
-2.705911191906825e-06
-2.6418372376960736e-06
-2.654395036818012e-06
-2.6166391762671994e-06
-2.5140253525863116e-06
-2.531359670963586e-06
-2.694577740560187e-06
-2.4224426432248526e-06
-2.472742237212235e-06
-2.7435414652315488e-06
-2.92904629322248e-06
-2.4327751466793976e-06
-2.8498660517820657e-06
-2.407427655271022e-06
-2.489419249776312e-06
-2.612740623729993e-06
-2.4602134474732267e-06
-2.33666247508014e-06
-2.460650165840679e-06
-3.3286695235381976e-06
-3.5731041827183126e-06
-3.2442869374230772e-06
-2.8434893885367694e-06
-2.4275260819614723e-06
-2.559640580119986e-06
-2.7114799020357447e-06
-2.516031886793476e-06
-2.4440616855897063e-06
-2.45366408517629e-06
-2.2152206418888033e-06
-2.2983203367542817e-06
-2.2341106299651215e-06
-2.3816206241742923e-06
-2.1053275584283537e-06
-2.3164206210752196e-06
-1.739840592143502e-06
-1.8573032740767723e-06
-2.0075552339011873e-06
-2.3362134050750264e-06
-2.881092607892172e-06
-3.07529083049583e-06
-2.788571051636469e-06
-2.860445206701675e-06
-3.051046038448336e-06
-2.9868437965118434e-06
-2.789377717468037e-06
-2.657291522085031e-06
-2.9696884911782733e-06
-2.7667468552513477e-06
-2.4604306942749714e-06
-2.079258197577124e-06
-2.1841270399118703e-06
-2.2771765578419524e-06
-2.215463560927534e-06
-2.1765147021841797e-06
-2.112601630590059e-06
-2.142050743714208e-06
-2.431245065263983e-06
-3.152076767666865e-06
-2.923483851610889e-06
-2.208055761562159e-06
-2.24618225519617e-06
-2.2918839476915308e-06
-1.918992452724174e-06
-2.0637395804302426e-06
-1.9907641357209424e-06
-2.2006323468723656e-06
-2.6064764824695887e-06
-2.647490583303107e-06
-2.9951063075154357e-06
-2.7601863866248793e-06
-2.6254570352298638e-06
-2.4158801282353053e-06
-2.5414505636525483e-06
-2.762325644093485e-06
-2.8362396803389017e-06
-2.6269397879402208e-06
-2.5968626337439325e-06
-2.532072714809776e-06
-2.64406456573432e-06
-2.5263353808650907e-06
-2.621452229225095e-06
-2.7931747074315074e-06
-2.6112332062229353e-06
-2.5985761847270905e-06
-2.5351146457698913e-06
-2.6176914861235463e-06
-2.2354186617471547e-06
-2.3610297515775667e-06
-2.822406360372462e-06
-2.8552591384840736e-06
-2.8835496008328984e-06
-2.8345649577833964e-06
-2.7245937592222335e-06
-2.6565481186060844e-06
-2.4083345264303855e-06
-2.4841759778400257e-06
-2.451729978229895e-06
-2.9191011925342116e-06
-3.1163543973469553e-06
-3.022206024420134e-06
-2.625642589639308e-06
-2.5800970293997896e-06
-2.4907239164279486e-06
-2.4511755152791293e-06
-2.3083953745019523e-06
-1.6940634273291485e-06
-1.478173965971599e-06
-1.9895846260344394e-06
-2.056989534629303e-06
-2.333832515852499e-06
-2.3960410317158677e-06
-2.1724774097282743e-06
-2.1521931487838558e-06
-2.318563572491537e-06
-1.6164197089752774e-06
-1.718139004389321e-06
-1.8685882248694095e-06
-2.183279982021374e-06
-2.297840326439025e-06
-2.620157993778076e-06
-2.441657803641507e-06
-2.7493770211059688e-06
-3.0288452447936063e-06
-3.0955434515187963e-06
-4.088284836493236e-06
-4.224702668300149e-06
-4.36890036675882e-06
-4.345690250864629e-06
-4.427546299176846e-06
-4.318004889333119e-06
-4.363455529808282e-06
-3.998328079782928e-06
-3.5626499503940488e-06
-3.4829841612148672e-06
-3.819557657782123e-06
-3.3394147451942375e-06
-3.113713627009509e-06
-2.7655943435652613e-06
-2.794948571905619e-06
-2.6808490754494696e-06
-2.671924994501751e-06
-2.4898062257796903e-06
-2.1537310133750835e-06
-1.9615301390821024e-06
-2.188490694047337e-06
-2.2579809130827644e-06
-2.4692035017673893e-06
-2.3535878531569883e-06
-2.506892580920696e-06
-2.0477962362537465e-06
-2.0580470268564216e-06
-1.915954103773961e-06
-1.6943454966167337e-06
-1.796549171418659e-06
-1.916325564147533e-06
-1.6436040858444848e-06
-1.7136921962026883e-06
-1.5941019245684191e-06
-1.716560035884658e-06
-1.6111648549737695e-06
-2.0293560282880206e-06
-2.1803614747393743e-06
-1.7535072909315484e-06
-1.928873407800543e-06
-1.8784094418851265e-06
-1.996901654330521e-06
-2.089058672866556e-06
-2.2469449539550203e-06
-2.016276583232796e-06
-2.2249093245381328e-06
-1.9697638558332424e-06
-2.4913848287374443e-06
-2.2694993486556296e-06
-2.301891978417049e-06
-2.3062980499861834e-06
-2.392216566267262e-06
-2.1335550487632506e-06
-1.827896399985408e-06
-2.282806298563418e-06
-2.5172306078065257e-06
-2.8667037055968717e-06
-2.6693862659717876e-06
-2.5765403874034887e-06
-2.6327974935086858e-06
-2.7562981183739163e-06
-2.807885812217137e-06
-2.8874718422090295e-06
-2.654121457313662e-06
-2.539538872252496e-06
-2.4271276883015303e-06
-2.4177835467316283e-06
-2.3120787948125953e-06
-2.9663020226367873e-06
-2.949363281983936e-06
-2.9346251372212114e-06
-3.1648708115356455e-06
-3.2638561361426792e-06
-2.9948988762603572e-06
-2.9111327666424377e-06
-2.899653222462243e-06
-3.0354801345730755e-06
-2.5996382856437077e-06
-2.5939239829033164e-06
-2.3593078962081705e-06
-2.2416000459858107e-06
-2.5667431705537288e-06
-2.857945568953605e-06
-2.749723405661196e-06
-3.114746400220051e-06
-2.99247332385186e-06
-2.7976756602863765e-06
-2.6127141784225106e-06
-2.594886375216167e-06
-2.539125762268668e-06
-2.110150489897933e-06
-2.251167090714891e-06
-2.093171505853556e-06
-2.210342609032523e-06
-2.1746450889063104e-06
-2.1809407056795092e-06
-1.621856617580656e-06
-2.075012503155449e-06
-2.364652363422255e-06
-2.1112508088313356e-06
-2.418891255309483e-06
-2.0274833751990138e-06
-2.242262598883826e-06
-2.1935707851438426e-06
-2.3476066556983053e-06
-2.0790589657665875e-06
-1.763246417305289e-06
-1.6796318767284481e-06
-1.952718728786679e-06
-1.4989408013067217e-06
-1.6171567897170183e-06
-1.7146734640286572e-06
-1.4825695101395607e-06
-1.5803504136504042e-06
-1.350634240155229e-06
-1.8683901036918262e-06
-1.75818923323207e-06
-1.8091423219000437e-06
-1.7960002388952908e-06
-2.102336798788411e-06
-2.3132572201015696e-06
-2.0543926806427547e-06
-2.1118424386328957e-06
-1.9460308137170684e-06
-1.9169509397005852e-06
-2.2877197492422198e-06
-1.966920282169527e-06
-1.8923533703995278e-06
-1.9252521374605398e-06
-1.7095298307350066e-06
-1.676333858295738e-06
-1.2504013948973108e-06
-1.440585807498652e-06
-1.8984993333176066e-06
-2.0430639691627362e-06
-1.7076282032436351e-06
-1.7267566660778426e-06
-1.8117183292186104e-06
-1.675422376697847e-06
-1.7955096242216175e-06
-1.5943728088202008e-06
-1.6821810592003972e-06
-1.4029250276227964e-06
-1.3346805819590093e-06
-1.4774357536085657e-06
-1.5749432087921797e-06
-1.5772107120098483e-06
-1.7352080721348802e-06
-1.492213541846118e-06
-1.5154838505483126e-06
-1.9469010217457813e-06
-1.7831135647401634e-06
-1.7922643110068747e-06
-1.586708615902283e-06
-1.5311235022006887e-06
-1.3361805888332758e-06
-1.8378382789635978e-06
-1.864749844151867e-06
-1.671949109130275e-06
-1.6332737476869414e-06
-1.3359951690990084e-06
-1.3139765314917896e-06
-1.4072411868955196e-06
-1.3057495922252061e-06
-1.485751041540285e-06
-1.6010936458489876e-06
-1.6877010606409526e-06
-1.496464735212682e-06
-1.6936876136242064e-06
-1.2853492202898801e-06
-1.3762686019337987e-06
-1.4151314819453266e-06
-1.3087488451464407e-06
-1.3588127068522646e-06
-1.060516996613632e-06
-1.6597847259338148e-06
-1.6926073595431472e-06
-1.7197816410211648e-06
-1.542220700055343e-06
-1.5357487514987812e-06
-1.4196650366871976e-06
-1.5282449724579167e-06
-1.9746346459634457e-06
-2.000561349072646e-06
-1.9179035654395614e-06
-1.8628756694082628e-06
-2.123281316156723e-06
-1.7159842610243896e-06
-1.4849220930885238e-06
-1.653829505043037e-06
-1.795029318320583e-06
-1.425399085956787e-06
-1.5779894563540717e-06
-1.604179342743569e-06
-2.0041945232990725e-06
-1.966562077681234e-06
-2.16725964212226e-06
-2.1119448389911737e-06
-2.2019169136910932e-06
-2.2099168850567927e-06
-2.419662293435137e-06
-2.4034344733081524e-06
-2.5172248779899047e-06
-2.3360166358962977e-06
-1.9370866119481012e-06
-1.9590167329834704e-06
-1.9846662763274463e-06
-2.087381907446028e-06
-1.8662408172951054e-06
-1.7309835374572476e-06
-1.6337097734391975e-06
-1.7087905811982077e-06
-1.8292666726875513e-06
-1.997167118343686e-06
-1.968741008358148e-06
-2.2626799398914536e-06
-1.6346788557851911e-06
-1.5399119599980902e-06
-1.1206891529652169e-06
-8.889315040505608e-07
-1.0201242074659744e-06
-9.308705609957822e-07
-1.2569628237403008e-06
-1.613383955583021e-06
-1.7595574245905691e-06
-1.5609595913282158e-06
-1.2780921346907585e-06
-1.2932976093137627e-06
-1.394026267357381e-06
-1.8968152814452948e-06
-1.7550536750394922e-06
-1.866517468093102e-06
-1.6703563040629469e-06
-1.8427296953842205e-06
-1.8470272817257165e-06
-1.951620339031461e-06
-1.9696873236031165e-06
-2.088688501526821e-06
-2.2090837284430076e-06
-2.6037805127998583e-06
-2.8771201798987862e-06
-2.8234934793894915e-06
-2.738089159930286e-06
-2.7765781291796324e-06
-2.4206848033477748e-06
-2.271775471084626e-06
-2.155555823544721e-06
-2.677490745274834e-06
-2.385209609201411e-06
-2.009139720590051e-06
-1.8662561895045934e-06
-1.7955063360484648e-06
-2.0879804756427453e-06
-1.949315945309466e-06
-1.624860762533969e-06
-1.875613382323466e-06
-1.8196488344284051e-06
-2.1034731354610323e-06
-2.093856115747118e-06
-2.048340936128695e-06
-2.1815979975004807e-06
-2.2617091557409507e-06
-2.2614926295388545e-06
-2.1066747719417504e-06
-2.096164878541738e-06
-2.241130379423759e-06
-2.1397843931061708e-06
-1.7310886540564333e-06
-1.6704043761050204e-06
-1.9833246579554935e-06
-2.08731566474923e-06
-2.2319616339070935e-06
-1.7128496560522203e-06
-1.5254621005694319e-06
-1.08889836733047e-06
-8.830105877258085e-07
-8.330469628302895e-07
-8.46719499000196e-07
-5.282931117387937e-07
-5.060248803636988e-07
-5.740002979319587e-07
-5.173730611519344e-07
-3.824790177567103e-07
-4.298457637420282e-07
-6.676038787225899e-07
-3.9345294497322286e-07
-5.60669904923718e-07
-5.719560800361461e-07
-4.5057756035650806e-07
-5.123246602614437e-07
-6.001513620154023e-07
-5.80522551165184e-07
-5.74786014340134e-07
-4.654404921648865e-07
-5.481113187390572e-07
-3.176448807642793e-07
-5.064024785147362e-07
-4.849375758252651e-07
-6.867704139669793e-07
-7.661372076374671e-07
-6.573927259104004e-07
-5.624041923860764e-07
-7.590159402053149e-07
-8.840188806621322e-07
-9.04099962239203e-07
-8.888302108271791e-07
-6.75647278897556e-07
-8.770843202490561e-07
-1.1459211936408582e-06
-1.1393975473066138e-06
-1.007228866001242e-06
-1.03977415794641e-06
-8.822334524875959e-07
-7.417749884552904e-07
-6.714071708721839e-07
-8.086739189121335e-07
-7.11402730338215e-07
-8.30180760238783e-07
-7.032336699152298e-07
-6.606272060812794e-07
-6.724053343112666e-07
-8.914833747789648e-07
-1.1875004369917756e-06
-9.078478665987159e-07
-9.231634005748044e-07
-6.766698036769342e-07
-5.958932499302486e-07
-4.717805403778094e-07
-4.901484019753228e-07
-5.345205841842052e-07
-5.575663338347043e-07
-7.68850758102137e-07
-5.282061609845047e-07
-3.6689276831006843e-07
-5.416266438155267e-07
-7.572623251060297e-07
-5.403244542251811e-07
-7.442833206229038e-07
-7.807430725174177e-07
-6.861485312233876e-07
-9.805665740714176e-07
-1.052271167841704e-06
-1.2333537842306005e-06
-1.011084147578983e-06
-9.455170050806863e-07
-6.909996036833596e-07
-6.770112909529976e-07
-8.234590189623794e-07
