2.222441229224205
0.8753692818375735
0.5963550614085622
0.7844590685115411
0.657833893597126
0.3922045752979242
0.30630048696811385
0.3274093745992734
0.27628021970964395
0.21546329097965589
0.1560339229861991
0.11878334024491219
0.11196012109374771
0.17990872016749704
0.07778018448466005
0.059460085809517366
0.05990897325010827
0.0479735067114234
0.04433656487470636
0.038188887766311665
0.040002443575157
0.03725868228894587
0.03860475618320589
0.08426086857126883
0.0437061632087884
0.041997229134162456
0.04306231209864983
0.045783986903440495
0.047905754783334066
0.04467215567576484
0.04549116924440918
0.054790254779016744
0.043710450555842655
0.04844063907199038
0.05242196764402951
0.04767289526330737
0.05323194130682028
0.0471857317418863
0.053536421262945694
0.0478879492622442
0.05418310976909617
0.05678812132503551
0.050965884836533894
0.051395285989229496
0.05345530232701164
0.05776521937491802
0.05086301130314286
0.05693408646083509
0.05593810032050197
0.056392569019674106
0.05860232225834177
0.05138079696334898
0.054567682911426975
0.05882159429602325
0.051970741066795126
0.05390809564493024
0.05592677859016336
0.054307451733173084
0.05799563765669098
0.05627894517607414
0.05601683987053828
0.05557947495164206
0.05754400801200133
0.056177041511266276
0.056907514292890066
0.056907375568810564
0.05708664683625102
0.05486626164056361
0.05628368743480398
0.05822590076221296
0.05580721580817436
0.05425928401259276
0.05580791509352051
0.05846253902149888
0.04840368734887586
0.06203460031762146
0.05182681971659454
0.059083978389389814
0.05816519373956208
0.052419447293505075
0.05531133971391962
0.05105434542593475
0.05649748999410524
0.058703759463074115
0.05822351607852257
0.05274100891636828
0.055594267065708455
0.05755624468796528
0.047402019838157755
0.0582434970079563
0.048999897820445205
0.05804144180594729
0.052400951456421846
0.05641469901893288
0.053573134374948074
0.05078667754916331
0.05628047467997441
0.05495098518709151
0.054523285551784706
0.05788200421688648
0.0481166193046822
0.05391381065576122
0.05481803998207817
0.05076239767412727
0.055793821811676025
0.045508083566808355
0.05925435713277413
0.05114531902811275
0.05554519132352792
0.056365707477268115
0.055804641609295054
0.051441159373364194
0.04780792803503573
0.06082711613450486
0.04968302582318966
0.058896396230333124
0.05215699850366666
0.0535133957504653
0.054039166330431515
0.05281746251365313
0.055113433448311225
0.05696837302082433
0.05511155966848422
0.057622191331420956
0.051875160494819286
0.057089261467067096
0.0581554719981236
0.05138953327058027
0.05288374458009807
0.05507679648983937
0.053706898966517584
0.05653303207901235
0.05414764155956128
0.05515923894261225
0.05743807529529127
0.05435365019724346
0.054702594184961456
0.05279930251686332
0.05564095001094616
0.05666222666712621
0.056210984289646146
0.05401413918902668
0.060741970620046444
0.0529407946106333
0.05871236914625535
0.05391366660881501
0.05727390767290042
0.051151077130522866
0.05967112449535097
0.052842606643501384
0.05199620075380573
0.05898006798592038
0.05377300395988501
0.058973435047440806
0.05457341126524485
0.051131846046505065
0.058652733685448766
0.053766190751384085
0.05429739297654193
0.05863127184028809
0.050861002698254124
0.05938305592952439
0.05641744841391651
0.05237447400935567
0.05290244270044451
0.05409751471418601
0.05461134447787817
0.053829654270353224
0.053434143788539445
0.05850809445389761
0.050982778653717385
0.04528871535574301
0.06055426094322824
0.057350882212631404
0.04827674376205183
0.05815221580605094
0.050993081475966255
0.05576167059345887
0.056057161909456435
0.053590616632181294
0.053160519378546336
0.05823771831436226
0.04851619884049377
0.05738642664912801
0.05562030450942425
0.052717236114236024
0.05720729926027931
0.054178204983831024
0.054675024597404094
0.057983849720599556
0.0558190579382846
0.053797064037420426
0.056841471010389236
0.054995373332013306
0.05563776911451267
0.05750073458497914
0.05463551488131858
0.05476108703833933
0.054480142302166384
0.05440427740820898
0.054424854568563975
0.053731003862160905
0.05580083104566886
0.05635202512001762
0.05328482269631842
0.05412274414243606
0.055566064708937817
0.05425675582642166
0.054079341476496595
0.05602437927244375
0.05044924551262878
0.0529619932676164
0.05993201025904944
0.054418352131660165
0.04834883306354571
0.07110941914769893
0.05186551975874373
0.05591496833098623
0.05871070264480435
0.050855795580607197
0.057387021366650096
0.053027497432552854
0.06161200118680986
0.051333248224825816
0.05074034700743281
0.05694169874231403
0.04509339836927561
0.06819786304034865
0.05071453707865797
0.04911480443910338
0.05835605631224238
0.048662833511256255
0.05476694762921677
0.052722041244403675
0.05843101582991389
0.04867690229215301
0.058079604174082096
0.05413322992837773
0.051565517073210616
0.05459739304541682
0.05545831162195939
0.05631888372322114
0.049507007009994525
0.056043188435097153
0.05410898425258123
0.05134966315056842
0.05609908891089547
0.056697439373685765
0.05352478587211898
0.05446111815265165
0.05464772906942436
0.051186397141562055
0.05750923877080472
0.05428316322370218
0.056156917579042225
0.05355729170752546
0.05360908488957928
0.05684807105706288
0.05727574154734612
0.057018061648481166
0.05493072118037022
0.05479810882646304
0.05658616077942917
0.055390202443903455
0.054692772700666234
0.05358679798933176
0.05426601401458566
0.054673900734633206
0.05524196515862758
0.05096585553211088
0.05564480992392279
0.05555507151696545
0.05381336117593142
0.05770815544976638
0.052628173908362025
0.05079836359319206
0.05554540569607455
0.06089732209220529
0.05631512375548482
0.054317836950604735
0.052179252037491936
0.058837271804133284
0.04927482708500555
0.05826547137604883
0.05846212315731324
0.05002128973674889
0.05604089732066943
0.05447189931112986
0.05710213139939767
0.051753826883549875
0.057450159485093674
0.050626597952885696
0.06127977871264403
0.0497786891933244
0.054375677154614374
0.05189028223260091
0.054111466112618266
0.05689881158491167
0.05647514132567896
0.04813288233887691
0.05970114796565702
0.05142550318895911
0.054559288987030205
0.05508947295781511
0.053476318115225206
0.06072020585147234
0.055963124997483994
0.056865021117174855
0.04968939547319538
0.05481945767712135
0.05874292475457948
0.04866573673028212
0.054348626919090745
0.053829714172304824
0.057658446580171586
0.05870448066136585
0.05188054786457752
0.05401394916698336
0.060010080569638656
0.05618427672351782
0.05542837207277234
0.05397419107074921
0.05676786776703711
0.052009673398704485
0.0570350619749381
0.05750041343271732
0.060799330129073216
0.052894916922713704
0.056724486095257674
0.05729069714613545
0.055911465304402205
0.05528260711938716
0.057784648103496206
0.054912811410255155
0.057026865623461515
0.05242778338276996
0.06065801110190268
0.05542274734650094
0.05133957946314835
0.05756883341102646
0.05671790562426815
0.056841139971780086
0.051176814715234706
0.059577246030004555
0.056487219583672976
0.05600781702579787
0.052225564216048674
0.05943250549384035
0.058970125728788285
0.051955713539455946
0.054112520427084886
0.061100655475344795
0.05163386143529071
0.05765619584574149
0.05402654166906499
0.05682491678386353
0.05675869775004685
0.055008370200028786
0.05442530599136192
0.05421100094412955
0.05616858807177498
0.055779989987898335
0.05842787605495407
0.061102076007339814
0.05520576673488204
0.0592433773411008
0.06035473759357746
0.05082981235061127
0.05587203736918477
0.051814229456851116
0.056398430864255014
0.057199175713153985
0.05921182656445755
0.05173343572264107
0.05479383997690792
0.059909653688709326
0.048056711797387554
0.05696431602566288
0.05446002315013455
0.05681069111093306
0.05630433094472839
0.05349784285689776
0.05781489091638762
0.055511665451698576
0.05655658871938403
0.05499384871397454
0.05299782132586608
0.05651037108081464
0.05528074106774651
0.053773155948147175
0.05867234820213455
0.05625324123897232
0.052372062729241754
0.056347444630227984
0.0548539316174216
0.05566909645612423
0.05553138538693579
0.05498695599559981
0.05270862541734599
0.05736111282514265
0.053069006694624055
0.05784800410843813
0.05599368017596694
0.0510586526352339
0.05756795392013513
0.05214358801559473
0.05574487932742788
0.058817959666395414
0.05308704564097123
0.056747888254288295
0.05651488948183564
0.05422409725590394
0.052577206460185925
0.0565834653742898
0.051475581322581725
0.05969345689249726
0.05310126579939746
0.056538556000361076
0.052555647334800316
0.053263079308761424
0.050453112127545933
0.06222968978019288
0.053116721423486106
0.049207892426504536
0.057746148804345955
0.0540810164816391
0.05389600796625018
0.059704576095996
0.05050122029721164
0.05972778013047691
0.05265536402853636
0.05633739694379843
0.05794149674116992
0.04820869435341312
0.058696742936109124
0.052380247005762964
0.05513077891575029
0.053833118686452505
0.058895348470944624
0.053590080690068695
0.05251031526937508
0.053748455389331165
0.05533698935849735
0.05303488520618815
0.0594080058284677
0.055164413605458464
0.05628223480441823
0.052334685910206576
0.05175435903052298
0.057011775801388116
0.0527503920898128
0.05546344303382704
0.05432945878889698
0.05573695884981694
0.05561882151792256
0.05430208634441862
0.04899130461630053
0.05438867343518023
0.05661729415878654
0.057075798271510464
0.05394685224522478
0.05525066710005586
0.05510210585422241
0.055147225341687985
0.053997219640475054
0.055618527062380546
0.06183385632645625
0.05125023025231293
0.057640157023874615
0.053376914363784285
0.05602994196546766
0.05180590168501322
0.05367473660466763
0.05826373003208293
0.05582381933211134
0.05588607628328296
0.0524954360193358
0.05622414333674197
0.05407201425315669
0.055813518746827655
0.05297220703572608
0.056819915330897156
0.05076632281729521
0.05721899698703335
0.05609757282341329
0.05567806360240166
0.05462073162556268
0.053336859225796965
0.057698949576857
0.04816127510812993
0.0627894572985287
0.05123995248085031
0.05608702512243046
0.05579459184350876
0.056261631824935855
0.0571923989838419
0.05318523881097253
0.0601460386103449
0.05040830691846517
0.054848641988176565
0.053609667249167194
0.06122672461832945
0.05156221016166875
0.05818888518171242
0.05531270217437011
0.050982635532720734
0.05322131701888373
0.05968959411391272
0.05085433811092606
0.05285255595181997
0.05623517190106213
0.05593617758355462
0.05486395427097495
0.05437458796032633
0.054282835147415213
0.05737699273830423
0.055005497087796146
0.05714178044492235
0.051683178533298464
0.05996464468682042
0.0546574593664935
0.049794474073972264
0.05578053231852559
0.05546596996450367
0.05418075466206154
0.05851344362331124
0.05475814130443793
0.05437431585831711
0.055331324237900284
0.05464814555687973
0.05561644616178595
0.05352675474893588
0.054170985154521005
0.05634217081734767
0.05404232242681946
0.05533130686515226
0.06139986138575925
0.05340946984763902
0.059750414116737934
0.055065411642695274
0.055459562398923135
0.05716617896508139
0.0536572300363332
0.05813472100820106
0.051159120386896226
0.06031376339781743
0.05293475177425604
0.05748106718349915
0.0500877643792102
0.05787827387237205
0.05744357945110935
0.04611998384890075
0.05857473896959653
0.058693597369039285
0.05704928804547168
0.05023059556260705
0.05436448284711402
0.05444117505461551
0.05468045691243158
0.05719998517933373
0.06146289031737699
0.04948632554151118
0.052337470220831725
0.0633576369844377
0.04639853044914512
0.05463335145121584
0.05600590599844089
0.05868493811800503
0.054135772363784224
0.05617381143741883
0.05572617254219949
0.055425883245726046
0.05258401108977313
0.05822577581812556
0.05635454334820119
0.05181419205350372
0.05798057813842136
0.05126462898646983
0.05512525550304697
0.05421117357193277
0.05145362712657796
0.05289646348772714
0.05886772090497498
0.05652439221023367
0.05298810647084163
0.055857584381905884
0.05485511127357873
0.055348164955368984
0.0536889424905754
0.05646311201585027
0.07438355894186176
0.05327603763255936
0.05570907944168609
0.0552168113967547
0.05494105659353619
0.054914094056360996
0.05658887559906221
0.05550864793610974
0.05497495890595019
0.05299625728422633
