2.7347735831493126e+22
3.251496383997983e+22
2.0797314755837844e+22
1.1341601165451712e+22
5.400957455498546e+21
2.2610802114697883e+21
7.675569560776055e+20
2.6885182255627007e+20
1.5431216608886086e+20
3.297788499650694e+20
5.1046097800112026e+20
7.263751449660376e+20
7.94783975633077e+20
9.451739105254792e+20
1.0792087586763477e+21
1.2364903447613685e+21
1.1850879106561558e+21
1.251445265085243e+21
1.347868124484968e+21
1.2174296561292264e+21
1.3061305526697926e+21
1.3421573771987276e+21
1.3108563605523354e+21
1.2409487589942084e+21
1.2940012676164511e+21
1.305117385656315e+21
1.272688618946406e+21
1.2930912514385733e+21
1.2377720443156087e+21
1.2703684640172228e+21
1.2376130759095311e+21
1.2293074118955908e+21
1.224559615404387e+21
1.2095853512540362e+21
1.2200355492984214e+21
1.1714578010269931e+21
1.180736438510333e+21
1.1136086112882642e+21
1.1432609131582833e+21
1.1027267529629602e+21
1.1881368443560974e+21
1.1130925680571157e+21
1.124647045482344e+21
1.1383610508935074e+21
1.0905411382712024e+21
1.1337237528173914e+21
1.0938407871458805e+21
1.0297070038381028e+21
1.1568187367656385e+21
1.0590803553454331e+21
1.0948900782248311e+21
9.95153142192679e+20
9.911904681843984e+20
1.0224277588960633e+21
9.433017684907655e+20
9.998581826349207e+20
9.765796824148387e+20
9.942257276134522e+20
9.846693252101139e+20
9.754627388252357e+20
1.047829006983393e+21
9.506850823098675e+20
9.50488961372056e+20
9.413963496182283e+20
9.417540252841148e+20
9.43330192050433e+20
8.696566111977509e+20
8.626955996991884e+20
9.208544584639298e+20
9.205507577900195e+20
8.342590044925235e+20
9.07934190835169e+20
8.59631344017149e+20
8.527730795458544e+20
8.57112301034614e+20
8.135410994571153e+20
7.940943938767199e+20
8.498000845468411e+20
7.915746693999624e+20
7.623874291472332e+20
8.029948323792847e+20
8.569336115173316e+20
7.806965362877155e+20
7.831810606947412e+20
7.675582408484849e+20
7.398205566697611e+20
7.80417019727285e+20
7.492638326560652e+20
7.368537043208165e+20
7.304398233406861e+20
7.303633877281643e+20
7.221450946295912e+20
6.644965559519045e+20
7.34341105491354e+20
7.05104009524673e+20
6.448534896386695e+20
6.804729825267399e+20
6.966550844909518e+20
6.24301475128574e+20
6.191310542445015e+20
6.367556959776263e+20
6.070608616147322e+20
6.716226032661871e+20
5.463013440327664e+20
6.286066267778929e+20
5.797406908928575e+20
5.8700679365997475e+20
5.8912467092752925e+20
6.022104025387532e+20
5.579110181596296e+20
5.878589456195154e+20
6.042894259748591e+20
6.07542210889809e+20
5.3593680856715887e+20
5.7126770462030974e+20
5.120411847453013e+20
6.077829872913774e+20
5.545819968298337e+20
5.248105032983304e+20
5.172217831149739e+20
5.8390349848126174e+20
5.60719329998591e+20
4.988513834450678e+20
5.652889744814584e+20
4.6787664257766497e+20
5.084801295184539e+20
5.0125043364503106e+20
5.442081299274501e+20
4.424216108472131e+20
5.0703659376116184e+20
4.856098243095976e+20
4.699948259492566e+20
4.8989250234721835e+20
4.431824233648642e+20
4.57144025262152e+20
5.308457936685596e+20
3.803331900867638e+20
4.004846213185615e+20
3.911056112117718e+20
5.364918515095757e+20
4.052367511711618e+20
5.751475621948658e+20
3.744469049910328e+20
3.735771050917504e+20
3.900105517603101e+20
3.5957802859039975e+20
4.609809362508384e+20
4.508994493153209e+20
3.4703119327194304e+20
3.198993780263106e+20
4.365416684111737e+20
3.868331707438328e+20
3.777791124010459e+20
2.7881547338435815e+20
3.51518142571845e+20
4.4505768354689194e+20
4.17680963148951e+20
3.609013167490714e+20
3.817183101783484e+20
3.513165700862275e+20
3.552794192044216e+20
3.506305087969468e+20
3.185715795017862e+20
3.1289603390917136e+20
3.135552391025612e+20
3.117496604868592e+20
3.3170663161853274e+20
3.058183285688939e+20
4.0053848683301097e+20
3.730950990868361e+20
3.18356638037371e+20
3.170758680271765e+20
3.382343481161194e+20
2.8637831126698354e+20
3.0412728915808997e+20
3.2381925335840896e+20
2.2315016720119595e+20
2.969424170921122e+20
2.9387233426909476e+20
2.1501813400377895e+20
3.66435224810028e+20
2.089795559246271e+20
3.135224942930409e+20
3.128847140817366e+20
3.6195226690649044e+20
2.761836048111704e+20
2.7546075616334096e+20
3.289951250460028e+20
3.28083259523398e+20
2.6852220677389343e+20
2.693134056655387e+20
2.6575794346827065e+20
3.475505816572679e+20
2.618314761410747e+20
2.6228065103326377e+20
2.5898688126417492e+20
2.5588395443877282e+20
2.2855300498450868e+20
2.5280631462159093e+20
3.095272087360492e+20
1.9783185382121085e+20
2.2168913131235603e+20
2.4701874543902025e+20
2.467051499047449e+20
1.8787893173156427e+20
2.1609733450549513e+20
2.1264074107041923e+20
2.9520062686339806e+20
2.108433744195006e+20
3.45758316706471e+20
1.8348058706673795e+20
2.331564849755156e+20
2.6393829521421514e+20
2.0686156811386506e+20
2.0629141338214266e+20
1.7625813118136163e+20
1.4720077781882677e+20
2.297142023693555e+20
3.417580192709998e+20
2.0363336849035677e+20
2.290759786319761e+20
2.0271558872007954e+20
2.8192698698959965e+20
2.838212696700595e+20
2.5483842046717444e+20
2.2513407641975387e+20
2.5453941145378338e+20
2.25654840569003e+20
1.9949162725083277e+20
2.2585976629655067e+20
2.5166822068253386e+20
2.2560604634789275e+20
2.2662327460949737e+20
2.257797291903459e+20
2.549820463382162e+20
9.564189488433071e+22
3.557811606735994e+23
2.000246339953399e+23
2.482362020639707e+23
3.196177564660929e+23
1.9318446170491674e+23
1.0839221207747124e+23
6.0520414653063054e+22
3.2923299502086293e+22
1.9315282791880953e+22
1.2711875966885436e+22
1.1184118496891117e+22
7.614285153529202e+21
8.840832610174884e+21
7.649337086228512e+21
7.588140556822632e+21
1.104708645988439e+22
6.825884560385907e+21
8.541889718892678e+21
7.813946963458317e+21
7.720138238490326e+21
7.80100712655245e+21
7.744885328176469e+21
7.882543630361462e+21
4.1069218977343545e+21
7.790247600499811e+21
1.1342456812031349e+22
7.850058150909455e+21
6.883562520370859e+21
1.15456748523273e+22
9.61639392781345e+21
5.977324040889808e+21
6.98827426002709e+21
5.989739666106574e+21
5.947219755162956e+21
5.072379181428262e+21
1.0680717970896799e+22
7.046294057974131e+21
9.684032781516506e+21
6.182054448400819e+21
8.732703656853725e+21
8.89002595477569e+21
4.2268694602685025e+21
8.687580391428683e+21
8.967904849997995e+21
5.136054656352999e+21
8.791284254989052e+21
7.906227220030634e+21
7.892204604372409e+21
8.750747903619295e+21
6.093345834032911e+21
7.7417157840729e+21
7.854557400936487e+21
5.981602642953247e+21
7.969063932814602e+21
5.936386178998224e+21
7.683571239934619e+21
6.005123422759533e+21
8.602795701166828e+21
8.757648328170418e+21
8.64123578226258e+21
8.912422005232127e+21
8.770484128406457e+21
5.086570865572547e+21
7.939905781376822e+21
6.106301297942317e+21
8.804975403549511e+21
5.991753401963129e+21
7.868695955596321e+21
5.983093686814926e+21
6.027182499493323e+21
1.1492162176504574e+22
5.949393229963338e+21
9.54852778090151e+21
7.907535927650188e+21
4.2064347114814927e+21
6.815408659481088e+21
6.94939327896366e+21
7.007730150352495e+21
8.742640739277368e+21
5.986398678571831e+21
6.983886477609271e+21
9.669492851118055e+21
5.976408625805358e+21
1.160426377887415e+22
8.732429737044298e+21
8.022034154663245e+21
7.822173166274385e+21
6.081469178184148e+21
8.800436075004231e+21
6.92498530708167e+21
7.894861312029696e+21
7.770282260494588e+21
8.7791184436858e+21
5.104496315824196e+21
7.896904657835881e+21
6.905493365495379e+21
7.816795897549397e+21
7.90519530353592e+21
5.163358199481923e+21
6.859571005602608e+21
7.953756960911395e+21
8.628268341592914e+21
9.714509216677326e+21
3.293771231946786e+21
6.910225170960117e+21
1.0738203415665455e+22
5.978048046494519e+21
6.016185769335481e+21
5.150761550129463e+21
7.88428006451381e+21
4.14664828753709e+21
7.934404660684944e+21
1.157605294798008e+22
6.031328812648092e+21
7.965387806286891e+21
6.003336610134658e+21
6.110829187236284e+21
8.634897350108659e+21
7.968920597907639e+21
9.64637553970858e+21
8.826074455204128e+21
8.641587715297644e+21
7.756159969134129e+21
7.01290783491486e+21
7.840643751278621e+21
7.696971418338936e+21
1.0736841478421315e+22
6.898456683779712e+21
9.71764018625923e+21
5.077385528653867e+21
7.898253447492118e+21
5.898427643939384e+21
8.892315817855048e+21
6.180023786696097e+21
1.1522404181441956e+22
5.206145121918833e+21
6.058987360407763e+21
6.976562482746968e+21
1.2385018142571937e+22
6.040803411115675e+21
6.896220200535143e+21
8.686893595191999e+21
7.904939105012118e+21
8.617655323806953e+21
7.763089550703754e+21
5.99636892416071e+21
7.913390809069935e+21
7.978110817875867e+21
9.803295407172712e+21
7.665410984881291e+21
9.77522718043326e+21
6.87892439519135e+21
6.102152685894805e+21
7.754133045092319e+21
7.849877494585771e+21
7.021555961954793e+21
7.695085690264914e+21
9.784679399610326e+21
1.2364762364777186e+22
7.084734639770562e+21
1.1591179271137776e+22
7.892594083733524e+21
3.31192135146511e+21
9.729031012509104e+21
1.166266103449431e+22
6.88403651015789e+21
9.76757176800196e+21
8.824785649218673e+21
1.2344074701521535e+22
6.870540796169338e+21
6.945317516429208e+21
6.709799873418477e+21
5.189118291356293e+21
1.1599908755271938e+22
7.799926215548952e+21
7.707145361684832e+21
8.799534285473845e+21
7.980908331225062e+21
6.935070973649943e+21
6.048327571224037e+21
6.136472300816822e+21
8.837574472363694e+21
6.975392797783605e+21
5.991920245443627e+21
7.84217683396937e+21
5.986286086686602e+21
7.671591474930205e+21
8.030091421611271e+21
9.598809105587463e+21
6.905336480004129e+21
8.77532064851681e+21
8.655932712366166e+21
7.948714213558321e+21
6.923599287488081e+21
6.939639303319891e+21
5.172855320819325e+21
7.951047495506082e+21
9.614614024046009e+21
6.916865004353908e+21
1.0630133794562896e+22
9.604393005092853e+21
5.985512442969749e+21
8.766997031000389e+21
6.917499746124034e+21
7.927655504846039e+21
8.713643008277637e+21
7.80488585497931e+21
7.920312885001047e+21
6.020798049969796e+21
1.035456307323069e+22
7.861228828813818e+21
1.0722051360884357e+22
6.994009289943053e+21
9.590647959487336e+21
9.503281024826012e+21
7.930084429284396e+21
9.647919685448508e+21
1.1474348381421909e+22
7.864898059475249e+21
6.928283351278333e+21
6.969956855599722e+21
7.766076696315924e+21
1.2399385208902528e+22
8.765651593332216e+21
5.056049155161723e+21
7.686036132003317e+21
8.784508465933722e+21
7.015829957912867e+21
9.820587686501124e+21
6.091521399570908e+21
4.1542837823659993e+21
5.19165016580868e+21
5.949280956632002e+21
4.1814133842439784e+21
5.909491671245721e+21
8.855057391716694e+21
1.2629655505812593e+22
7.781872312026488e+21
8.740746800253497e+21
8.566802163219082e+21
6.038512921483845e+21
6.892091772408654e+21
6.045709272045243e+21
7.858041125785166e+21
6.065745037360289e+21
7.899304716474078e+21
8.825247947780158e+21
8.838878832277454e+21
5.881671147628107e+21
6.147930089422358e+21
6.961041246678509e+21
9.744753348374675e+21
4.14116319819838e+21
6.974783069666192e+21
6.756908491196462e+21
6.080883326993583e+21
8.655934765509602e+21
7.880049104255371e+21
7.754964581986954e+21
6.025698720392534e+21
6.872397958322311e+21
5.099917734510818e+21
1.252410861934515e+22
7.862095874588713e+21
7.906766968055856e+21
8.713033389231779e+21
7.767987929811922e+21
8.852784125917597e+21
5.908273434284716e+21
8.796757530227562e+21
5.211552714700878e+21
7.913525014714937e+21
7.863699104632744e+21
7.879426315428391e+21
9.499573131140689e+21
7.808386704332533e+21
7.959801449829734e+21
7.950867003466352e+21
9.750808035618588e+21
8.750786025615804e+21
7.936148418464343e+21
7.041920807243283e+21
7.779175424492899e+21
8.778941584297165e+21
9.583849652975166e+21
7.723180923175135e+21
6.984315660639747e+21
7.780210341943904e+21
6.048668260145727e+21
8.933245584093264e+21
1.232713260467035e+22
9.785196928569247e+21
1.1686011902472204e+22
7.008401239473531e+21
6.014869806698402e+21
9.790259435465687e+21
6.935667712509127e+21
8.93702223020684e+21
6.819616907144747e+21
4.2578621952357386e+21
7.955419849847389e+21
8.712283001031631e+21
1.056911122860118e+22
6.954232390808992e+21
8.036320895613655e+21
7.760303301089986e+21
6.068422632220066e+21
6.060821712802959e+21
9.711002805486823e+21
9.62139863138758e+21
6.897875621723486e+21
7.902800943142106e+21
7.890339246425933e+21
8.845514258963965e+21
5.976408535408587e+21
7.735940608247086e+21
7.849669528693772e+21
6.941747924932394e+21
7.894774433018915e+21
7.701144668919625e+21
6.898383255619056e+21
6.925950912131608e+21
6.946493782494047e+21
1.3155685350861212e+22
8.645947621949403e+21
8.766843242275181e+21
8.881837864754065e+21
8.586030115108346e+21
6.935414060792565e+21
7.964514751833191e+21
6.948417921617727e+21
9.846730543205169e+21
5.188694168379822e+21
7.785979598946386e+21
7.92714861334072e+21
1.2388674965870523e+22
7.951087303375313e+21
7.970960664124373e+21
7.833796638358736e+21
7.819383431513237e+21
7.755896573511692e+21
7.868919739840715e+21
6.866677844414922e+21
7.79792539289825e+21
7.894649059192606e+21
6.101541481387011e+21
6.912312569359377e+21
7.92235237338213e+21
8.781068041950476e+21
8.784956405752958e+21
1.073984599293409e+22
7.874637828481515e+21
6.940399490908963e+21
6.907796831935582e+21
9.78787341052027e+21
6.925769766203856e+21
8.756280612028487e+21
8.760518113873645e+21
6.086016145797906e+21
6.951002766683592e+21
5.943861195199547e+21
8.806429094599184e+21
4.1094218280246727e+21
8.686899693320304e+21
