1.2973408665508033
0.5927730590105057
0.5051723915152252
0.42218271386809647
0.3710122546646744
0.30107685294933617
0.25838847272098064
0.22551192655228078
0.19501555048627778
0.1716103469952941
0.13668150696903467
0.12596484117675572
0.11746350479661487
0.09947822142858058
0.0867876281728968
0.08371226679300889
0.07469614900182933
0.07265460215858184
0.06847202686767559
0.05992925905738957
0.055996931059053165
0.05513310641690623
0.051851594500476494
0.04889988161157817
0.04785921581205912
0.04599990779533982
0.045849492348497736
0.04336471456044819
0.04035920267924666
0.04055123160360381
0.039376875016023404
0.03870898635359481
0.03700164708134253
0.035589564841939134
0.03641802961064968
0.03545630867301952
0.036367507331306115
0.03629479413211811
0.038718468972365375
0.03762249588035047
0.04315907733689528
0.038027407266781665
0.03716250828583725
0.03670598111639265
0.038752367330016566
0.036302788596367465
0.03850252623378765
0.03788138551171869
0.03614134772797115
0.03784857825667132
0.03856105268641841
0.03968056767771486
0.03568889430025592
0.03413883927860297
0.03379798331880011
0.035295493941521275
0.032003373440238646
0.03628854627895635
0.03252524867421016
0.03373983082419727
0.03584188033419196
0.03443663189536892
0.03409853472840041
0.032538625766756014
0.03219134364044294
0.033114570379257205
0.03364274263149127
0.03333755864878185
0.03224697449768428
0.035046367350150834
0.031143687313306145
0.03253226223459933
0.031255553525988945
0.031878619140479715
0.032214238151209426
0.030493478378048167
0.03215521878737491
0.031102375901537017
0.03420675754605327
0.031043443584349007
0.03223535603901837
0.03175909979909193
0.032787892493070105
0.028595207282342015
0.03107935180014465
0.030042205794597977
0.03034075485484209
0.03291376795968972
0.03182586877373979
0.03050865244003944
0.03032071710913442
0.03081597331329249
0.031239906887640244
0.030989750800654293
0.028543267771601676
0.031212728685932233
0.030514319101348518
0.029295119066955522
0.03517212687584106
0.03222304846276529
0.03319606403820217
0.03353308519872371
0.03275136927841231
0.03470079447724857
0.034238695522071795
0.0347488267958397
0.03335862947860733
0.035153516262653284
0.03312835573451593
0.035160458894097246
0.03583950435568113
0.03199313381919637
0.03479248418880161
0.03422008532215841
0.034164876784780064
0.03528244481422007
0.03422697692876682
0.03513671463879291
0.034998505184194076
0.036281436192803086
0.03712807542760856
0.035238077311078086
0.037252659266232516
0.03618776947550941
0.036756887938827275
0.03524012700654566
0.03513883071136661
0.034528073979890904
0.033980505814543
0.03471020133874845
0.03328559025540016
0.03518230483750813
0.034490481921238825
0.034873018428334034
0.034672427747864276
0.03333421498828102
0.034488335778587495
0.03240947808953933
0.034631722621270455
0.03296298344212119
0.03385963587788865
0.03352809516363777
0.0347869559249375
0.03385748990403954
0.03543990656035021
0.03481631085742265
0.033192719813087024
0.03478356396663003
0.034148982263286595
0.03418953320942819
0.03567125030676834
0.034783082478679714
0.034724091851967384
0.0355625044729095
0.03468120934849139
0.03701137320313137
0.033654097776161504
0.03291176911443472
0.0339932766626589
0.034754866693401706
0.03304233888629824
0.034203951558447444
0.03438980203063693
0.03430609239730984
0.03569765267893672
0.034937804759829307
0.03411881850042846
0.03340003954654094
0.0357609389553545
0.03297034464485478
0.033952651522122325
0.03431663996307179
0.03219222859188449
0.03634908746171277
0.036782524699810894
0.03623604121967219
0.036687981005525214
0.035201412515016274
0.03409555788093712
0.03540591672353912
0.03370868504280224
0.035981502168579024
0.03215686865150928
0.03340824619226623
0.03324059940350708
0.032482130266726014
0.03412889203755185
0.03244234840385616
0.03309655039920471
0.033453049953095615
0.03245550300634932
0.031701775506371634
0.03329176069237292
0.0327726632647682
0.032299108014558445
0.0324229059740901
0.034834853088250385
0.03573358056310098
0.034975916452822275
0.03539102141803596
0.03462312845804263
0.03490204552363139
0.035347156511852516
0.034719564026454465
0.03514331456972286
0.035360275107086635
0.03360635114368051
0.035593593356315976
0.035553945574793036
0.035451103263767436
0.03378903192642611
0.03487712474016007
0.03710470985388383
0.035466567787807435
0.038316405116347596
0.03510972999210935
0.03566111133841332
0.034028200153261426
0.03515985134872608
0.03527100020146463
0.03432880444161128
0.03312365004094318
0.03285422351036686
0.03471300866222009
0.03242380136507563
0.03476487911539152
0.03259763613750692
0.03168165113602299
0.033774554866249674
0.031006854737643152
0.03330448631895706
0.03480703126406297
0.03394140972814057
0.03358141680655535
0.035555060411570596
0.0333777560677845
0.03566022306331433
0.03883130013127811
0.03467351256404072
0.03801855368656106
0.03220701865502633
0.036780448516947215
0.03266698098741472
0.03265992347151041
0.03310744916088879
0.03263753904902842
0.033679334074258806
0.03201326716225594
0.035013241914566604
0.03310796240111813
0.034136926976498214
0.03259981370065361
0.03203418751654681
0.03332852498278953
0.032914819224970415
0.033007766454829834
0.03473353490117006
0.03275631679280196
0.03648583510948811
0.03334338987478987
0.035617202453431675
0.03371920754143502
0.033374751402880064
0.034101083711721006
0.033377412147819994
0.033119272769545204
0.033978333693812604
0.03293384169810452
0.03367295360658318
0.0334798027848592
0.03207470043271314
0.03352485494979192
0.034173772943904626
0.032031121489126235
0.03264961392851547
0.033752578170970084
0.0335953467496438
0.0339953209127998
0.03370327874145005
0.03269611680298112
0.03431328806909732
0.03162294936482794
0.03313854898151476
0.03306248362350743
0.032440602517453954
0.032343846370349635
0.03293339523661416
0.03363444987044204
0.03230580124363769
0.034434518884518185
0.03306000155571383
0.03137338280794211
0.03316150808532257
0.032399658468784766
0.03200873807654716
0.032707825922989285
0.03383451002882794
0.033516162514570166
0.03206764809146989
0.03374035827582702
0.03250401931873057
0.032573259822675026
0.03384507084847428
0.033562228389200754
0.032612020723172465
0.03313357988663483
0.03277102476858999
0.03617794094607234
0.033989906101487576
0.033526471711229536
0.0324094354378758
0.03263886990316678
0.03296367891016416
0.03156445865170099
0.03400392585608643
0.0320854155725101
0.033290992892580105
0.03301567494054325
0.03335574444790836
0.0337405224039685
0.03326139413693454
0.03352700161922258
0.033427455797209404
0.03406464851577766
0.03346705586300232
0.03388211623823736
0.03537690837401897
0.03329174971149769
0.034972603173810055
0.0331162011163542
0.034463655058061704
0.03351472201757133
0.03204994314000942
0.03358108442334924
0.03397337027417961
0.03333913911774289
0.03374488466361072
0.032452482875669375
0.03483253925805911
0.03316476260952186
0.03433969445177354
0.0315538616705453
0.03401761176646687
0.03332448009750806
0.032537865941412746
0.03433940619288478
0.035101179682533255
0.03597380369901657
0.03611027670558542
0.033656109296134676
0.03358076334989164
0.03390544010035228
0.034763841607491484
0.03450276504445356
0.03407900011807215
0.033089303181623106
0.03443347078864463
0.03352404688776005
0.033384871581802145
0.03387568784528412
0.03516500201367308
0.034175003343261776
0.034255559902521784
0.033634324953891334
0.03487775802495889
0.03300713069620542
0.03376318722439464
0.035278922732686624
0.03295802393695339
0.032580170169239864
0.0347001099755289
0.033453864863258784
0.03390745524375234
0.03193855210847687
0.033560478483559565
0.03369317981705535
0.033776823765947483
0.032236427010502666
0.03323668614611961
0.03388797782827169
0.03316833223798312
0.03314318583870772
0.03366182528552599
0.032342425765818916
0.03266103054047562
0.03205297434469685
0.03445153791399207
0.03153199905063957
0.03293778860243037
0.032969074661377815
0.03411823042260949
0.032787516491953286
0.032036530299228615
0.03514315997599624
0.03290098208817653
0.033001654944382605
0.03362030840362422
0.03369155664986465
0.03309447938518133
0.03425703064422123
0.03346651978208683
0.0328843574388884
0.0333328639913816
0.03294621415552683
0.03437972629908472
0.03434328440635
0.03490434805571567
0.03322207209130283
0.03391656976600643
0.033579557444318196
0.03502437426650431
0.03409829144948162
0.03240202835586388
0.033016886733821596
0.03412333291489631
0.03486033997614868
0.03340442814223934
0.03620639195141848
0.034501899947645145
0.034606206748867406
0.03320887220907025
0.031827199109829965
0.03311584285111167
0.032347074965946375
0.033924604882486165
0.031970143699436446
0.03376394757651724
0.033790912144468166
0.0340960085275583
0.03427346282987855
0.03344773579156026
0.034165965096326543
0.0344554562412668
0.033647098747314884
0.03459978869941551
0.03394218244065996
0.0328513866988942
0.03305830147874076
0.03647528646397404
0.0324337695928989
0.03317808871797752
0.035855512809939684
0.03722122781618964
0.03504706946550869
0.034123205664218406
0.034110232375678604
0.034783696883823725
0.03468371927156113
0.03450436040002387
0.03671362967579626
0.033873282594140616
0.03437630525149871
0.03388588498055469
0.03493103662331123
0.03669561879942194
0.03518237466632854
0.03631243380368687
0.03378935614018701
0.03383563380630221
0.034393432579236105
0.032936639196122997
0.036390972905792296
0.03473952430358622
0.03927040884736925
0.03318265398265794
0.03567660297267139
0.033217457839054984
0.034196847348357554
0.03277818149363156
0.03400387434812728
0.034929994531557894
0.03230040639755316
0.03275975376309361
0.03452647293161135
0.03284493588434998
0.03319418277824297
0.032790722500067204
0.034659134756657294
0.03278635901806411
0.034330361158936284
0.033551810312201266
0.0331880918238312
0.0351483875681879
0.03461843196710106
0.034406901703914625
0.03474345679278486
0.033505541691556576
0.03468131941044703
0.03407303222047631
0.034906998203950934
0.03518971483572386
0.033416831862996335
0.03482378592598252
0.03382888289925177
0.03394813479389995
0.03398659267113544
0.032935095793800426
0.03520789619069546
0.0328701295045903
0.03554776338278316
0.0332073914934881
0.0336156589561142
0.033813930553151295
0.03384716580039822
0.03572845195303671
0.036189019557787104
0.035535981311113574
0.0330388570408104
0.034130104302312246
0.03360811632010154
0.03559580990113318
0.033821250739856625
0.033710392756620425
0.03423463535145856
0.035695474574458784
0.03608620784652885
0.03580688860965893
0.03722370066388976
0.03477073583344463
0.034582865514676084
0.03397560135636013
0.03436266806093045
0.03601032399456017
0.033461934683145955
0.034505682034068744
0.0337021530547645
0.034676210989709945
0.03387975128716789
0.03453824150783476
0.03345377928926609
0.03198542787868064
0.032861554605187845
0.03426855838624761
0.031018693224177697
0.03500756304129027
0.031774839785066435
0.031792497629066926
0.03294195908529218
0.031679249348235315
0.033696571440668774
0.03270534396579024
0.03304286644852254
0.03420209670148324
0.03414371201070025
0.03248880559403915
0.03215290041116532
0.033956187893636525
0.033634706496377474
0.03294046697847079
0.033399969010497445
0.03228356394683942
0.03381259365996812
0.034240500748273915
0.03307366356311832
0.03385574348794762
0.03409995410474949
0.034339107738924214
0.03318092753761448
0.032826426104293205
0.03149373662890866
0.0327617480623303
0.03282389540690929
0.03233621353574563
0.03221338664297946
0.03223381950519979
0.03284344488056377
0.032785558482282796
0.032834148794063364
0.03386739250563551
0.03278719886438921
0.031867038627387954
0.03290821574628353
0.03261180732224602
0.033594638446811584
0.03315578414767515
0.03384545865410473
0.033139524969737974
0.034395968407625335
0.0342358349240385
0.03425853225635365
0.03336170833499637
0.03392827999487054
0.033216807557619174
0.03413239105138928
0.03458342630183324
0.03392202252871357
0.034988302731653674
0.034714972783694974
0.0346380354691064
0.033919666727888396
0.033756813159561715
0.03348555583215784
0.03539992807782255
0.03253144175396301
0.03507765959657263
0.034152375685516746
0.0354412276588846
0.03287383671267889
0.03298068427538965
0.0346170996199362
