-0.002493537943464741
-0.0026690640390783253
-0.002516665230218057
-0.002332378996413591
-0.0029334381175780177
-0.0030641939376560706
-0.002665357334881152
-0.003036403394467637
-0.002600563737885414
-0.0025120865756800004
-0.0027439673479522616
-0.003143159448105317
-0.0028574679116869506
-0.0025243429005880613
-0.002344438390887477
-0.0025831735107874677
-0.00260333339528942
-0.0029710194721371515
-0.002752195212845526
-0.0024056421574258227
-0.0022694073941951277
-0.0027450071896742588
-0.0022091994517708657
-0.0023153673825012768
-0.002237547291674885
-0.0021950449167800895
-0.0021330682006646174
-0.0021635930961659555
-0.0022035694240586726
-0.001996708369778971
-0.0023488513052514703
-0.002125865412480109
-0.002449337628015312
-0.0019021991410833443
-0.002208198083640267
-0.0019306648174530817
-0.001935834177937129
-0.002270210675252038
-0.0018842590883422898
-0.002108106407810334
-0.0019108886411781378
-0.0022800016294249477
-0.002091889869224832
-0.0019840905958816574
-0.002007311684610269
-0.0021492288907569157
-0.002144795469328722
-0.002204111379349885
-0.001959156062431894
-0.0020081915279242636
-0.002078270573627161
-0.0017495042477209428
-0.002000086262184897
-0.0022060554921140008
-0.0021610033128634186
-0.002200751905346581
-0.0020570363074193963
-0.00197030836026158
-0.002063483631111107
-0.0021445028634393903
-0.0017005402603299802
-0.0020431642610342525
-0.001956640134698276
-0.0020916926345644154
-0.0024286385245336994
-0.0020394201943282563
-0.001759932252078228
-0.0021438373749437995
-0.0019706882621727817
-0.0019628346191267686
-0.002091241741958405
-0.002177252848436587
-0.0020750836021349583
-0.0022030537397825178
-0.0017350985968451137
-0.0020426670222693567
-0.0019554377375080477
-0.0020684916943241607
-0.002156922159602942
-0.00194879673627818
-0.002216708860859563
-0.0019970483322960587
-0.002014789322645699
-0.002029067979585464
-0.0020609429164076456
-0.0023730018358619235
-0.0022116099658230303
-0.002204705099160864
-0.0021791097451076243
-0.0022413822426954
-0.0021115775628270466
-0.0020002719456286345
-0.0021037166015800855
-0.0021127894386942015
-0.002084852915933466
-0.0022737724131251984
-0.002158353924948145
-0.0022884863424532777
-0.0021286825216447454
-0.001850450420127689
-0.0020359620266003297
-0.0020921548736834604
-0.0021913568754003076
-0.0020705393393662176
-0.0020591410616918548
-0.0018293693594685634
-0.002147680482479565
-0.002030893088882152
-0.0020924539593407676
-0.0020206233655372884
-0.002055493338741665
-0.0020586729456490704
-0.002191704271356132
-0.0021237860369890484
-0.002000963450503712
-0.002336532372733152
-0.002120347266414799
-0.0020060108922445976
-0.0021294149877104235
-0.0020155216317883085
-0.002201550327732754
-0.002213070288271231
-0.002178128922470257
-0.002206408019867012
-0.0022480167733515076
-0.0021928371046187555
-0.0021521932744674502
-0.0021258841537170263
-0.002284076456668774
-0.0019802182864163687
-0.0022257407068276293
-0.0021432009979278576
-0.0019052142408409883
-0.002436344308228666
-0.0021375228278234736
-0.002237705461339878
-0.002195852218725964
-0.002119407949884419
-0.0020489185792260554
-0.0018935649028251512
-0.0021578579823885056
-0.0018776232212665167
-0.0017831672415178968
-0.002259869239242163
-0.0021527812422510394
-0.002375955600703067
-0.0022035824307949287
-0.002078825601427478
-0.0020753795011297094
-0.00237165116698137
-0.002263993762749431
-0.001975937838133948
-0.002263835298653802
-0.0022402956038466704
-0.002120038236046379
-0.0023100468028233513
-0.0019291500659590123
-0.0020640217039573317
-0.0022067163860096327
-0.0019427773465147096
-0.0021357007809018947
-0.0021807237441315575
-0.002240537920460195
-0.0020117615984019633
-0.0023206328329404696
-0.0022308855746003774
-0.0023393832220194753
-0.0019580360823749253
-0.0023687922511447857
-0.0021144041265184627
-0.0022529121270204707
-0.0020862972964650673
-0.0022212361444051364
-0.00204513967664135
-0.0022502634811439855
-0.001857789470133256
-0.002426710531996944
-0.0023362125058469683
-0.002106450422191529
-0.0020673122884592166
-0.0021930330540599007
-0.0021454599673835393
-0.0021646422989558154
-0.002388669010310229
-0.002137519448135325
-0.0025022120661317817
-0.002338167041739733
-0.0024842271196440515
-0.0021273335316532695
-0.0020088757833608916
-0.002267481719727027
-0.002295203963699427
-0.0024082053480640577
-0.002317733931063304
-0.0022712507017195937
-0.0019455064694209768
-0.002253462230233727
-0.0020633348778139383
-0.0021137333462658324
-0.0021692077297671753
-0.0022662230532827844
-0.0023099063718951375
-0.0024822289978984557
-0.0020770223063044046
-0.0020351564532599896
-0.0019422373810223908
-0.0020688822580067685
-0.0023615283689507353
-0.0020571626466830417
-0.002140744341960577
-0.00223339640170227
-0.002204269103361134
-0.002329334247048642
-0.0022352080863066474
-0.0021802815253261472
-0.002432505874664487
-0.002076802459177511
-0.002093585857812874
-0.002311654251464709
-0.0022153024941354293
-0.0019970200599817994
-0.0021812409274288955
-0.002419397093239606
-0.002165974496182152
-0.002254788535447466
-0.0023818900227801946
-0.0021414135508774105
-0.0023342804498080625
-0.002121548232057918
-0.0021799200837130024
-0.0021977922042016097
-0.0021285961387772943
-0.002244626071697975
-0.002028106740066926
-0.002145483611254051
-0.0024816557118857115
-0.0020607894157933515
-0.002223608675626089
-0.0019150715113316424
-0.002223897502317396
-0.0023683808183029577
-0.0019487442129606902
-0.0021634771538554614
-0.002267152722306531
-0.002226948510740734
-0.002028699868918424
-0.00229925244474104
-0.002160196220175454
-0.0023255381848598655
-0.0023415832532132086
-0.002330190663878183
-0.0023313173677721013
-0.0021109532096303817
-0.0021962775304752934
-0.00221019047472399
-0.002256733649930576
-0.0021920923739999266
-0.0021917177305085245
-0.0021224988953045224
-0.0022851819083071654
-0.002185300737570406
-0.0023299189050965093
-0.002402825119447516
-0.0022600146559580646
-0.002302370017493004
-0.002147029546517082
-0.0021107511892476368
-0.0022849859095422807
-0.0020780113528321804
-0.0024497296917178947
-0.0024406310458991998
-0.002120568246635107
-0.002220927226356467
-0.0022626098799159054
-0.002342563880917775
-0.0022559873160096387
-0.0024278275191057463
-0.0019851025112032463
-0.0023555681691184325
-0.002439750946560293
-0.0021457335735944397
-0.0021288420577066426
-0.0022052543996392395
-0.002177552481279374
-0.0018543652474166728
-0.002370597562203308
-0.002166928663180312
-0.0022797496299090114
-0.0024586004902140274
-0.0021684621544457035
-0.0021495862626382256
-0.0023204497566382655
-0.0024083344727135582
-0.0022587778216370926
-0.0021754693717619066
-0.0023051311133684416
-0.002134143153088683
-0.0020794408402072693
-0.002485574387528425
-0.0024011062233296743
-0.002113764450694554
-0.002367945285640673
-0.0021640176346637953
-0.002230638666866974
-0.0020580384633882404
-0.0020804356512723887
-0.0023657965410434053
-0.002416955874328769
-0.0023540920678054105
-0.0021433565862321426
-0.0021035992931525485
-0.0023623012907130923
-0.0022791330027797235
-0.0020952791158427254
-0.0020864026985702223
-0.0020767041022459035
-0.0019164245455457012
-0.0023098721248693025
-0.002289771316225256
-0.002286783559778305
-0.0022361624084133807
-0.0022759761641843014
-0.0021337247699136142
-0.0021960066401166545
-0.0022029569302695396
-0.0021541490484373177
-0.002464739531143256
-0.0021262437882154815
-0.0024078591198113176
-0.0021838401409751797
-0.0023981835763911886
-0.0021492516878933664
-0.002125265031162521
-0.002180835334397415
-0.0024022753605383697
-0.002456344745642816
-0.002161962744768278
-0.002135457196154264
-0.0023616815660981007
-0.002207459323834543
-0.002190029941440802
-0.0023596632611826234
-0.002068278661589623
-0.002207728018665342
-0.0021686927832648166
-0.0020326539664828115
-0.002121288619975718
-0.002120213038231178
-0.002158217085277349
-0.002159085764104901
-0.002294618753217009
-0.0022035540639237516
-0.002345614726390577
-0.0021247257227663186
-0.002197379149914874
-0.0018971226087066083
-0.00213917001149353
-0.0021552008218761074
-0.002312946527891435
-0.0022122148983435134
-0.0021932271088274447
-0.0024704540103341888
-0.0022762053413322046
-0.002165537778734515
-0.0019766472232750657
-0.0023278966581829876
-0.002502134563987102
-0.0021520383008871435
-0.0021054944499245636
-0.0018447997714477818
-0.0020947404203820073
-0.0023460763354994528
-0.001966190697244727
-0.0023548380243797796
-0.002240960601369607
-0.002207672078801835
-0.002127898175503121
-0.0019697984205824747
-0.002179753616801371
-0.0021580992157567147
-0.002340646803615008
-0.0021046482423419527
-0.0022854420987094295
-0.0020339912710764323
-0.0020848541771916083
-0.002238523260207742
-0.0021812401651703332
-0.0021135557134880022
-0.0022088976060771924
-0.001959132852036305
-0.0023533229676358956
-0.002403015554559659
-0.0023200204617782163
-0.0023405582691297263
-0.0022744573619046084
-0.002332331313582883
-0.0021046848409613543
-0.0020414794896319033
-0.002134861398040927
-0.00232301331590056
-0.00228615024388108
-0.0023538545773151183
-0.0020636385026325866
-0.00229505836774494
-0.00231663699836282
-0.002156271578817398
-0.002251494146384353
-0.0021821668000539226
-0.0023186089888460578
-0.0024580109158450617
-0.0022531396681864215
-0.0020710549744636653
-0.0021468436904043876
-0.00225260774758107
-0.0022033954240987612
-0.0022183785396150237
-0.0022476450572276514
-0.002275971961915005
-0.0021191914548771727
-0.0023447280855305105
-0.0024849628182642635
-0.0022934431886836083
-0.0024080786222839823
-0.0020789921213410834
-0.0020133601439583926
-0.0020799361538582336
-0.0021430542298127484
-0.002293079801892418
-0.0019856009486183155
-0.002131399247756399
-0.001833305036611122
-0.002298050804160756
-0.0022830572131867953
-0.0022920189602211247
-0.0021139440467932203
-0.0023486758390450445
-0.002027888051812482
-0.002385752655886875
-0.0022919716907881804
-0.0023010044331908787
-0.002232467501316139
-0.0022398929837931917
-0.0018922544312533428
-0.002172883702199757
-0.0021412481453356932
-0.002284451920138997
-0.0020408293928488113
-0.0022497809619448444
-0.0019598457007997906
-0.0021813973348888847
-0.002296258181320682
-0.0021383424978162367
-0.0022510731834882837
-0.0021509033444758554
-0.0020796455898811407
-0.0021546033936543974
-0.0019404065747545384
-0.0023658614344684776
-0.002200286846122096
-0.002031728469758504
-0.0020872299632019365
-0.0022473702912038872
-0.001978938460996338
-0.002038865675204385
-0.0022300964167095262
-0.0023186463211805784
-0.0024420131662595866
-0.0022962201134763436
-0.002145645200350277
-0.0021709660696002386
-0.0022021375238552078
-0.002124839809144731
-0.0019677456136271824
-0.0022008566581004476
-0.0023017065042728103
-0.002347140933541553
-0.002372581079012959
-0.002265226471472319
-0.002177278293285953
-0.0022978210782325093
-0.0020324169150437387
-0.0021250534300548797
-0.0021555328360842174
-0.002372078744137898
-0.002469871448703026
-0.002227084186945416
-0.0022503174671119454
-0.0019879617610770116
-0.0023675179128573977
-0.001912307785131043
-0.0021988426974506757
-0.0023273040159595667
-0.0022521937189046437
-0.0024011288538869024
-0.002118400357214245
-0.0021951332954434953
-0.0024156278019131323
-0.0024589572764781202
-0.0020304058309733725
-0.0023008811243184087
-0.0022692917589339557
-0.002282737447758798
-0.0021350577206486164
-0.002331807023712151
-0.00219187997843901
-0.0023671603812010916
-0.002190358152360089
-0.0020755952649859966
-0.0021385182530464287
-0.002388729447853033
-0.0022476806413987737
-0.002081451617009075
-0.0022509956414840495
-0.002253106892065121
-0.0020207733066413824
-0.0022556848362114794
-0.0021071818617180494
-0.0020285396862740777
-0.0021226876095320965
-0.002096494450429537
-0.002045126282387566
-0.002099773076227224
-0.002126242979202575
-0.0022431199132805614
-0.0022508123384925366
-0.0022798379792289742
-0.0020450165730050347
-0.0020850237885000735
-0.002205398718824375
-0.002121229720771744
-0.002217210892727314
-0.002154015072262372
-0.0023092254930205808
-0.0021071598194965816
-0.002058152136277619
-0.002114629206445226
-0.00243642177959231
-0.0022307496317746623
-0.002132356993787049
-0.002138879745535819
-0.002290400095405709
-0.0024260295442595737
-0.00214838286651495
-0.0023711620826768363
-0.001963283809925892
-0.0023067010063137134
-0.0021297214822626033
-0.0022667952564687037
-0.0022998227266186277
-0.002346305913559302
-0.0023280270133681337
-0.0022205737675660723
-0.0020848976739885256
-0.0020410730441347224
-0.0022198111809554446
-0.0021240551608422086
-0.0023043200106660664
-0.002084230050075647
-0.00214147803494244
-0.0021435246986036896
-0.002042214532792251
-0.002446527772752588
-0.001955074875178786
-0.002108188583752674
-0.0021295817829873414
-0.002287201902622527
-0.002287727186474281
-0.002014124743458234
-0.002393150519704468
-0.0020754879888432
-0.0025133181315781738
-0.002186218335696108
-0.002075224470666223
-0.0023273752873875786
-0.0021468088810686014
-0.0023238998842569137
-0.0024253879474477047
-0.002102537916147186
-0.0021928948614181243
-0.0022922490559052987
-0.002252571315963696
-0.002301409363606605
-0.002262664012465865
-0.0023669387249319494
-0.0020850014647545686
-0.0021943521992640602
-0.0019725291245017524
-0.0023687076879595815
-0.0022889252747255394
-0.002279844605498216
-0.002243020577772526
-0.002431978394142778
-0.002295470201088354
-0.0022696864763064677
-0.0020894107844234844
-0.002088866836023301
-0.0024858523541210985
-0.0020149465206594996
-0.00202434212716604
-0.002021897056016869
