-0.013637520628981293
-0.01348538207821548
-0.013348738482454792
-0.013206302758771927
-0.013056028506252915
-0.01297672425280325
-0.01286057581892237
-0.012762185279279947
-0.012646128196502104
-0.012513513478916138
-0.012375593074830249
-0.01231451237690635
-0.01221767698880285
-0.012122432317119092
-0.01205602110712789
-0.012006535445107148
-0.011918058333685621
-0.011927206307882443
-0.011906846234342083
-0.011857250146567822
-0.011774703254923224
-0.011695249308831989
-0.011707268533064053
-0.011727623542537913
-0.011728765146108345
-0.01170641005737707
-0.011693709902465344
-0.011694478656863794
-0.011688327993033454
-0.01166575211682357
-0.011653290421236306
-0.011649042693898081
-0.01161891464726068
-0.011586929415352642
-0.011581687530269846
-0.011545491986908019
-0.011529855616390704
-0.011523454036796466
-0.011481797648593783
-0.01146446458878927
-0.011467475700192154
-0.0114763347315602
-0.011480485083302483
-0.011522642889758572
-0.011551811097888276
-0.011560682853450998
-0.011525616724975407
-0.011513424251461402
-0.011516814824426546
-0.01150557070504874
-0.011488962254952639
-0.011510044214082882
-0.011564840981736779
-0.011583952320506796
-0.011564942297991366
-0.011528597777942195
-0.011469547578599304
-0.011497500870609656
-0.011495198553893715
-0.01148524802410975
-0.011508124781539664
-0.011533873563166708
-0.011561869969591498
-0.011589427129365504
-0.011624415748519823
-0.011619994754437358
-0.011595979606499895
-0.011584341624984517
-0.011622839869232848
-0.01165809677913785
-0.011658739240374416
-0.011683665757300333
-0.011690628284122795
-0.011689298442797735
-0.011662843992235139
-0.01171154821640812
-0.01169116894598119
-0.01170139952446334
-0.011741215438814834
-0.011748853395693004
-0.011777122062630952
-0.011801705666584894
-0.011842587683349847
-0.011851029412355274
-0.011848905752412976
-0.011878443084424362
-0.011881966108921916
-0.011890331661561504
-0.011878804676234722
-0.011850611574482172
-0.011852191074285656
-0.011832850717473775
-0.011773436883231625
-0.011784434219589458
-0.011789311171742155
-0.011829149525146932
-0.011868046817835421
-0.0118729452136904
-0.01180903944768943
-0.011792762205004692
-0.011734538536984473
-0.01171529003768228
-0.01170620679622516
-0.011716440360760316
-0.01178579034167342
-0.011769139888929202
-0.011753788992064074
-0.0117851932591293
-0.011790706112515181
-0.011798097775317729
-0.011814064317150041
-0.011814906465588138
-0.011781452444847674
-0.011792261461960152
-0.011807759932707995
-0.011810485372552647
-0.011850013904040679
-0.01185894631780684
-0.011892190028447658
-0.011886307108215987
-0.01186517599853687
-0.011827501677908003
-0.011814551829593256
-0.011801012372598053
-0.011826872418168932
-0.011828393180621788
-0.011831829906441271
-0.011840964056318626
-0.011854805110488087
-0.011838510737288744
-0.01184511759201996
-0.011859077925328166
-0.011879875243175774
-0.011870457825716585
-0.01187997466768138
-0.011900520930066705
-0.011936781374970451
-0.011952890083193779
-0.011999013752210885
-0.012050797592382877
-0.012041072687134146
-0.012057829595869407
-0.012090547487605362
-0.01205247018369846
-0.012034595099976286
-0.012020963995018974
-0.011988226929679513
-0.012045264785410837
-0.012055060220882296
-0.012043267011176795
-0.012028681830270217
-0.01202754969126545
-0.012034016189863906
-0.012063224636949598
-0.01204171625431627
-0.012031956104328856
-0.012037447985494509
-0.012025108508532866
-0.012016131216660142
-0.012020857399329543
-0.012006305973045528
-0.012041266757296398
-0.012043292837915942
-0.01206976108951494
-0.012081419472815469
-0.012105638830689713
-0.01209088230971247
-0.012084184639388696
-0.012059636547928677
-0.012060159823158756
-0.012025341344997286
-0.012045060825766996
-0.012064299633493647
-0.01205917916377075
-0.012039794184966012
-0.012075225298758596
-0.012071337108500302
-0.012088963144924492
-0.012115183792775496
-0.012101347203133628
-0.012093638448277488
-0.01208648508763872
-0.012095014291116968
-0.01208220337284729
-0.012100042641395702
-0.012084268225589768
-0.01204979300382547
-0.012053942598868161
-0.012036565341986716
-0.01203187340288423
-0.012064081139396877
-0.012038615968776867
-0.01204130453406833
-0.012043774785706774
-0.012051594239892438
-0.012068000296130777
-0.012110250862315297
-0.012111903965706005
-0.012130208348389715
-0.012183402001392096
-0.012179051927523688
-0.012149138038512319
-0.012107675679726527
-0.012105014431290329
-0.012109800829784944
-0.012080174451693893
-0.012121118378126993
-0.01213046743068844
-0.012147120537701995
-0.012141344998963178
-0.012116315955063328
-0.012124401098117233
-0.012105424352921546
-0.012096327409381047
-0.012095259502530098
-0.012126965378411115
-0.012097551778424531
-0.012091683893231675
-0.012091528670862318
-0.012134495953796431
-0.012113561044679954
-0.012075024790829048
-0.012075285858009011
-0.012061301228823141
-0.012015080655692146
-0.011979862709995358
-0.011920549051137642
-0.011917011468904093
-0.011979524930939078
-0.011982121865730732
-0.011985825950978324
-0.012007972714491189
-0.01200936691602692
-0.012027646525530145
-0.012043294199975208
-0.012085469940211624
-0.012032748345518485
-0.012046641111373902
-0.01208213233621791
-0.01206729916157201
-0.012079231353709474
-0.012101859430549667
-0.012077519443118944
-0.012066202756250278
-0.012112805742071941
-0.012091953889466822
-0.012107233196729794
-0.012102631159359589
-0.012101475353119895
-0.012074525136267767
-0.012080965208588168
-0.012046094611287117
-0.01208242277498357
-0.012119776254985481
-0.012088883866090328
-0.012094288627849892
-0.012084822455653921
-0.01212530506309122
-0.012152868742123245
-0.012145411578239873
-0.012122667027870192
-0.01212322567589581
-0.01214271517819725
-0.012116138299461454
-0.012107619061134755
-0.012089010188356042
-0.012076356611214579
-0.012077545002102851
-0.012080693867756054
-0.012074222962837666
-0.01205082338419743
-0.012049629766261205
-0.012020544800907373
-0.012058188579976559
-0.012071159272454678
-0.012062547047389672
-0.012048691010568291
-0.01204589563421905
-0.012031097419094295
-0.012037656916072592
-0.012043170939432458
-0.01209320486523211
-0.012105599092319608
-0.012101164693012834
-0.012109987280564383
-0.012121661694254725
-0.012133593141334132
-0.012145317881368101
-0.012150930427014827
-0.012164003180805594
-0.012160822399891913
-0.012148085556691512
-0.012132879806449637
-0.012121441686758772
-0.012170782237080856
-0.012155869731213898
-0.012165278167231008
-0.01214125716360286
-0.012123645609244704
-0.012164529762230814
-0.012188661796972155
-0.012225513777229935
-0.01225975588313304
-0.012242122885072603
-0.012224338110536337
-0.012212017853744327
-0.012203981069615111
-0.01217167564900592
-0.012163821962894871
-0.012187965732300654
-0.012210826697992162
-0.012231187609722837
-0.012196705857058987
-0.012198944628471509
-0.01223787220660597
-0.012230492528760805
-0.012239504721947014
-0.012237943412037567
-0.012191098922630771
-0.012160712137119844
-0.012140052625909448
-0.012153695436427369
-0.012145985628012567
-0.012165297550382093
-0.012146469537401571
-0.012132790667237714
-0.012126507295761257
-0.012138779461383819
-0.01214544686372392
-0.01216796672088094
-0.012174837058410048
-0.012176770617952571
-0.012135138938901946
-0.012119113531662151
-0.012084140855586156
-0.012053628277499229
-0.012063492904417217
-0.012072152690961957
-0.01210484555340372
-0.01213082053582184
-0.012153045239392668
-0.012150900531560182
-0.01212924681021832
-0.0121455741871614
-0.012121236958773807
-0.012091620295541361
-0.012089756631758064
-0.012110082380240783
-0.012119181436719372
-0.01211471379501745
-0.012086005776654928
-0.012067881098482757
-0.012078255665255711
-0.012088186375331133
-0.012075741542503238
-0.01206925185979344
-0.012071999971522019
-0.012067805277183652
-0.012032323819585144
-0.012005845818202942
-0.011981542385183275
-0.011981591093353927
-0.01200615200214088
-0.012016005028272048
-0.0120048658689484
-0.012000757438363508
-0.012021384574472905
-0.012017845077207313
-0.012009127653436735
-0.01201172634609975
-0.012047655746573582
-0.012064978276612237
-0.012079702550545334
-0.01206507368478924
-0.01204538908204995
-0.012000229838304222
-0.011992624803679065
-0.012028156965970992
-0.012057140341494233
-0.012084005994256585
-0.012082570308120922
-0.012098011729540304
-0.012120573210995644
-0.012113416602369398
-0.01206865772837773
-0.012024884519632906
-0.012057337159058079
-0.01209468261222355
-0.012055610184324906
-0.012028775824001059
-0.012036976049421355
-0.0120572459010873
-0.012096282339189201
-0.012117531709372997
-0.012122834351612256
-0.012169331673067062
-0.012157756078522652
-0.012175283674150706
-0.012201631476636976
-0.012225687620230019
-0.01222105918568559
-0.012196998472791164
-0.012164322705939413
-0.01215801170328632
-0.012153047096217052
-0.012142141128424554
-0.01214289478957653
-0.012169978918973357
-0.012131435779156163
-0.012094143067952246
-0.012104503816226497
-0.01208864843356423
-0.012100054934853688
-0.012111283728154376
-0.01213202922954224
-0.012151646369602531
-0.012162466993322596
-0.012191756826359779
-0.012156881688861176
-0.012116356974001975
-0.012065951863769441
-0.012048099748790264
-0.012046388688031585
-0.01204378514084965
-0.012072854040889069
-0.012082385038957
-0.012079771817661821
-0.012073708086973056
-0.012069404154317454
-0.012038915109587833
-0.01205718179116957
-0.012025734345661477
-0.012008894048631192
-0.012028751126490534
-0.012062601436628028
-0.012053667340660467
-0.012046855135122315
-0.012056712002959102
-0.01206918399548158
-0.012055693269940094
-0.012039230583468452
-0.012031768192537129
-0.012005470931762829
-0.01200347559642978
-0.012010523735079914
-0.012003751622978598
-0.011984017811482773
-0.011968627688474953
-0.01196114204940386
-0.011937165370909497
-0.011959568964084611
-0.011961702315602452
-0.012000893743243068
-0.01198889440856874
-0.012005339522147551
-0.01200388016877696
-0.012001717259408906
-0.01199659610283561
-0.011954410077305511
-0.011933244642568753
-0.011953669862123206
-0.011964384373277426
-0.011978018929949031
-0.011978889367310331
-0.01195659619406797
-0.011975628713844343
-0.011935928656021133
-0.011921919899759815
-0.011934586986899375
-0.011979352065827698
-0.011986817757133394
-0.01201953258132562
-0.012023212946951389
-0.011992664932040497
-0.011988052033120766
-0.011989020992768929
-0.011995333532104269
-0.012016942695481703
-0.01199616094236262
-0.012022766179870813
-0.012038634868804365
-0.01206658775336109
-0.012064942379947752
-0.012038808077340946
-0.012035046773962676
-0.012093863292830066
-0.012088040093658492
-0.012098221958149224
-0.012084163079271093
-0.012071774469222873
-0.012033135193632916
-0.012001901981420815
-0.011973870277870446
-0.011977615731302649
-0.011955145315732807
-0.011967338278191164
-0.011999050993472338
-0.012005045829573647
-0.012039434508187697
-0.0120454270276241
-0.012042652390664443
-0.01203704520012252
-0.012089279567589983
-0.012077883927850053
-0.01206671578111127
-0.012097031605662778
-0.012077564815990626
-0.012025113869458436
-0.012024669663514943
-0.011996875499607994
-0.011926549184136093
-0.01190442121005617
-0.011911771341692657
-0.01190566414152272
-0.011906792013905942
-0.011903418274596334
-0.011884158744942397
-0.011859316640766338
-0.011856905271997675
-0.011898798745824024
-0.011901286389911548
-0.011882073798915371
-0.011888117966009304
-0.011902521183947102
-0.011932769865961746
-0.011953234928660095
-0.011972664506174624
-0.01199997162912041
-0.011979303834959865
-0.011949260125402362
-0.011934041371569037
-0.011957048898329959
-0.012006129813380539
-0.012016617244808004
-0.012020376318832859
-0.012057368305977433
-0.012048533605411648
-0.012076083401916548
-0.012086870236089453
-0.012113036948721855
-0.012136206083232537
-0.012099724338622764
-0.012072497437475248
-0.012031146616209298
-0.01199983706464991
-0.012011858291225508
-0.01203486755839549
-0.012023563537513837
-0.012002944201231002
-0.012009869032772258
-0.012023064150707797
-0.012052262551151216
-0.012053706147708
-0.012066719878930598
-0.01204081205651164
-0.012068249733420088
-0.012079759599873795
-0.012105220824014395
-0.012142709392355755
-0.012164519348880276
-0.012164792779367417
-0.012151019915472716
-0.012129569507669658
-0.01212139084818773
-0.012142371595837175
-0.01215623242314905
-0.01215823374222964
-0.012179489730624483
-0.012191357504343614
-0.012227783020352944
-0.012246968830004335
-0.012263397098286078
-0.01223100851639174
-0.01224323992501013
-0.012281382776563987
-0.012284302321495489
-0.012302842934150248
-0.012306596845155582
-0.012293504108674825
-0.012306699441978708
-0.012308451847638935
-0.012337599380407483
-0.012356311350595206
-0.012338932149577885
-0.012346495711244642
-0.01232690229662694
-0.012341092218412087
-0.012346495973179116
-0.01232518656179309
-0.012304177711484954
-0.012336427834816277
-0.012328442255966365
-0.012299979908857495
-0.0122789281536825
-0.012286139803472906
-0.012286660523386672
-0.012240319093689323
-0.012219451018609107
-0.012216296908445657
-0.012193350127199664
