1.3134719165042044
0.6089275018312037
0.5210377948358655
0.4377213974483311
0.3870017206761986
0.3171177726704627
0.2739144066814333
0.2413105149520561
0.21026224221568554
0.1866359475068748
0.15180106747429817
0.14142251302837394
0.13253865020815284
0.11412499692523852
0.10118808764382266
0.09830197577830405
0.08921754061011597
0.08755282779748086
0.08313106854911893
0.07419215147383511
0.07004104155057575
0.06957336271880195
0.0657680626551155
0.0629428725631442
0.06182552832760848
0.05990136274485849
0.05967627050122246
0.0572227862852742
0.05425110020150896
0.05421369217801839
0.053379016781400425
0.05248389451298863
0.05106989918713225
0.049078693555202335
0.05020791514398297
0.048932465544203295
0.04983319702150766
0.05008845891570672
0.05208452558144927
0.05119506682967767
0.056537441628461235
0.05178374346578494
0.050734883177210574
0.05021271475707181
0.05231149026949424
0.05001270049251616
0.05217293853638694
0.05159892109804787
0.04961731852672528
0.05136234078381676
0.052128285492653956
0.052940116156241855
0.04925382143410388
0.04792884706694167
0.04752392876252998
0.049024843762163074
0.04552995728008682
0.04975635568844154
0.04608393093221821
0.047369581856764854
0.049050545544014314
0.048013669927604495
0.04761704493284924
0.04621974559559021
0.04624439784965943
0.04677398535422981
0.04699865455622785
0.04706573770090472
0.04584050243138336
0.048667298740474506
0.04489366834313842
0.0463931809325004
0.04502126535444404
0.045770971446472686
0.04561218069138704
0.04424769365723478
0.045801825678063325
0.044872267219761855
0.04810489500814583
0.04474109360598959
0.046229186923301316
0.045557853880745826
0.04664526952838059
0.04247530455613742
0.04498920055339113
0.04429365044197766
0.04443433097767411
0.04700880472228164
0.045883783043245786
0.044600646241451616
0.04428448587132152
0.044649095871136524
0.04511706062185113
0.04488697446940933
0.04241743176244199
0.0453156507021049
0.044540720019722355
0.043456550425617024
0.04910984847811051
0.045866261157789266
0.04696656453306787
0.04734053009306081
0.04664893306762678
0.04848777415172663
0.04808362682815641
0.048347335861762986
0.04726009890437126
0.04896960266050883
0.04701151583576575
0.04897918011411093
0.04970906188536901
0.04586671328579541
0.048765640903729944
0.048136132913350595
0.04797360028023832
0.049429462727857754
0.04819733819749672
0.04900167196756229
0.04902011019876227
0.050183264748193325
0.05119480152206961
0.0492786491086008
0.051245339983142915
0.050195189664373176
0.0508317769592395
0.049261357152136045
0.049122853991866576
0.048494922321697234
0.04811938739003381
0.04852893031929852
0.047356448628124784
0.04918458379688673
0.04827557129901834
0.04917982042243239
0.04868992509727832
0.04747244138852693
0.048620969321927984
0.04648177583294455
0.04867965529265348
0.04690734584874008
0.04805856668681372
0.04746354790549958
0.04866067036637105
0.04816982945194468
0.04962728284299374
0.0492132303857943
0.04738452926103491
0.048907654051436114
0.04827942175325006
0.04860445148078725
0.049963926099007946
0.048786569907679225
0.04902194336173125
0.04986602449207567
0.048842963832430544
0.05135337604151573
0.047620695835212244
0.047000899037811905
0.048216124248574486
0.04871850141062169
0.04718434547394281
0.04842594184010522
0.048673632703139444
0.04838761517894454
0.050099704877357
0.04927432927652262
0.048549083943362346
0.047442260349635036
0.05018936757696792
0.047144908452173694
0.048230905254604294
0.048447997981566
0.0464777643821435
0.05045340638316702
0.051072582180495374
0.05016905597585719
0.05118602864386048
0.04962658790464047
0.048317192112153864
0.049574576085433364
0.04799535660422407
0.05021344715205487
0.04641652528080158
0.047879118367563936
0.04747816139133647
0.04706861041049706
0.04851685247267597
0.04698051794548519
0.04726044939889107
0.047493799077346924
0.0467870660853805
0.046035595526336695
0.047741270561527924
0.0471341718090116
0.046621953160502015
0.04643641265865881
0.04919856596097816
0.04990881949197501
0.04921985793189378
0.049743631038290916
0.049068403389537704
0.04936108989932109
0.049937061169475785
0.048901600946555844
0.049288272156263704
0.04938268686819356
0.04779635187587701
0.05008558905683458
0.049758228909922764
0.04973319259879645
0.048138744341849816
0.049205795099260284
0.051539468541159296
0.04979810341028497
0.05259194620302878
0.04966920152655803
0.04983546549919993
0.048213469874463045
0.04956303404469509
0.04962079855176853
0.048439385724486785
0.04737991571018938
0.04734890649851877
0.0489402843042626
0.04669367058959324
0.04912663211871404
0.046659598729456776
0.04593294292280916
0.047875628352630886
0.045168896748509726
0.0474881042537163
0.04894360009639058
0.04819540271710139
0.047637170006055385
0.04974383796798065
0.04794488188927062
0.04975376100919675
0.05310154991457239
0.048670716478955
0.052309750361018814
0.04665463091805577
0.05083105211379006
0.04690797774819657
0.04699327887501568
0.04744720324524678
0.04675819305120967
0.04808581986872014
0.04627609444432892
0.04944025553413667
0.04752407077176031
0.04854808276286349
0.046977225567388814
0.04622756339376792
0.04764457883720752
0.047213893666048536
0.047358788663404996
0.04901044977887068
0.04707333952537738
0.05076120289450046
0.04777398308215197
0.0499251700413879
0.04817235205118777
0.04792029151576571
0.048477236666076354
0.04778740118199494
0.04735531258338597
0.048165441388846375
0.04729637259733863
0.04783165881235618
0.048003755442914554
0.046566154839820226
0.04769505297590513
0.04841524493822362
0.04635191985289566
0.047063337016152215
0.04807111261761747
0.04807186542020645
0.04802631902566645
0.04808994423947297
0.04717352481529815
0.0485021923086606
0.045844996380037625
0.04744940229720669
0.047341200947994364
0.046404954892932435
0.046836105416878125
0.04723391703446396
0.04805951733433176
0.046915332415665034
0.04876698411535472
0.04737040992476978
0.04584191812027712
0.04770272250170819
0.04677987778559327
0.046354989713290704
0.04716882688226178
0.04813393137301318
0.04773686038242886
0.04667686802858952
0.048305994330439715
0.04680644554027822
0.04716671883943491
0.04826884403300937
0.04803498997061979
0.046894397237338126
0.04742603354388848
0.047340802248800176
0.05076657247846015
0.04850782007997623
0.047857793820730875
0.04672386131860549
0.047232358728069815
0.04743951773270964
0.04585868228023173
0.04832820064912084
0.046392612010822634
0.04744692215172108
0.0475634905640618
0.04783661504043266
0.04818801802030066
0.04763760914211161
0.047956673389126084
0.04770716607745271
0.048425952656543814
0.04781648232892621
0.04816905597544974
0.04996815531048924
0.047556772791722324
0.049525909144722394
0.047468008057330736
0.0490366755228024
0.04784074425988365
0.04631034717313014
0.04788103342871182
0.048459786441526376
0.047849112158291976
0.04797034045332112
0.046660092784441075
0.04929906629840843
0.04750304224580759
0.04868276986671845
0.046064425529039
0.0482151370291831
0.047677782454411496
0.04682779568393016
0.0484636804627371
0.049312224742607214
0.05020409891149029
0.05038767530932091
0.047929908888181674
0.04796138776146108
0.048176875006174666
0.04918771194934379
0.0487156772200251
0.04835212097095791
0.04705567785713356
0.04864464064594358
0.04774705289746635
0.047730142064392564
0.04809374843753176
0.04933977128675906
0.048627048713387924
0.04853791748464573
0.04781586772587616
0.04885927102150163
0.047335784844472074
0.048286706590442915
0.04944880636758171
0.04707264606258832
0.04643669633223908
0.048842506167420655
0.04786491939448752
0.04795334850787185
0.0463584636367159
0.047846828083856964
0.04790108167653671
0.047897347024991176
0.046234382409602405
0.04747358010499738
0.048130083037540315
0.04759154922794551
0.04734584585821722
0.04806784062093357
0.04648983364459127
0.04681454233214026
0.04631638215796556
0.048690114986675324
0.0457402372994693
0.04720229650265537
0.046956983502605
0.04850852955278242
0.04724777788214851
0.046452833090734204
0.049601249824627304
0.047298273514024915
0.047503318109374956
0.04788274957245449
0.04790832001308445
0.047430972149595615
0.048805731731408744
0.04797372924804222
0.04743521040945779
0.047560825283289886
0.04739928421622608
0.048849410621915015
0.04864169715147
0.049298736799391916
0.0475742179522058
0.04836661448207451
0.048131711373571306
0.04938201786280842
0.04825799483369338
0.046648926955094795
0.04738077810616233
0.04845875749597326
0.04923036476247944
0.047814540474792014
0.050674120866460726
0.04877797329972964
0.04906729170761537
0.04775978662655689
0.04616874193307012
0.04757031035987893
0.0464698522206163
0.04801081922487356
0.046132465029950255
0.04798677360522561
0.048157700135197955
0.04815101380518172
0.0484437771840021
0.04733822269918164
0.0484897501533851
0.04874740753730293
0.047967868648993314
0.04877633422147483
0.04834452554641757
0.04692612978396937
0.047500766116718295
0.05083644235273823
0.046790467193932275
0.04744978683593217
0.05012717409990728
0.05111895321751945
0.04922342886420665
0.048274977698747536
0.04839843589143129
0.048808543925406414
0.04890212799655273
0.048425348117598334
0.05083219242515043
0.04812910975015257
0.04847635038313456
0.04813785185106099
0.049070834190933964
0.05078060392988846
0.049340858292998745
0.05025455731956754
0.04815181339945411
0.04799033099116059
0.04835840565065155
0.04697753904329147
0.050602727590012365
0.04869648152671289
0.05328816398687195
0.04736934674438089
0.04997087817173451
0.04759539979277179
0.0484149874871946
0.04685841375321616
0.048154192551737654
0.04911894960969221
0.04644477906695101
0.04675071227538865
0.04871999451715965
0.04713469437556341
0.04753034498426132
0.047158637062238995
0.048941303981700914
0.046959798308671453
0.04865094837732613
0.04762286196055356
0.047379733211710115
0.04936886279610917
0.04902931844990235
0.048911819900968115
0.04906440445047337
0.04784389926644508
0.04876750325784087
0.04852471315825824
0.04889108013594523
0.049421692673058716
0.04774603793630376
0.049049850009032524
0.04820762760209618
0.048021680471720174
0.04814906424435321
0.04734977453481406
0.049671899274108
0.04693996954592876
0.04989407148968894
0.047519335779361425
0.047935441570007245
0.04803826791903702
0.048256856735679324
0.04998704762256238
0.05065321165602654
0.049803904333384705
0.04713956580380909
0.04829329210333526
0.04799372140550986
0.04977003993699327
0.047807123549864626
0.04787315990688512
0.04839340635517146
0.04962303993088426
0.05024531101807952
0.04979822942841565
0.051111557078547774
0.04875032868876587
0.048578158690361306
0.047922014057985504
0.04834451498754788
0.05002468500460964
0.0476075756479986
0.048689264031418135
0.0479352256967104
0.04869389204541221
0.047964746663637925
0.04872294394590426
0.04752426900522551
0.04613667987432564
0.04697261865367182
0.048583913943730295
0.045142470265273
0.04908609119011089
0.04594683717295993
0.04627745312463958
0.047248792138998394
0.045898476579168346
0.047948488220572474
0.04713195018703118
0.04756862020585686
0.0484229771871469
0.04854602076811716
0.046451926641748284
0.04647145985509269
0.048120777047006416
0.047925065278832335
0.04724323404079769
0.047756143745209555
0.04663465505000204
0.04808543003891828
0.04837910480418941
0.04718145636288682
0.04811636662925593
0.04829225889261579
0.04872318700654432
0.047370378303457986
0.04711061337147839
0.04580178094911389
0.046968755226407664
0.04742144318006467
0.046420857861812694
0.04644296601472888
0.04650577314896509
0.0472868788841879
0.04723151940561365
0.047027763197547756
0.04845190052583348
0.04709046986099565
0.04662732548167696
0.047357831228873694
0.04691804050089558
0.04816525370697491
0.04758397601544857
0.04845366081717657
0.04786775597021915
0.048805103136692195
0.048722233917214905
0.04885748071828857
0.047922731636208485
0.04856728878803551
0.047835783055052164
0.04883826212026179
0.04901492347125895
0.04844327696046093
0.04930192399770021
0.049430176406167446
0.04925214728282299
0.04850368883053306
0.04833626145700691
0.04824597661354346
0.04999537807598244
0.04708005626744125
0.04945321004197467
0.04852790312434081
0.05016739911952754
0.04710823432978941
0.04722132356109796
0.04883234662556788
