-0.004595907462127449
-0.004113043453482299
-0.0037720775152281297
-0.004225714214136699
-0.0035933704338041287
-0.0047122040433636905
-0.004553158786072532
-0.003917663875925333
-0.0039434413187489385
-0.004053152425748289
-0.003991512896635435
-0.0036312514035213594
-0.00282490634060444
-0.0032530133332183226
-0.004257796387282981
-0.003317028802680747
-0.003917908232871375
-0.00444213138396615
-0.0037099143130951153
-0.003449829433346523
-0.004122445707721168
-0.0030914621583916584
-0.0034365880519996194
-0.0033824343472321087
-0.003981062919418399
-0.0031157797134319415
-0.003059796103834928
-0.0033667012039039707
-0.002692966793019749
-0.0032042701472673064
-0.0033881873960927918
-0.002940572316932882
-0.0031183292208294615
-0.0028751051987256776
-0.003355174757343393
-0.003083523786869964
-0.0032089445477347283
-0.0033195986336143546
-0.003065009351187404
-0.0026903178011847416
-0.0033883228322764375
-0.0032264317272687063
-0.002895049081939924
-0.0031417305798062114
-0.0029146464386164417
-0.002838449926402011
-0.0031027479918565386
-0.0031219853809070835
-0.0027809558360614743
-0.0030236399707751307
-0.003128618226452358
-0.002751465484138512
-0.00272915972071235
-0.0032164839482215703
-0.002723171463138522
-0.0029455280781123046
-0.003097806697311625
-0.002725749145408616
-0.0028068344396618605
-0.002833106613795891
-0.0032650616688741797
-0.003293726059653549
-0.002623969711302461
-0.002965696829921072
-0.002665390478768341
-0.0030132015501167305
-0.0032212008453068684
-0.003162380188587122
-0.002903238678601582
-0.002628247976023052
-0.00287111758544896
-0.0025167894827648825
-0.0035112797209494945
-0.0029622338965194874
-0.0020664076117888897
-0.0025865339204222035
-0.002839733331925159
-0.002839847800966639
-0.0024862095939818885
-0.0023770105071126485
-0.002846624227016296
-0.002177094398878461
-0.0022760357233084405
-0.002384862572710844
-0.002663257942824925
-0.002855037762718847
-0.0026276374901461107
-0.0025120171246752893
-0.0028585698222875046
-0.0024526410406346816
-0.0029047112652854424
-0.002798289015850595
-0.002974768425441006
-0.0025735950368432937
-0.003058196015504773
-0.002831751164904207
-0.002604047744372093
-0.002916998006772841
-0.002363885480955973
-0.0027316808689011583
-0.0025924019470980834
-0.002839890429330148
-0.0025755717349508263
-0.002778711857884644
-0.0030828304466121144
-0.0027683369849592376
-0.0026034040728791937
-0.0027827024816004632
-0.002746952437886194
-0.0028636731952138765
-0.0024651679241248833
-0.003229476617963081
-0.003719128143732067
-0.002890369494479228
-0.003072015671047278
-0.003237639371976516
-0.0027873100485254583
-0.00342646159068946
-0.003325305857613819
-0.0031008628751106487
-0.0028023017781023006
-0.003399395628529443
-0.0030818055557886165
-0.0033561220465939045
-0.002476598064017415
-0.0024997354749515923
-0.0029798819351647444
-0.0028946399265493985
-0.0031676978516083855
-0.0027374862806604154
-0.0037659001860523705
-0.0029640757536981257
-0.0029013766773453437
-0.0027346015222662915
-0.0035140555316813967
-0.003128186112149653
-0.0030003297680698264
-0.003199089316094486
-0.0031159304433475274
-0.0027937131043504456
-0.003600037943895813
-0.002993195512318741
-0.0030656331751488554
-0.002949441077811726
-0.003208772562759496
-0.002206567221667053
-0.003020425334428695
-0.0027942543546900698
-0.0029744412889113865
-0.002933532243581911
-0.0030328942823343447
-0.0028848515300225106
-0.0027495937967544773
-0.0030237741735491116
-0.0027916941125938483
-0.002776573195655513
-0.0035985812788847118
-0.002929871589685403
-0.003070389365639387
-0.003364261836985814
-0.00297467916810289
-0.0027258563405088004
-0.0032230803157875317
-0.0032299704301434616
-0.003547654497333169
-0.0032872890144641513
-0.0031749478278896752
-0.0030983107806847056
-0.003201198896784054
-0.0031909798313065787
-0.0033342812727474107
-0.0032981696372424915
-0.00297809016443174
-0.002982248544658525
-0.0032617994857373216
-0.002865398831534651
-0.0027051297846994917
-0.0031501777552945826
-0.003091393458661839
-0.0030833417362386146
-0.003171283642464672
-0.003236670509361899
-0.002565986001268264
-0.002892794168076061
-0.003194795567772294
-0.00286537374519119
-0.002846932050327974
-0.003455866332693733
-0.0032141137730075406
-0.0034429661181455767
-0.0030543761753637436
-0.0030215256195810377
-0.0031037718995773054
-0.003158974441246033
-0.003374965060698939
-0.0033648085511314
-0.003068366805158663
-0.00277728033818364
-0.0029645009036542275
-0.002732401224318355
-0.0032536057141919162
-0.003142874039090552
-0.002478387625267249
-0.0028801774047640728
-0.003259914166709634
-0.0030790178426051396
-0.003246840476035022
-0.00333406157368591
-0.0030348306877468435
-0.0029807826064119315
-0.002686689448175737
-0.00296636369285851
-0.0026011410445738905
-0.002897774238065573
-0.0029730587146891943
-0.0032212035004449946
-0.0031383957466663294
-0.002673373803061028
-0.0035514379032949416
-0.0034367600832500064
-0.0030186612879250885
-0.0026825750492099473
-0.0027995040556634573
-0.00245498866092135
-0.002779706873720291
-0.0028711903096629307
-0.003087857902075257
-0.003284834887858724
-0.0033897789029944457
-0.002820347258381517
-0.0034239320885825616
-0.0027352429452466008
-0.0031362707283027506
-0.0025281393066704182
-0.0034153705558354866
-0.0028821723825268957
-0.0031479259719512463
-0.0028520416312076005
-0.00290226083393559
-0.00324065082235507
-0.003115077656136109
-0.002930837168363955
-0.003093893675726244
-0.002772371444439637
-0.0030351297166441725
-0.0030473451146577554
-0.0028322991168943513
-0.00289970526691896
-0.0029078203456360703
-0.00290963772089609
-0.0032503107740794917
-0.0024530979964256863
-0.0026738560501481192
-0.0031195545805454542
-0.002752984391471809
-0.0033282498875122375
-0.003207704627669051
-0.0037143286876716256
-0.002768043391226422
-0.002999286758385749
-0.002965147040328703
-0.003271092196692014
-0.003266541472688517
-0.002867179726239987
-0.0027363720542525963
-0.003335097454097017
-0.0035214391881791965
-0.0027097310897343865
-0.0028140172392550782
-0.00263632738277791
-0.0033044415142959483
-0.002944890574850637
-0.003107329653981027
-0.003559881470072422
-0.0028692175026662882
-0.003343851296981134
-0.0030137484216284293
-0.0029815457278581335
-0.0033022160212007852
-0.0029774334403084627
-0.0028307987172290403
-0.0029425005677503817
-0.0029292829163229334
-0.0033789901791904777
-0.00286666978147248
-0.002719389525665683
-0.002399986721978236
-0.0029929126223909096
-0.0030957117140883563
-0.0028613549796865675
-0.0030846655050774338
-0.0028847739472907027
-0.0030804235358303073
-0.0026620094192068133
-0.0033757987527863248
-0.002526127551709264
-0.0031235867122536634
-0.0032924117266878486
-0.003123408540703715
-0.0025803966642508197
-0.0027579447631565423
-0.002909104173566041
-0.002644320804777069
-0.0022935553320141498
-0.00297240851625527
-0.002764754044501316
-0.0026875326741984187
-0.0028969200106152048
-0.0025595569158461113
-0.0030997741747033464
-0.002406918631599043
-0.0027322238516556217
-0.0028500685584756814
-0.0027370721496901332
-0.0030438865604693393
-0.003066844082153235
-0.0029594733515365917
-0.0021132141305856226
-0.0027888458376726746
-0.0029700907093690204
-0.002629281232919403
-0.002501914540408611
-0.0027220603254040844
-0.0028861936907267896
-0.002447654012039302
-0.002462225898590037
-0.0031109311794270166
-0.0027959344536281077
-0.003471718581442054
-0.0027885441761036477
-0.002879035714838712
-0.0028075675734090242
-0.0031322056704109805
-0.002895385786266983
-0.002895144117390411
-0.0023299227938051365
-0.0030959961906964722
-0.0030246732445092126
-0.0025898238141097846
-0.0029086902955676773
-0.0026112837461337215
-0.0024431431826952596
-0.002770152547132349
-0.003436661013449875
-0.002637517379877283
-0.0028482545539909726
-0.003057882830818506
-0.0029044476296415695
-0.0030708145315567928
-0.0024023004197165493
-0.002962582211040279
-0.0029860008021444584
-0.003253921103339429
-0.0031172770463966603
-0.0031853270502537542
-0.0028650889400231184
-0.003158054351780684
-0.003058046938597479
-0.002761145882132234
-0.002845469171813164
-0.0025482840567670876
-0.0027730607975439596
-0.002779836717119544
-0.00280182190427485
-0.0023836609397679723
-0.0026191778834615594
-0.0023911198532946373
-0.0024914920820861015
-0.0033739849118707395
-0.002837667603448512
-0.0025495954225900615
-0.003153359499815037
-0.0023020022229031903
-0.002509802981451569
-0.0029636295476294983
-0.0027122494128450332
-0.0034858008704683097
-0.0027270469839139858
-0.002351906240875107
-0.002902664544645293
-0.002646814937671712
-0.0028825141037785874
-0.0030180374038498562
-0.002717019486213769
-0.003245142508711874
-0.0026557419378035866
-0.00235187333290688
-0.0029959227934653085
-0.0028168986829603644
-0.002993076425753414
-0.002884586305991288
-0.002712375543227722
-0.0032507636968568056
-0.003109654529657254
-0.0021082351434625495
-0.0030666980420381456
-0.002878012572856511
-0.0028999095349947096
-0.0025286797374637314
-0.0035168341583589843
-0.003038743722735508
-0.003294910017388616
-0.0034039107230398303
-0.0022436238883045486
-0.0031864838560984013
-0.002915536630050028
-0.002782780955737882
-0.0027999195253246107
-0.0033056956806576865
-0.0028130730991873173
-0.003227098139523532
-0.002625901258254041
-0.003102325043371162
-0.003020449126609119
-0.003455497740961855
-0.0029672658816554923
-0.0026373762636053948
-0.003030072887795098
-0.002708232711125943
-0.002466568972710769
-0.0033207722387646596
-0.0028552496731916056
-0.002857934495452378
-0.0029915915051408576
-0.002687882403468113
-0.0029178460573551735
-0.002757194452402427
-0.0028202771983688196
-0.002694536188031812
-0.0029895661987179695
-0.002800417961709966
-0.003391863527249003
-0.003661403991111538
-0.002903207880775555
-0.003259542921280825
-0.0035640594810088734
-0.0034787989291627033
-0.00312454154403416
-0.00316195959455997
-0.00350695285708441
-0.003029618616491857
-0.003040012303456175
-0.0029044615065415952
-0.003179037042711208
-0.0029639403728448283
-0.0030331366336168704
-0.0027845694784134414
-0.0026293076189176645
-0.00265185908231685
-0.0032093415137897712
-0.003307787112414819
-0.00312227034718424
-0.0027348658660058594
-0.0023589500543780267
-0.0034873027492334035
-0.0029231932303789674
-0.0029098792612887135
-0.002856991905836066
-0.0033438007100437444
-0.003370648430379199
-0.0031073903137414215
-0.003562520914409847
-0.003030699200635547
-0.0030457464899319355
-0.0032801326336981246
-0.0030175291556706276
-0.0029538318179601875
-0.0033852167828013224
-0.002858277008119482
-0.003228199800382661
-0.003307509765769422
-0.0028602040663674583
-0.002888968775709696
-0.002944248859797869
-0.0023759251270253218
-0.0027790594247651787
-0.0025378936040794586
-0.0028948254796791937
-0.003096042008074473
-0.002936264289246428
-0.002939450722352102
-0.0029280153570341444
-0.0027453705768923134
-0.003368747449906174
-0.0029155880484150317
-0.0025701178145841456
-0.0029424165696461555
-0.002915421823561992
-0.00358325600085715
-0.0027747322466410446
-0.0028010382845136744
-0.002744602646879259
-0.003057723916712208
-0.0026821293162644913
-0.002694199091838142
-0.003062540109053735
-0.0027679246004061915
-0.003478511940736285
-0.0029757628309344756
-0.003322501471970338
-0.0028742647624465296
-0.0032102185783578477
-0.0025973990372891447
-0.002951069637823488
-0.002513267043658196
-0.003112646855978805
-0.002726883395574783
-0.0028568655041835505
-0.0038009359465787404
-0.002688045813225801
-0.0023140556015489467
-0.0026347515591344114
-0.002598799035962388
-0.0027939747874300407
-0.003309519273084241
-0.0027460627009213887
-0.0029352783203572554
-0.002726526529089299
-0.002807766300806154
-0.0029177835400841555
-0.0032514368106483006
-0.0034022835134966804
-0.0024201793483701823
-0.002866628230591372
-0.0026323892197343077
-0.0026978136923764906
-0.0030548958483959197
-0.002486725917952226
-0.0030159530632992105
-0.002731607589350994
-0.003019475360145362
-0.0029297334041539684
-0.002967105181321953
-0.0023285460457036023
-0.0029926760067941014
-0.0031799886521216587
-0.0029380672672251417
-0.0033145054649839248
-0.002902675944777236
-0.003533756989435991
-0.002834203250941672
-0.0026950972277690064
-0.002504070790456458
-0.002485874453660069
-0.002776055654681408
-0.002793277106140609
-0.0029194211935767134
-0.003284118893836444
-0.002708414428346711
-0.0031635377999556487
-0.0027616397121673305
-0.0025686843730173227
-0.0024616015459306253
-0.0028403710242702967
-0.0029756649929679677
-0.0031395284171569122
-0.0034933897073718898
-0.0033146902920901723
-0.002947004485311176
-0.003009808630492438
-0.002515818130751966
-0.0025826712632036875
-0.0031865993450146436
-0.0032794840602704666
-0.0030891201206349876
-0.0026672307575399128
-0.0029927849512303866
-0.0030311134251612454
-0.0034152555663278616
-0.0030073843879242176
-0.0030638634630141526
-0.003629654698215103
-0.0031027110014120976
-0.003045442657061025
-0.0027713723897777906
-0.0030317965002863135
-0.0034352737388242253
-0.002387271015515215
-0.0030599249548533556
-0.0030600484034694355
-0.003112281733074969
-0.0029380251349288744
-0.002986109949247643
-0.002658404431081085
-0.002634919993681149
-0.0029538680749633035
-0.0029356551516786502
-0.003377920754509899
-0.0026046500188055158
-0.0026816456497822314
-0.002540331030266607
-0.0031100185463496808
-0.00255904148679804
-0.00274664112209514
-0.0031449497859946203
-0.0028651015548378568
-0.002972420529689374
-0.0028337388737235056
-0.0031467352390136282
-0.0030186686576287084
