3.0244303006392257
1.7102116759006794
1.491729121024792
1.2829460749259363
1.1129358282456032
0.9602683347005111
0.7964393285604624
0.6942816197872161
0.5854434274710142
0.4840066185364356
0.4118859256689365
0.3546484335110738
0.3295334850366299
0.2909222389643009
0.25132664980796665
0.22066825536581186
0.2010632403768026
0.19028155895379872
0.15772811334866743
0.1491348996758461
0.13249608478867092
0.1216031290590763
0.10996615915344311
0.10660652524003615
0.09732964477286889
0.09856420004597077
0.09006251910558113
0.0910957249884422
0.08301688212041672
0.09594510300801351
0.08305512769864155
0.08349196317677314
0.0756507607606741
0.0790334744235644
0.07855489592139538
0.07977498339918944
0.08010961677019413
0.07677682509215979
0.0824129934494312
0.07066390199156908
0.07270786358186831
0.06934485610287923
0.07193297864152835
0.07139707677639448
0.06655458742036269
0.06859707462673004
0.0623070155771879
0.06532348027596106
0.06456178681781659
0.07582025648309634
0.089288402062196
0.08608495974196838
0.07938333446016678
0.08605920681013511
0.09530764454259322
0.09608763447747781
0.09042111509121381
0.093539337011484
0.08107983899804262
0.08069436916938195
0.08986594923413717
0.09549408560762039
0.08463087958785204
0.08707357117762933
0.0769702067741981
0.07066854118154599
0.07147693722867049
0.0698899426139318
0.06359406382991717
0.05864176131211794
0.06448930244033153
0.057600379047485495
0.0595669973641634
0.057198464755828564
0.05707503752066539
0.05946562205656217
0.060976035033281036
0.06409637876428091
0.06485524426859159
0.05915520294354512
0.06658185883783377
0.06139061155800636
0.057906905418405166
0.05627216109289573
0.06327890309576804
0.06748768761754036
0.07097343945732483
0.07043437995016574
0.060536126677806563
0.061361360177397725
0.05988901492494803
0.05949315136441818
0.05756064329582911
0.058756175723213414
0.06238063058027854
0.06882166002805416
0.05574458550948363
0.04949237463565973
0.04893125937535213
0.05291240415894068
0.04388362415708028
0.044927803054451945
0.041448271389190966
0.05370710586699156
0.03896649359510495
0.048718005705338255
0.04801162974192546
0.05761462475817937
0.04492931781479945
0.04667546729055735
0.04275212674759901
0.04167727598777184
0.04386619616013307
0.04443318648980214
0.049613941890689045
0.04862547539747678
0.045186480449942446
0.04331089367087071
0.04107671901583672
0.04088408199067299
0.039876320155767295
0.03972304652516658
0.03938993642536493
0.04020474240756952
0.04298304604509702
0.04334651097082175
0.0385389630897687
0.04549095175014092
0.042612832354811524
0.046657057822896884
0.04634727640793874
0.04604947890799779
0.04388835822733549
0.0502934581385209
0.048711140654408014
0.05783966587713132
0.052318505484324235
0.06033600752170269
0.05206033008602949
0.0470451191927378
0.05295636906073643
0.04893802713889342
0.05402324704023508
0.05167667584923597
0.05717817278435597
0.05548287269014578
0.05443020749550599
0.04924227687028738
0.04966996355125537
0.04291483158102402
0.04634775846050336
0.04627910471306397
0.04883374554606584
0.04422165731397959
0.04454435557126999
0.045967176613899374
0.052714369617975675
0.05077611875648682
0.04896400751402745
0.040648731331412606
0.04383330769263781
0.04149234676017211
0.033542159887460565
0.03765999342386539
0.0362970461925635
0.034777305045953166
0.03879255930391642
0.045534764086970915
0.05060879020736768
0.044514186708973
0.04964892847033647
0.03936423080471846
0.052316615243370716
0.04850747582431023
0.039923323318362236
0.0417657177322186
0.038051869720220566
0.042180793417187834
0.04923694672492834
0.042877043726352544
0.038626840252142684
0.04040888613806321
0.039027136134413574
0.03937599618847554
0.04467674032426797
0.041594018529240905
0.03809269033372402
0.0410442399004331
0.034726390557793474
0.031742444433845
0.039573785089529474
0.03455632237287668
0.036301609673179115
0.03726634844564475
0.04091940831679564
0.04538936927341498
0.03807264494781311
0.038709576227344
0.04348244222883995
0.04158692491742281
0.045075904663938744
0.04600607724143908
0.041125001357151914
0.03915234520458258
0.04736563242398775
0.041143582990536325
0.039511272282554556
0.044994225553595106
0.05024757436834849
0.03936238369116416
0.04155654987463584
0.04010981284081936
0.0383623897169645
0.037165944650769236
0.03842365641433459
0.040660291680922875
0.03649697581735941
0.03936527096308195
0.03926512934267521
0.03992830721231607
0.04932951824023173
0.039649011108737725
0.04149834324534123
0.0434931130363391
0.0379488239208093
0.038641753047704695
0.04223235561870611
0.04031204876418297
0.040903378535921756
0.044273020097842584
0.044659281178162646
0.05053202174603939
0.0449972136089435
0.04241235276254324
0.04065618004936438
0.04317289014848379
0.04073667113597577
0.04054802613189587
0.03972757983093078
0.037580813668095146
0.04393562476795453
0.03991208354441019
0.03712503918661521
0.03965431259801755
0.04350501307501243
0.04342722474382474
0.04428593261310687
0.04283768910054977
0.04034777217759536
0.04196073561906814
0.0413897711210526
0.04686443484746493
0.039936497922127064
0.04605468465731694
0.04113699997273775
0.0404546974083552
0.04372923405697712
0.04346410574821325
0.041730569503628294
0.04655225950364883
0.04804142346748939
0.04545406862520254
0.0415614867153076
0.04185711821684471
0.04521118540030259
0.04207105625134248
0.04219829669365516
0.045413795543404724
0.047762725187035705
0.04476092320222121
0.048761285153719094
0.050399455370811315
0.047537465336231086
0.04662298078720386
0.04328601397573948
0.04643646338238166
0.04566909570533496
0.04739577477941146
0.045704570355323645
0.04337249504259
0.04453951269388199
0.04230425733213241
0.039289011233128036
0.04118458605729616
0.042677277240615624
0.04290681406855583
0.039827918920379415
0.04112669275357173
0.0412433813397701
0.04463024170925984
0.04301301335486082
0.043265753812514816
0.043051328796606794
0.0418466453655408
0.03866084785415576
0.04656033106148243
0.04217369562158218
0.04200220927596092
0.041358002045979864
0.04623884435456533
0.04067961069253775
0.04047708181807628
0.04183207787573338
0.0412224438901131
0.04183073559632668
0.043755132303788115
0.0425724288305411
0.04351100586354732
0.04337346952121991
0.04324384512236485
0.04790586986793922
0.044874995316450415
0.04034590861545159
0.04134224157493848
0.04313209154284917
0.041577629171884976
0.04135770459587757
0.04175766417040275
0.04428744416397352
0.04159469598760972
0.043545228930620045
0.040496337614380394
0.04115521105436178
0.04879016830370976
0.04141496328207163
0.04345633327387846
0.043774945174272245
0.048198547070989244
0.04322962233653435
0.04399948429602843
0.04435257622255729
0.04233180720072526
0.045521349259294
0.045786964836028905
0.0409219289628359
0.04212134503401243
0.04213667354331567
0.03962087376186481
0.04139889676410418
0.04408038728512251
0.04165947107741466
0.0415262179592481
0.04030341712328104
0.042599434548845655
0.042114846064494206
0.04283829875863515
0.046407327199211486
0.04624655957405384
0.04733223462334046
0.04910139773900692
0.04736293855194862
0.04608826201695662
0.053040880652574396
0.045736650492136294
0.0453745382049909
0.041784709634689186
0.04268771710877235
0.04388734738414104
0.04065568143358597
0.046324240129727585
0.0484914330049203
0.046057319784393674
0.04604423513206152
0.04602761477805101
0.05034940970631746
0.05044221110068835
0.05412578565570025
0.04992713902432185
0.04974120597426708
0.04993496720607464
0.04726552126499323
0.04434437321928831
0.048501358410486806
0.04800368977280763
0.04871353082931959
0.04614541415984814
0.044115158055837336
0.04571131166930382
0.04396009766138517
0.04516401428442735
0.045736783914841136
0.046135154251868905
0.0454042670245354
0.04570283471391751
0.04644317629818733
0.04829687722600423
0.04529279140898815
0.04458616086496757
0.044822972525770846
0.04513209476493872
0.045883523042385396
0.04450060249521182
0.047083644282359345
0.04541600598738744
0.04473773261102346
0.04450324151951533
0.04550598283799795
0.04462789096511327
0.047070354910997245
0.04297861428214954
0.04324673723716002
0.043773682329517144
0.04442455949118504
0.04434197224103487
0.042216707250246635
0.043588677449868274
0.04306971416450464
0.04490660641055841
0.04304199407880123
0.04438264673719039
0.043914838708364046
0.042533037754205555
0.04397714244058499
0.04301175265931166
0.04346670949688325
0.04426734705383961
0.04438192468996231
0.04266113934035485
0.04405455781290164
0.04531196805720146
0.04291275355678338
0.04265218927310063
0.04317870349265062
0.04242719271435187
0.04297802075743675
0.043316562187213165
0.04498256144042199
0.044292641717654006
0.04607144734607293
0.04333764412082158
0.04618934390063469
0.04377317912876606
0.04523156334001285
0.04614988763171893
0.046175419453244944
0.04496849904266687
0.04588486486329482
0.045609216735913206
0.04403797439657725
0.04521027499666581
0.047117883540116826
0.04398418146257217
0.04512308684106057
0.04448146459001761
0.04619398065484487
0.04851223250421194
0.046344417104354274
0.04719967145759326
0.04825249956204341
0.048312071997385755
0.04593388916781316
0.04642230289486738
0.048643793280308066
0.045643433154775544
0.04844225410085458
0.046044156241875425
0.046592150829159296
0.04585188627243042
0.044902988265340144
0.04542153007709063
0.045458497450901914
0.046197176352143286
0.052432508594714676
0.04951645479752467
0.047657535597682
0.04801877728448464
0.047847758319515446
0.0461726326495409
0.045972646314364214
0.043560726596758914
0.04472509900537821
0.04328228169335769
0.04765825437811705
0.046288921913275355
0.04535251334309578
0.04691119956282469
0.046105650124641566
0.04609311715914653
0.048044504540470934
0.04756471448792861
0.048880292675816096
0.04803109808036914
0.04498457756753151
0.04568926250705352
0.04723903055374439
0.04737282378169207
0.04611422585753294
0.0450577086267563
0.04881673094171744
0.0484579047618004
0.047218495750656495
0.046378314437774515
0.05139455795288086
0.047152844042732164
0.049378171677772816
0.04794578503530759
0.047809856499616915
0.04952406682647192
0.04911018111384832
0.048245118615718986
0.048291144376763934
0.049103829150016494
0.04729472338580168
0.04947472128730554
0.04565643940407496
0.04617904456189045
0.04432506332030663
0.047281960655863466
0.04461583079626927
0.044227642479997414
0.04787776559018172
0.04514640672848775
0.04587471419228957
0.0448478343968208
0.04359909929335117
0.04230075753652132
0.043334258576998345
0.04598072343147718
0.044872255021562946
0.04661762937903404
0.04515447665292483
0.046785772706453614
0.047928116814448286
0.047995360081012434
0.04944744276312681
0.04692327463282989
0.045584925837241684
0.04834291209968237
0.050413846138578196
0.04604705314223583
0.04706298880852186
0.048432310842550716
0.04858802367861454
0.04762822945530598
0.04432771300467161
0.047125525228106056
0.04742699861526489
0.04808258356956335
0.052026161494163364
0.04815585756531129
0.04866498281749395
0.05058746870893698
0.04895316035701679
0.04845757484436035
0.051196453003929214
0.04701748123535743
0.04735881554392668
0.04906065383782754
0.0481128902389453
0.04825646622249713
0.05050346699471657
0.050011759967758106
0.051051776082469864
0.049639612350326316
0.04794037276162551
0.0480110177053855
0.0459575003442856
0.046271719984137094
0.04762229695916176
0.04608682620410736
0.046682598986304724
0.047825104284745
0.04905802117517361
0.05039864804309148
0.05050455202850012
0.049390669224353936
0.04950335696339607
0.04877363770053937
0.04927386773320345
0.049424310286457725
0.046886642936330575
0.05048489920221842
0.048033280556018534
0.04806088985731968
0.04695785054220603
0.050011972710490224
0.04738847220746371
0.05009214955453689
0.0506824343250348
0.04912290171935008
0.04769451813055919
0.04721825380737965
0.046278567784107646
0.04882046096026897
0.04829105531366972
0.0504315878622807
0.04777965505535786
0.0464573214833553
0.05008328276184889
0.05018422778409261
0.0489826310139436
0.0486433929262253
0.04818869238862625
0.04846002665849832
0.048944761947943616
0.048925005415311223
0.05093296451064257
0.04869939203445728
0.05079199737654282
0.05064861072370639
