3.0091463052309475
1.685795263143686
1.4805109289976266
1.2650477867860062
1.1087463012108436
0.9262192418942085
0.7808423069807199
0.6768830269575119
0.5945526631978842
0.4855378052363029
0.41968781993939325
0.349928148663961
0.3208032653881953
0.29853508472442625
0.26225564365203563
0.2203842288026443
0.18650605426384853
0.17510720972831434
0.14420635092716952
0.13891516912441987
0.11283801971719815
0.10735339121176646
0.09908328342896242
0.09203688628398456
0.08475471233519224
0.08044381903914305
0.07552061207019366
0.07379807884303423
0.06844961239168278
0.08915224373340606
0.06913168827215066
0.06773905252607969
0.06196591568967471
0.06560960486531257
0.06369584469267955
0.06621553720189975
0.06648751821082372
0.06196876917607509
0.06566900318631759
0.05720567492624888
0.06214160651255112
0.058542695555549404
0.05835819393396378
0.05899211758604417
0.05220521565240163
0.05396492637407321
0.050239925630963765
0.051514336151572374
0.05201631765812635
0.06321830444324475
0.07323629933481034
0.07173446969917187
0.0667764630741798
0.07065149820767916
0.07636636148851651
0.07769856862723827
0.07294455328239845
0.07576462855705848
0.06549052227861606
0.06498744173978384
0.06952726239195237
0.07720625976530406
0.06322804036048743
0.06660373162191648
0.06427996278955386
0.06120054071339277
0.06212578331335233
0.0577711864732779
0.054094274084155375
0.04537075752249131
0.05040302801017578
0.047628795814055665
0.0456657259653394
0.04336172008457092
0.04486114216538576
0.047674332802685404
0.04667907405931216
0.04568762921083432
0.050187403680040286
0.045799570029171614
0.04521155808694088
0.043898712342175156
0.0412534081018888
0.038666261202440814
0.04462765008211136
0.05511040547146247
0.0507210469016662
0.05327652199910237
0.05053004258527206
0.04651652514361418
0.049345947257601296
0.05204541832208633
0.05021491219791082
0.04761384734167502
0.046573350291985734
0.04762710817158222
0.044973772620925535
0.04567598379575289
0.045167630796249095
0.04827681309901751
0.03892466457417378
0.0301474224202908
0.03614219818264246
0.03986174815262739
0.03574690423332728
0.03928767237812281
0.04329308858857705
0.03465517223454439
0.035626060572954324
0.04011371612835389
0.0443445614610727
0.03267881961969229
0.0365194375698383
0.03165947068482637
0.03644592532744775
0.035265035998935886
0.03382553948232761
0.031542027755998646
0.0328407187301379
0.03252061973684109
0.03071155556692527
0.027452745431890854
0.02677441256550642
0.030478337908593507
0.03131490103327311
0.030504515967690028
0.02866579772761235
0.0273983375240977
0.03049200757478292
0.028010325563641695
0.030687563278927254
0.03436797345773532
0.03025062456727028
0.035727700791679896
0.03124275719030545
0.03726232043252541
0.03645037985765017
0.04740289343664279
0.040737360400649215
0.03902335036545992
0.04122948258255537
0.04044647309929132
0.041783205706339616
0.0379140229179309
0.04292936072899745
0.04264140733732627
0.0403216879385022
0.047238369601277204
0.03860281118406699
0.03689057632134511
0.03677712991260565
0.034793683829215855
0.03174646830616089
0.03399080178485467
0.032107027591421054
0.029939209182675067
0.030420998799113128
0.028323287832049224
0.03018917660587109
0.029179315125712982
0.030400903666248688
0.02670692023462974
0.023644937990376584
0.024556145387200207
0.023100372260579698
0.023753711208701133
0.029305384451380142
0.03323327348782466
0.03563976353750779
0.033077241766911285
0.03831153481912154
0.031466421886132315
0.048867880166150054
0.035676761114826566
0.032252294957064664
0.03215065343448749
0.030245149594086865
0.03350263607616608
0.02867034232387176
0.027394162089778826
0.02595334186290319
0.031360753052509745
0.025644941169482013
0.02917485924867483
0.027638988755643367
0.025232726091948838
0.03235311821962778
0.025063434071265735
0.023339755962101312
0.025609905229738127
0.0295561057013961
0.032449022795145326
0.029240736136069666
0.030567777042205518
0.027831617499200198
0.02845025284645649
0.028351798123465135
0.026918994792951987
0.03071355094703344
0.0290911744420345
0.02603280502729691
0.0262639979330393
0.029858906825001422
0.02664513148080844
0.028755047243948166
0.029490090132905888
0.029477028305140825
0.029186093305739073
0.03076591597726712
0.029179159021721437
0.031229336330523858
0.026655525986391763
0.028796360082924365
0.02752486064743537
0.026845821494666428
0.028643169340032797
0.03608472146666967
0.033162801698423346
0.030465359484347015
0.033767697687905565
0.027898936618406037
0.02932648008259443
0.03659473601728678
0.035561890871478964
0.02814537176432518
0.030151852392233336
0.03745238064573361
0.03302124386223463
0.030526655840759094
0.03211337896780326
0.03075818645839508
0.03864354362281469
0.03263812896150809
0.0291434065797008
0.029966321401298047
0.027423681863225424
0.02600140353808036
0.02506537798505563
0.024961769251296152
0.023515479696484713
0.02426220063979809
0.022457789429105247
0.02507051768211218
0.026395422521118934
0.027221870694596032
0.030947009445383
0.035063821435547794
0.032775470671745445
0.030405774196753135
0.027756558100764567
0.030536226698985466
0.03940003239191495
0.028626528296333092
0.03265448940488008
0.029850217098226915
0.029944380143514047
0.02923036403954029
0.027208334350815187
0.029314953862474513
0.03326269563000936
0.028678612482662385
0.029962703657264892
0.02630388056142972
0.028086253642462766
0.026925700444441574
0.02698753090718618
0.029769177548587322
0.031178565380664974
0.03866674153564068
0.04244119705489049
0.035528092344219865
0.03276552712688079
0.03352066739820517
0.028895731513889935
0.02965009888777366
0.030213461314829496
0.03053612746298313
0.031706925495885885
0.029037476531588113
0.027775479552264396
0.03567154198311842
0.031821791655742206
0.030649262179548924
0.029816762143029616
0.02851949774015408
0.029416970177911794
0.025445487866034875
0.030651594067995364
0.027299503681178276
0.02916704060939642
0.026959606632590293
0.02700369951243584
0.027598479805657498
0.028144491077042543
0.029077310917469172
0.0332222940830084
0.03098186244471715
0.029179926560475276
0.027230397353951746
0.03108741926172605
0.029501622915267943
0.031530228027930624
0.03396083977646552
0.03212195801047178
0.031036889395461634
0.03840063199974023
0.03288757326797797
0.03238904266976393
0.033176553263687174
0.031387072500701135
0.032865841299868546
0.03216284865943285
0.028921682932055912
0.029269919329537795
0.03055259849016483
0.029610034665809228
0.028128922515763686
0.02673285361379385
0.02744537960164822
0.02771215016165605
0.027707205411906424
0.02834166408731387
0.027642737701535226
0.03122415320517925
0.028303433668154937
0.027938397787511348
0.02926417441608814
0.033225072375856916
0.029101392512138072
0.02850771460395593
0.030711265395467098
0.029308805843958487
0.031074319636592497
0.028944927726227504
0.027114448510110377
0.032507097062010035
0.03163517107470677
0.02712252151507598
0.026383927708061843
0.028474070504307745
0.0338858720058432
0.03243441260777987
0.02742453204611173
0.0282895542251376
0.02824898879401959
0.02864851397103988
0.031204890101574935
0.030205761956480833
0.030883930050409757
0.032743378614003844
0.027962045170939885
0.02810080458338444
0.029627733763593893
0.029097526993315952
0.027063181093679025
0.029714442818210673
0.025359268830372737
0.029549942595454362
0.02808728049007746
0.030439667890851313
0.03266292274571382
0.03160621277414835
0.029955455445899414
0.030537595714514074
0.03229397975194913
0.0376587067085963
0.04013758275944453
0.031178813198438057
0.028517151136810963
0.03172908188918462
0.0330739342679198
0.031161985775599112
0.03432536077900575
0.03431766550414837
0.03496374121079078
0.03153754574461625
0.032253640431624195
0.03272719692725402
0.03241267884866549
0.03482105595847735
0.03370725575547952
0.0364517904818058
0.03165441209880205
0.03180593250749203
0.02939498427395637
0.02976468248436084
0.030636869485561664
0.027891912024754745
0.029011700875484027
0.028257858667236107
0.029317435564903113
0.028641680183892067
0.029130000836000994
0.03061684765494787
0.03106287782295392
0.030009913086318053
0.028335198029302632
0.028418191250127095
0.02928936080290721
0.027166587200302343
0.026171758570350135
0.027706440523839915
0.027254505398181767
0.02800924823834346
0.02617401582403825
0.026539712055371357
0.028771997930911872
0.028776212495106916
0.02881825087735286
0.028780363170573343
0.030310580005439427
0.027536432029536137
0.026589326933026312
0.02786449231207371
0.027682167907746937
0.02970961146056652
0.027033276211183805
0.027693478791759565
0.02817386120844346
0.02919556530049214
0.02751778279646085
0.029756931530741545
0.028524247714533255
0.02987416637345002
0.03035622307887444
0.031686563317019203
0.030623797957713788
0.03236405358005028
0.03288209502800153
0.03190778167201923
0.03059069666151817
0.02947671846128427
0.031096536637498784
0.035068113299516535
0.031017630747877636
0.03209136101202323
0.031136681597966415
0.03515394996278561
0.030765116830857902
0.03175216705466692
0.03248339033184143
0.03140084922600251
0.03182667321883715
0.02922239929724198
0.030720600242225022
0.03201159571225826
0.03081641675761113
0.030442103958473757
0.03274014102151761
0.029959027841687202
0.031148777844814155
0.031051900309438888
0.029934018563765746
0.031227918198475473
0.03226297645328136
0.02966709664234748
0.031700772892397186
0.03163385942864876
0.030260859988629818
0.03101817359431432
0.030868100417921176
0.031152087507339624
0.03834178916250284
0.03545898363853876
0.03344628461278402
0.035229395845761666
0.0322350083778684
0.03257170396928604
0.032110434312086836
0.031174786761403082
0.03187532525223035
0.029736929128949458
0.032796653059239574
0.03424070169432805
0.03272814444051339
0.03239482108217019
0.032738453794557316
0.03182433572812722
0.03402640661941125
0.032788322049264726
0.033567478077916
0.034045503503428054
0.030944167622006857
0.02940324885913959
0.034622397546011666
0.034870487766770215
0.03221627534008943
0.030615898293371385
0.034168826115246
0.03438085021021275
0.03330297452899126
0.03376967083089627
0.03360256402251812
0.03394389761468539
0.03454531873934544
0.03299062350908151
0.031916815830537903
0.03186178797712693
0.032566433485883936
0.030655152579912772
0.032224484705007994
0.03240429802009692
0.029706840489346246
0.030140544603077263
0.03043743776014218
0.03026695280120923
0.03083308218763425
0.03199862324847625
0.02901301931303281
0.02913657985627651
0.03183754646720795
0.03109762379183219
0.030664595087560323
0.03011190008658629
0.030354244648837125
0.02933610722136039
0.03105360842668093
0.03193204183704578
0.033971249025601606
0.03161701693271215
0.03193596910971862
0.03360743928127564
0.036717183372149104
0.03300803040082638
0.03369850990577386
0.03344689722244556
0.03175038748349135
0.03160381074994802
0.03306200495706155
0.03266632578407343
0.03260020179530749
0.03230304538917083
0.029206249848581278
0.034205201755349454
0.030875038140668318
0.031747760623693465
0.03521464113146067
0.02984807754938419
0.03505759252092013
0.03145942334085703
0.030883478101056357
0.031221098882647663
0.03305301406922249
0.03301768719863433
0.03762653785256239
0.032925938370709236
0.032641636909773716
0.03319365336344792
0.03242477115530234
0.03521054950184547
0.0340771303870357
0.033344167786148876
0.032354638567910744
0.0318000773827617
0.032185549160035756
0.03273211849423555
0.03185595796945003
0.03382667437768899
0.033212516342218106
0.031328939818418944
0.033688373405199784
0.033923248301904935
0.03553625843845881
0.037442439464995494
0.038346336982571165
0.03869089833818949
0.035310245104707205
0.03498285106168343
0.03635743919473428
0.0345526197208808
0.03233635206348621
0.03510437928713285
0.03505139180387442
0.034487647290986315
0.03455147293324654
0.03777090518806989
0.034368372321701965
0.03634500576613041
0.03673023207542988
0.0348722962805858
0.0337563172985728
0.035659206128464294
0.03342684697932922
0.03422319479286671
0.03454231115487905
0.034095960038785754
0.03433592767956165
0.033309542330411765
0.035074259340763095
0.034742412630182046
0.03427829401424298
0.03298516997064536
0.03274485054784096
0.034518873519622364
0.035002173139498785
0.03493001842154907
0.0344869926571846
0.03438825736252161
0.03599239382892847
0.036825230531394484
