-0.013615860087940326
-0.013391250601181617
-0.013221984399625889
-0.013170461256343585
-0.013101042090700224
-0.01292525863704773
-0.012764083952284776
-0.012597251382584756
-0.012462332443549082
-0.012316209307083716
-0.012192830901879531
-0.012038858621739423
-0.011907205558740176
-0.011765641403885987
-0.011664957023010803
-0.01163641969458415
-0.011520661986791171
-0.011410104769926805
-0.011269082988683994
-0.011268028545265015
-0.011193388041395408
-0.011239734420982691
-0.011222557895458661
-0.01113214472738596
-0.011141606262670113
-0.011129169839505966
-0.011100766578545937
-0.011077889198294054
-0.011081506240253265
-0.010999508617589106
-0.010966019819562252
-0.010963686741888523
-0.010914704490166445
-0.010848706631133189
-0.010777282385298839
-0.010770368174864696
-0.010749836452305317
-0.010726654056746226
-0.010709055197926668
-0.010730761819734024
-0.01080370543954464
-0.010783322886205636
-0.01073712518868538
-0.010723033762322023
-0.010768991694427453
-0.010757024543216595
-0.010741489137021394
-0.010752150172797533
-0.010712803327120268
-0.01073330957442522
-0.010735329383840928
-0.010723694815085484
-0.01073230689821335
-0.010711793501216631
-0.010738765233411239
-0.010760026482435374
-0.010750372177706314
-0.010704385145352437
-0.010735620916462862
-0.01073088261943597
-0.010721868735093338
-0.010746322214030303
-0.010807330562518194
-0.010804441399299182
-0.010824516057395019
-0.010811386672923197
-0.010767100378870964
-0.01083549610697306
-0.010947290421105349
-0.010951607172878889
-0.010945402658902682
-0.01102628015841429
-0.011025601654098584
-0.010974472531905541
-0.011042788022985825
-0.011053644120693207
-0.01105306542550142
-0.011090094266602625
-0.011108727094072563
-0.01108682919293642
-0.011057744934581793
-0.011085619820425144
-0.011126672390561837
-0.011143494712618681
-0.01109689289274124
-0.011107894649299292
-0.01111970033783179
-0.011133151300824606
-0.011161066118914348
-0.011233882434093035
-0.011293517970121824
-0.011301440745592117
-0.0113169834161034
-0.011319185119981949
-0.011317104244461427
-0.011348230320100601
-0.011347422304634865
-0.011372693728369016
-0.011345044193932643
-0.011359479321310153
-0.011389855152139297
-0.011459626372043903
-0.011551985029990856
-0.011552623372811538
-0.011499118675979284
-0.01152066750308642
-0.011571784489429915
-0.011627052036615518
-0.011645105165930895
-0.011670866379371056
-0.011674741469323634
-0.011674278387083457
-0.01172343403674089
-0.011748214381245466
-0.011761481171617141
-0.011727315474015015
-0.011712958090580428
-0.011664189312320489
-0.011613120439534004
-0.011644945895442595
-0.011678535147355153
-0.011643132037268236
-0.011654967341858608
-0.011695423679283033
-0.011703161551402165
-0.011730674983790287
-0.011815926575889955
-0.011840612068772316
-0.011801265624280159
-0.011848204840834323
-0.011885292111681057
-0.011804789390701514
-0.01177128987530103
-0.011769997314191781
-0.011739834899512622
-0.011655382210245499
-0.011650363341546975
-0.011565115904578796
-0.011452277592168405
-0.011444162219189681
-0.011446475509840709
-0.011410794106240456
-0.011375546383743104
-0.011416044043233762
-0.01145800665880625
-0.01147670615464449
-0.011443776135834364
-0.011413243699532288
-0.011381160381894845
-0.011442660440046054
-0.011511300332271136
-0.011534112605911034
-0.011460445248163663
-0.01148517203445618
-0.011536256797038591
-0.011537761398806022
-0.011548503115773202
-0.011640179687394546
-0.011702635182211032
-0.011690920132857103
-0.01176082784166703
-0.011765154336507504
-0.011770087709793677
-0.011667702791209404
-0.011644814922832526
-0.01168793124648241
-0.011631601117551326
-0.01164315241174056
-0.011604413905969033
-0.011630843608425213
-0.011721725647266094
-0.011686877806026202
-0.011716364983182686
-0.011654914929889716
-0.011639018729329108
-0.01162409415611854
-0.01158013603148552
-0.01158528785006358
-0.011581447921120203
-0.011600964989226598
-0.011580426288911929
-0.011615167902066157
-0.011700224604171056
-0.011765372724487232
-0.011801642480377968
-0.011849765465236627
-0.011828180316549081
-0.0117848723840255
-0.011764797926522219
-0.011710136670332688
-0.011662162152620462
-0.011656676075206353
-0.011697130764906223
-0.011681167752696918
-0.011638328676613477
-0.011612077472874752
-0.011603997848354853
-0.011627431314152021
-0.011622779042674945
-0.01158674624390327
-0.01156992049744496
-0.011497275488307843
-0.011413569404528692
-0.01142239011824131
-0.01142976084867349
-0.011481343023478984
-0.011456206770470509
-0.01140753489274245
-0.011360032440951238
-0.011343714150671775
-0.011378199564149746
-0.011421005427837371
-0.011414556262584833
-0.01145133083829513
-0.011521003194726431
-0.011496123055425973
-0.011480513243721081
-0.01147262891038106
-0.011518622404680802
-0.011609916761517524
-0.011555960903374048
-0.011537993914232804
-0.011560100331329383
-0.011528209711496647
-0.011525108751196127
-0.011479634820268704
-0.011432970831027399
-0.011484696816366453
-0.011447460247346988
-0.011422292014154104
-0.011427443847060204
-0.011426278375662291
-0.011417195473152857
-0.011415438841168697
-0.011385004852826779
-0.01138165845320775
-0.011462607349340733
-0.011483481454734618
-0.011437188962904306
-0.011480047539449655
-0.01145598515868187
-0.011463560450535554
-0.011494802683591843
-0.011452717950137761
-0.01143764343399268
-0.011440563617417446
-0.011490488023712084
-0.011543084308505059
-0.011477318621025636
-0.011443005717144563
-0.011459627532615112
-0.011493662214623048
-0.011571743138707602
-0.011539351696578356
-0.01155033025604028
-0.01153533120567982
-0.011510238037086451
-0.011464365299504536
-0.011419761338486122
-0.011404707010548848
-0.01137598487906731
-0.0113742110104515
-0.01137200532337794
-0.011312267241569666
-0.01130152681412605
-0.011325630803520862
-0.0112893399854119
-0.011270648943117032
-0.0113587291767964
-0.01134836130703871
-0.011322887385120758
-0.01130559567648631
-0.01125727085253367
-0.011243441586311046
-0.011212822665961889
-0.011240251276355523
-0.011211477821836105
-0.011212219140277459
-0.011186814795319851
-0.011162410934384052
-0.011160149597204648
-0.011150835468791998
-0.011140550930912678
-0.011166406895678776
-0.011208265661620177
-0.011188271899635975
-0.011182981629211169
-0.011119553375129517
-0.011151611833618237
-0.011190938691680249
-0.011231255889512026
-0.011245736522743336
-0.01124555694942291
-0.011284706369042396
-0.011288684234023095
-0.011308334037088431
-0.011357599726090064
-0.011292115684885246
-0.011339178050939853
-0.01133031896673716
-0.011259429156780243
-0.011212673382117198
-0.011198119332010929
-0.011206077340130623
-0.011241460691850919
-0.011281432426319673
-0.011258296467936956
-0.011209363719591728
-0.01118739998111358
-0.011145943002058909
-0.011173479187373932
-0.01109773932168117
-0.011104198358952998
-0.011041049186426859
-0.011003306579704468
-0.011046364530920982
-0.011053091187316637
-0.011117185308383062
-0.011117019991462047
-0.01111756176329576
-0.011055128376644392
-0.011059010344055983
-0.011061896211825885
-0.01104506143870262
-0.011050418850321037
-0.0110894788773014
-0.011128397128329828
-0.011149416405421038
-0.011158768359858256
-0.0111554779828741
-0.011158303543925285
-0.011195827246858523
-0.011232433281838894
-0.01129411503386039
-0.011222881136032252
-0.0111753632242863
-0.011147709248157648
-0.011190376029564785
-0.011205853106310735
-0.011213730089366436
-0.01126021843117017
-0.011242813115509656
-0.011255944333970546
-0.011266182277065056
-0.011259664996312214
-0.0113241949190314
-0.011315033584833146
-0.011294339482600873
-0.011284147704449984
-0.011279444869321127
-0.011297773541166232
-0.011273287165050324
-0.01129953464349875
-0.011336842709435866
-0.011338863894343377
-0.01131081204288281
-0.011310998550974406
-0.011259442682449635
-0.011223880803355804
-0.011210563320379991
-0.011219113663985179
-0.011125666519197134
-0.011062213807151867
-0.011107824126688334
-0.011134660315628235
-0.011190381073034727
-0.011175991007341788
-0.011215968530338544
-0.011251409308841595
-0.01125949164136098
-0.011218318042273705
-0.011227318802132057
-0.011218897797740423
-0.011226478032767773
-0.0112180540481439
-0.011168915721086355
-0.01112640521560724
-0.011143614810246687
-0.011199130433110091
-0.011239703443761056
-0.011266801320016385
-0.011296196124301506
-0.011238260782108857
-0.011211221378583174
-0.01120968612913902
-0.011272631585597992
-0.011271020383215868
-0.011282494907768873
-0.0112713221890422
-0.011273327240577112
-0.011244439462629648
-0.01128601050720765
-0.01140931797428773
-0.011437996577184934
-0.01141274506942584
-0.011422883461301143
-0.011396753300841039
-0.01144125173584773
-0.011488035378547815
-0.011486425608969652
-0.011463712184475018
-0.011425604986456724
-0.011372551092734703
-0.011410830929302252
-0.011437226975193391
-0.011428386617738467
-0.01140640273403663
-0.01143262403515669
-0.011432619478840094
-0.011389481247617649
-0.011391867625598724
-0.011399584005658443
-0.011453524518471498
-0.011478902055666996
-0.01151204719566382
-0.011501827950660999
-0.01149862792629462
-0.011434902594639704
-0.0114255735793939
-0.011370296131532925
-0.011403487551097687
-0.011364469677209854
-0.011286151939286636
-0.011337536530425915
-0.011356535410651793
-0.011359146910791214
-0.011350885649713186
-0.011383294242505844
-0.01131817360336964
-0.011372345098509238
-0.011434734139878016
-0.011380265610149274
-0.011381174337405426
-0.01134656207779279
-0.011407344759656832
-0.011440056877640577
-0.01134097223671583
-0.011305152481565108
-0.011275515175209595
-0.01125214727452168
-0.011305698838371497
-0.011337218877787773
-0.011363250447007325
-0.011409160724053015
-0.011429037612218123
-0.011461110255466058
-0.011471407043819245
-0.011451046813565952
-0.011416900544785537
-0.011390796346733203
-0.011371607061188954
-0.011345943521994811
-0.011353275810296718
-0.011343232441980105
-0.011331196788411874
-0.011391212748220334
-0.011411514362463585
-0.01141632699335997
-0.011358100104217346
-0.011344308907595965
-0.01137105252307195
-0.011426268274394365
-0.011480915632385473
-0.011535696613673981
-0.011553936795546458
-0.011572839420002241
-0.011499396138466322
-0.011443212785972998
-0.011404197935301523
-0.011415033988081491
-0.011407699894446593
-0.011362987025999105
-0.011401061083261783
-0.011401240069132585
-0.011450179780905064
-0.011438689696101042
-0.011462430498347833
-0.011498050219737566
-0.011502997204661369
-0.011481107384539568
-0.011429616465018345
-0.011388653258864696
-0.011401750147342682
-0.011420638701663568
-0.01138820006297185
-0.011365205522340077
-0.01143052361619014
-0.011443528905510902
-0.011503418864539037
-0.011471893079578877
-0.011477084586826655
-0.01149907702436814
-0.011552863926268541
-0.011514034996239039
-0.011510755866765976
-0.011536515833666692
-0.011568124663944428
-0.0115918749370254
-0.011614502221345902
-0.011568904625108609
-0.011528595651571567
-0.011515097950513547
-0.01150602908948293
-0.011480711500805157
-0.0114903758924741
-0.011491378024220466
-0.011441258727931058
-0.011482346917574222
-0.01141931378784088
-0.011394411096206078
-0.01135169998384439
-0.01135257614346651
-0.01130005419254303
-0.011305593498624289
-0.011275548129700698
-0.011315034559139838
-0.011418411809091384
-0.011433639105122823
-0.011449205689132214
-0.011436517550968207
-0.011452337726950645
-0.011425506323575974
-0.011403712071478367
-0.0114207020889108
-0.011520689038129953
-0.011519249270741756
-0.011533292683844383
-0.011538580790735208
-0.011548189131113199
-0.011565640468436939
-0.011569424002216413
-0.011579417766859898
-0.011545836352385007
-0.011576153925405099
-0.01149732914681618
-0.011531685221080596
-0.01159128462179349
-0.011604222769920642
-0.01164321367843793
-0.011685097805009438
-0.011712014775436657
-0.011753834268221488
-0.011779885567151583
-0.01185476126579138
-0.011882289327107942
-0.011842285469174384
-0.01183859625687966
-0.011831961557842219
-0.011829072595215762
-0.011771329019505243
-0.01176244792743371
-0.011766114386801536
-0.011794524711485092
-0.011789958021388604
-0.011803118655314812
-0.011792794715326566
-0.011761791359346647
-0.011751380405173852
-0.011772289041143197
-0.011819665735730758
-0.011803948922226063
-0.011774574907926412
-0.011747787348352946
-0.011672070178274926
-0.01163582866295026
-0.011613251641392708
-0.011582854490440626
-0.011562903139453668
-0.011573805215840156
-0.011601279059854837
-0.011591913350499593
-0.011598260285189519
-0.011586601358766739
-0.011613423706820378
-0.011673644485955054
-0.011665022459167701
-0.011636124651592512
-0.011552539697060217
-0.011566120744324648
-0.011597782774613454
-0.01159598698409704
-0.011558074661745474
-0.011529756910525836
-0.011544000429029647
-0.011552431291112534
-0.01147898593201087
-0.011407997889014391
-0.011394240220005696
-0.011425140113211595
-0.01144037782572783
-0.01145783502321977
-0.011482717440678523
-0.011494329299491185
-0.011503331592449775
-0.011544455372943328
-0.011552709298065076
-0.01154791797296359
-0.011582239602620784
-0.011547317484823558
-0.011507680553656358
