15.903271489365157
4.548709446376608
3.511298097612322
3.6684536089499793
4.01996432337188
3.153693159305772
3.339728974903277
3.4752969383731367
3.237807798870774
2.395368543186391
2.141997855416564
1.873481010743814
2.3815091020723647
2.1474643365819324
2.975274267989074
2.6943524427885235
2.530305125079183
2.9177180118858814
2.5417763383467067
2.9820158110801565
3.2914686654658283
2.179278398120357
1.9872701834858388
1.8536889248982418
1.6124530090091302
2.009392322091631
2.3613222153611884
2.2475343790453994
1.7147624302049016
2.251027101665273
0.9151269736620344
1.5174597801077505
2.313409548137308
0.9669066106164178
2.4010049453683835
2.049937665578007
2.0504484889783368
1.8096242056105487
1.6989713243909121
1.6481529203091942
0.8547150848159032
1.9457427278276562
2.1329620777983074
2.131449171796788
2.03227231709301
1.6982542638082143
2.0749175405173106
2.4071420794713867
1.6173148212968842
1.8180395174020714
1.6491498146928096
2.60949565886787
2.1994081999269106
1.935421974102194
1.7706807376600282
1.6229980249362168
1.187103654972689
1.5444493516413278
1.7361492155509632
1.5329190978794829
1.1677864798770625
1.3775917753837137
0.7276025163515132
2.007749588380373
1.6086356396707453
1.3734202606516868
1.7649961377371304
1.6464462162739084
1.339260649784331
1.1945104908717925
1.7555041947842454
1.8179851675824832
1.6836695945569018
1.4722112733148789
1.1320017452330091
1.5948816232794767
2.0904739373471846
1.3515743291756326
1.7017290326947159
1.08348307980932
1.4869986507543471
1.5761778552821555
2.020309149612521
2.0038945800516497
1.4927268267876304
1.1722207229237918
1.3791457639877187
1.2903583132077094
1.7704004568928606
1.4039644902904136
1.7997137193618589
1.0359099667822553
1.5184723919170886
1.5959612708610966
1.3483951326185304
0.6707476961549169
1.4816441865883363
0.8631412092986148
1.42055791013607
1.092466975262663
1.1907716202730125
1.8801801670126097
1.1621229601662981
1.6968760339961957
1.4684648195267185
1.179891832959802
1.1199137846065699
1.0028679789686503
1.4093387138112918
1.751666693565573
1.4487628238492234
1.1771302854375147
1.3883113299944085
1.0951595044254447
1.6682871839739093
1.4221126429787152
1.4706900312760196
1.330330757056038
1.598320881583432
0.8900478319950806
1.0585191475061426
1.4846542905943916
0.8330784108013262
1.338325423975439
1.3939187817903624
1.5006432278125093
1.3955000340072221
1.597343146865971
1.4007741374851659
1.076268183666664
1.4791018696097555
1.7432064978521347
1.5569842914047167
0.900256505279347
1.3967624937848353
1.6242244596080493
0.7327233576035315
1.7178042845064125
0.941206420360263
1.1762797139700532
1.4268573877481066
1.3996055319529863
1.7056739466235966
0.7209292334367254
1.4663278936199093
1.6140683551947044
1.2553872084208988
1.1993317931327363
1.2090619270826957
1.0447089432110621
0.893125763415655
1.6536578112823326
1.0019361819537689
1.256015066779399
0.9491986126256312
1.2285529867233347
1.2166903352350458
1.1737454120329647
0.9632006870553822
0.7389656714589674
0.9460415694963678
1.1350452536067297
1.085006013631734
0.8607983003377684
1.5775272316162208
0.9051484387122499
0.7768122179238776
1.3472217923073575
1.2014695273733935
0.9216387153841382
1.5341920461505651
0.8624125656476894
1.262314495941003
1.0846916705391607
1.2193563054857213
1.4401412005572356
1.4809369034271023
1.1151798765081191
1.0359639464733155
1.0431625699162368
0.9617924567586346
1.401004723980734
1.7727168717732031
0.7897355910751593
1.2498924426676692
1.0705395850692263
0.6235846682278396
1.1179376873945774
1.253441136886272
1.1859808413405692
1.3542972872495767
0.8259963090712017
0.6287391274741512
1.2078948440319
1.5847895783408321
1.3674862256035383
1.1543614165171576
1.1245296339598274
0.9544463385990279
1.184552387583481
1.5685134272437629
0.839079310532746
0.8380331590179672
0.890484959670422
1.3018027021614618
0.9767162230248426
1.1321511886104247
1.1080358697736794
0.9534609676013852
1.2148014184217466
0.9912902659758233
0.7482736185563064
1.5003966917247735
0.9628107518159835
1.0503810003630876
0.9742726004112137
0.7800631285211894
1.2672790204745161
0.9720379921044547
1.2609856268824187
1.145341330633838
1.0882269363027326
1.0004251015466428
1.2908420081633005
0.7840950628453793
0.9560792188326172
1.2743014373361718
1.3095442177655623
0.828432711184227
0.7883782561817892
1.4147417670144706
0.8507722044695717
0.8656156518272766
0.7946345633141292
1.0752378499582989
0.7226949737140144
1.009215053127602
1.0560493619838196
1.1611977029635117
0.8166625985619431
1.3031494630673943
1.3573938543698931
0.8813924954684321
1.1672790197641119
0.8327773516571741
0.9471459116339106
0.8221104485849136
1.1399259371610806
1.371499026403582
1.1097427503018127
1.0655675085239806
1.0887465874498437
0.8856630081296429
1.047065934671681
1.2000322814655395
1.1538984541990613
1.0202721729297046
1.0126296224202527
1.1009435428075434
0.7636505226828447
1.0292760842270399
0.8907564188274302
1.021393673530556
0.935570055362588
1.226204523390751
1.081142743998893
0.7053040629397183
0.8709647183905739
1.2075120373159762
0.8196160977186505
1.2725872737319432
0.8827777994767756
1.0320387216674727
0.7833597539389838
0.9251608501202896
0.88901927002323
1.1201609844060312
1.066822023102075
0.9494379380096992
0.920059443747466
1.1578354519113263
0.8863545010342847
0.915117495974829
1.137233507119177
0.8376783381230667
1.4404401173959522
0.8333535287709719
1.167130582857617
1.2514761216476444
0.9305602292739605
1.33336245257032
1.2664837548653631
1.2139949865689748
1.106942541052609
0.7492975317782816
0.9636548400112941
0.7872484137787837
1.3511300251003384
1.2554219398907451
1.440096191007846
1.0940929652523799
1.2816995448728865
0.8122384217856524
0.864574096837016
0.7052487307480833
0.9060659387379942
0.9852806373405479
0.8020119193811402
0.9806466341567363
0.916087722084521
0.9209904057053171
0.9507248580975588
1.268542171304309
1.3350939392437076
1.0455127273642912
0.9068772263586694
0.8818002824325027
1.0733914033387058
0.9538145479782261
0.7925435887729071
1.0362999422490136
1.0502986544382202
1.0411912603123301
0.7421196652070958
0.6976961839020022
1.0856648527244612
1.2425999969186248
0.6803968161156819
1.0192412996534692
0.7463937633880233
0.8365029295357739
0.8543424273140786
0.6630134040330963
1.0617647082075592
0.8122418629034429
1.003867106171065
0.8792425938376565
1.0053389548764442
0.8074303273898513
1.073124910910549
0.7925464025763578
0.8856770260504974
0.8935390798295595
0.9153210321773392
0.8801788023091823
0.6834294886198328
0.940333201001261
0.7034823447321505
0.7583201436990107
0.711200045058937
1.2562289317535569
0.7536399162757074
0.693620187410897
0.7364151841787578
1.141487712827475
1.176611611467981
0.6254820714184884
0.6988725553522999
0.6440837875246829
0.8887796557414555
0.5962222386295943
0.8195943738218368
0.9362856621868446
0.9581356599616507
1.0444975062273443
0.8470962349173807
0.9489710067593774
0.8818755141755407
0.5314458329356889
0.7613347685866982
0.8938101981694326
0.8834887390862428
0.8232571425154632
0.9588425573712402
0.8833062870666212
0.9342370265553337
0.8814193573022304
0.7415414926155594
0.7943126797538915
1.243109045470812
0.9120343697668855
0.8145656988977693
1.1107583082851398
0.804931914011493
0.7902618885913849
1.0523111002173189
0.7907460139371282
0.792491099364016
0.6360602946663203
0.9170181828175578
0.9156458268317488
1.15108096954059
0.9170380445637617
0.5237152380363423
0.6675301206753005
0.5549056686590924
0.5966948585714712
0.8268573408072829
0.9960428643069237
0.817175708472902
0.6845151578733163
1.0834217227259002
1.0249610540218825
0.8639639789317988
0.9883711021140853
1.4506433801364529
0.8192095081935558
0.7801165426900798
0.783772684908075
0.8663682284180162
0.7884711817325664
1.1922319370877834
0.96511483027838
0.4271125426775841
0.8214917901701243
0.9617161668418336
1.1373436041212417
0.5518662926141721
0.7686804787891145
0.9497194175839482
0.6541429063514625
0.9954985256068581
0.8971076227738991
0.9113925841651395
0.8450772954302646
1.0728350354957776
1.0140544690422773
0.7274824916998777
0.7011782787740231
0.6312016462510119
0.7486675150490315
0.797669876704368
0.509567610148788
0.6832786211689804
0.8743703397669533
0.5340914731455404
1.1841702167839967
1.0096139274032194
0.6937440155622686
0.9061578507571257
0.7806799476533088
0.6956068135783539
0.9399886890079884
0.7219587927359308
1.0690330514583246
0.5807850289974332
0.8902110681009963
0.692340707254791
0.45875874952983486
0.7017505234973722
0.9497379812433623
0.7866249583596581
0.9001331817532001
0.7404778466141212
0.772131354742965
0.5275713482424039
0.9876090521823124
0.9220050167501723
0.8250641609477096
0.5536186261131435
0.8756430932111288
0.8131624581508858
0.7548918736333302
0.9579589838349774
0.9776847721907751
0.6274687695468582
0.964385712537337
0.45117381866299366
0.6974563891782837
0.7937160725867766
0.8394755164031372
1.2102854664098153
0.8880167583711156
0.8592397978514895
0.8570138413798382
0.3664223967993617
0.3845597605993466
0.6624598664000573
0.5398911355395418
0.7796865638612603
0.5964383761607861
0.8226572087164535
0.9731075627397198
0.9197287041289631
0.7079497310910519
0.7973072865884029
0.7703203622742679
0.7092850941789243
0.6490848091495938
0.7641447285233542
0.883559132781775
0.6073391823054746
0.9251523682732106
0.7156999066630884
0.7504078437206011
0.4643554015684324
0.6982674264103579
0.549363180937231
0.5284492944623524
0.7270141132428607
0.622287514251332
0.844508497289909
0.641619463364572
0.5907439527412256
0.7690009622538622
0.45321414870744237
0.35101410938253585
0.6955472843201701
0.8424084407616724
0.697996652843936
0.8352206677176751
0.6384435361070746
0.7904258224763006
0.5418399180494999
0.6499263160508271
0.621653824557312
0.9478485177834194
0.7104817552405388
0.8402838349710543
0.8155629529162894
0.5137556279366908
1.1918880310371633
0.705834340665114
0.7058230368131699
0.46056031494747934
0.5915513748931157
0.8927374721844067
0.6470473502336662
0.7228616804548705
0.4948240949523224
0.7737670498286453
0.7811390144367839
0.8177226813556987
0.5367020575777274
0.8387240395527478
0.6766248448037131
0.5247380641946034
0.6814762975536864
0.6174918252346647
0.49318761751777673
0.4926374263397252
0.6988655600169774
0.7979372219622943
0.6801395431673515
0.7101403186494817
0.6149980374431425
0.5862755958395179
0.5905703080659227
0.889526979528483
0.5953444466428008
0.5817069900907981
0.9246968329349865
0.9201788767024355
0.7813015601258407
0.6961376910610485
0.6357334961017319
0.5356994215687809
0.5019641135559353
0.5103167631255477
0.5506529505400695
0.8199602657416475
0.8548465259373188
0.5203854532897935
0.9155567540289011
0.6133083460433769
0.8046189995785785
0.7607070258006366
0.6271868240730765
0.8443583283255729
0.7234318941189049
0.7586320266596858
0.6032070215221119
0.6409642934337143
0.7418297924816089
0.818958425013594
0.4732590749455515
0.7821510395634371
0.7795152821751354
0.7543959341863848
0.7586866614639817
0.7554473933229555
0.4509422801680459
0.7393227074865627
0.5296517052658827
0.628759562640718
0.6847378166551276
0.6769493117282355
0.698801524756664
0.6472846216616012
0.8794062492950249
0.4502358984368196
0.6138730728691949
0.5525052954782118
0.6322459241721866
0.6571457078175027
0.5505398019368566
0.7306101624095855
0.41017110271798085
0.6494577983683048
0.39688947785270307
