0.9695336633626326
0.3329759341331176
0.24508938253109838
0.18798588561239066
0.15343837562810492
0.1204705597890288
0.10203146415613132
0.08741209776727138
0.07768809920015894
0.07107225850822381
0.06311652186660119
0.05186365987116724
0.04805387542065647
0.04662739016391613
0.03983136080550375
0.03406633043569731
0.03192812254146477
0.02662221463167189
0.025341739599811442
0.023675936368512517
0.021919705599178503
0.02058472656932326
0.01961634935995127
0.01800263941196012
0.017671054362514874
0.01704145000764617
0.016083267851974125
0.016177101815004407
0.01679541334670819
0.01599839044228932
0.01528554474245067
0.015697424280468695
0.01697645221641402
0.015219874067209017
0.016854698651320773
0.014984492565516705
0.015666288706577488
0.015381890786006863
0.015231519293637924
0.014643500859124792
0.01548138795029602
0.015738399022109346
0.015499889466589615
0.015100009392165107
0.015592234348303374
0.014535903172958413
0.014684697438353374
0.01494267002598923
0.015259159807069801
0.0144397631092112
0.01469311891698543
0.01435538758236317
0.014757771680798427
0.014347796930851024
0.016515208553108902
0.014496383404382217
0.01364866229188111
0.015264659285269402
0.014212438189367085
0.014421348657780959
0.014686053107136193
0.014394915522432621
0.014783970826523907
0.014306285082834002
0.01412957780017161
0.01574821174144745
0.014489923270396244
0.01435919027591561
0.013569124364926492
0.013840716002210054
0.01482620109907455
0.015263589999328057
0.01359238277108949
0.01518992009561187
0.016572397075777436
0.014381900987369411
0.01403802270874565
0.0141720516204742
0.013818489501459731
0.014241466447021123
0.015259555654807223
0.013579544129516976
0.0139258710483526
0.014014895344268025
0.01413000556697816
0.014634231886148085
0.013943891633118008
0.013977020117741676
0.014349341843231224
0.014139952008141044
0.01395756035445281
0.01600772717990625
0.013808636923814998
0.01423509099095324
0.01369342860179367
0.015070024166072225
0.013838282710424176
0.013805414229217503
0.014190545698834791
0.015268327686705708
0.01322118830004776
0.016875715405438786
0.01337240030069226
0.014110446980016098
0.013708967365968374
0.013552525752212531
0.014135547368614762
0.013200427374492089
0.014173937363573063
0.013406669019640964
0.013261597351757465
0.013897903450983174
0.015066850169297354
0.013950839355863907
0.013839247236373248
0.014725283835727123
0.01401895650283054
0.01312791524960855
0.014404725815732907
0.015863613322101257
0.012796947698074358
0.014367421033481757
0.013075107296951759
0.014606867658181323
0.01332854951536398
0.013708767017786517
0.013434777088049386
0.013841644176684412
0.01343860318194385
0.01395888623126127
0.014103199349555336
0.013685105777817008
0.014080180253051681
0.013321017648702787
0.01347985614873009
0.014220446168824478
0.013635380261428194
0.014078017832412396
0.012704856630506706
0.013329337106120807
0.01358456941275501
0.013196232244602323
0.012996115628629923
0.013762463736175387
0.013153260777256003
0.013355429646455579
0.013496387928126402
0.013037618737161895
0.01331773897357009
0.013383821595782115
0.013409073917586126
0.014267720610915142
0.013986371401237485
0.014359516436579052
0.013561388663947582
0.014244827593642253
0.01425517843576309
0.01361896735328583
0.013481584329296041
0.014670672779327926
0.013427002263473875
0.013425424494953066
0.01431136489443389
0.013297787205212646
0.013012067828741338
0.01327722926888569
0.013366794671265432
0.012249314916078691
0.014218309903402388
0.013260414634175875
0.013269242738592035
0.014476495146475456
0.012903943355482669
0.012974408956497539
0.014097865784747733
0.014541567671170205
0.013001484465267924
0.014373140762571568
0.013002249706582522
0.013248912247334734
0.013766824655280806
0.014082424716311104
0.01586857624237
0.013511163449305811
0.013708697522725955
0.013350040987593893
0.013372043838701499
0.012915812738607695
0.01470576730200354
0.01594519515717287
0.014140590524047982
0.013907006463426866
0.013371046693466697
0.014356638137021182
0.012937726222990472
0.013457225895498269
0.015104578986166068
0.013800445086334222
0.014214075898268709
0.013561554929172551
0.014533999055210087
0.01386950110303767
0.013561574558233038
0.013769236123074352
0.013341845688122658
0.01389540508274495
0.014520377569176533
0.013726121625276628
0.0141931257084196
0.013798904195887807
0.014650642563715394
0.014790965153341308
0.013095301868003091
0.01433905899685658
0.01387926234898192
0.013307276438277813
0.014332262720958687
0.013471274015804132
0.013450614282470427
0.012430762942236514
0.013972907414498888
0.01285948348749015
0.013410168307844871
0.014629269233778303
0.013438467881469815
0.012866325209630124
0.013859122836341461
0.013588672062313114
0.014238880068799595
0.014468970662557784
0.014217973391260998
0.01332053355872631
0.013364265944210835
0.014134838851743643
0.013555968410254996
0.013603869208169203
0.014089939140795189
0.013309607612268057
0.014068948382074817
0.01341668536633621
0.013079611276402886
0.015276744189085784
0.013341817657612724
0.013554896516610442
0.013824154137645239
0.012808315347834134
0.014057791149128734
0.013168270869847433
0.013374381844690185
0.013033659408949775
0.013179538588694951
0.012970256957191008
0.013072093199064702
0.01371192005980346
0.013657281062577242
0.012883948847467517
0.0138490608824348
0.013171072287002095
0.013860336261123051
0.013783709994620747
0.013690254808530028
0.013760841609105285
0.013661756031905059
0.013488720650612204
0.013538369423721308
0.013414752036103128
0.0135970196813161
0.01386411144271677
0.013925492190928371
0.01267373303618328
0.013245623819759966
0.013098656824203553
