-0.0011046488038284879
-0.0013329431510724166
-0.001516023960004142
-0.0015128555553343762
-0.0015008246858463216
-0.00159861029545644
-0.0017408510726461591
-0.001791609495713255
-0.0017401416014426172
-0.0016484920235230926
-0.0016297626977429451
-0.001624257342596533
-0.0016656660342060908
-0.0014301214878820086
-0.0015312502000308153
-0.0015729690128579949
-0.0014721268320488892
-0.0016133954335148736
-0.001579926176359467
-0.0016219581654836421
-0.001585994313174509
-0.0016189274274896015
-0.0016963882142882528
-0.0015551653947197333
-0.0014616639571209413
-0.0014454067208609742
-0.0015230349439198237
-0.0015339031301906858
-0.001589569459738073
-0.001267313879591861
-0.0013429713309062524
-0.0013434453104173812
-0.0013473310053527187
-0.0012841261690880073
-0.0012342037226506593
-0.0013305236560454165
-0.0012981696717194343
-0.0011526945928157155
-0.0012918221825688172
-0.0011827863511399176
-0.0011732491539516087
-0.0012915553394841593
-0.0011130352829920333
-0.0011860284328846589
-0.0010666963474407964
-0.0010859977712286753
-0.0012013038778737298
-0.0011221089718654862
-0.0010476496956375795
-0.0011381263749951204
-0.0010784612437969316
-0.0010707938375282646
-0.0010886673243951132
-0.0011372579136795394
-0.0011247047236032973
-0.0012294209243632881
-0.00122935860827572
-0.0010457281835031113
-0.0011801914164902582
-0.0011716853026369684
-0.0011056911662584445
-0.0011411488669928974
-0.0011023183407835994
-0.0011595996670496203
-0.0011790246267738367
-0.0011742356308798068
-0.0009875755100786333
-0.0009982626149947049
-0.0012285711530300165
-0.001129805071948869
-0.0011132785489036817
-0.0011764934776506287
-0.0011569190148910831
-0.0011591269419997344
-0.0011432761467369136
-0.001297807416282907
-0.0012303668884202994
-0.0011849165875821234
-0.0011185477134684127
-0.0011822632776094621
-0.0011294007252624337
-0.0011168991118058775
-0.0010860314527684593
-0.0011337235355435892
-0.0011360015445871195
-0.001144851600028863
-0.0011527413267345716
-0.0011764020665337787
-0.0012485532532645876
-0.0012370853172280567
-0.0011629086909700223
-0.001164185754518088
-0.0012086330367061244
-0.0011805057829754075
-0.001188169196492383
-0.0011516367956202788
-0.001152755445514448
-0.0011812460259616525
-0.0010567178141880301
-0.0011402796512993028
-0.0011689908226546525
-0.0012077169287393848
-0.0011581257865961743
-0.0012040122427073904
-0.0011183729775658085
-0.0012527006680293261
-0.0011040686274872101
-0.0012476871024971153
-0.0012163241233974415
-0.001158842156230008
-0.0012382195122289672
-0.0011291282940517407
-0.001217719314706067
-0.0012383487815288518
-0.0012706936121481074
-0.0013167594342573738
-0.0012601862561005394
-0.0012211719833794352
-0.0012597418048311169
-0.0012141138267302155
-0.001240940536558095
-0.0012865263051469497
-0.0011725890105667054
-0.0012065906292014923
-0.001225104546943376
-0.0012316719202122063
-0.0012108590008854106
-0.0011260557190562806
-0.0011619575889120475
-0.001221305232308206
-0.0012382241606707042
-0.0011223781828138928
-0.0012282540104838662
-0.0012871575479829677
-0.0012340731836255503
-0.001316456521261462
-0.001160014443760952
-0.0012657796097544469
-0.001164196222125053
-0.0012193706161492198
-0.0011982784454244455
-0.00122505604212524
-0.001308103415212083
-0.0010971876594960213
-0.0012312024822610618
-0.0012441453895934063
-0.0012333583617405173
-0.0012148821679412068
-0.0011379606176871203
-0.0012439463385370876
-0.0011884318615266525
-0.0012813439860916132
-0.0013274321180530106
-0.0012956429223287102
-0.0013339479416649943
-0.0012470475585786322
-0.001294312277563147
-0.0012130427483771078
-0.0013041002451343387
-0.0013464238355569594
-0.0012643166356594224
-0.0011400102292661617
-0.0011689948319642432
-0.0011640317306291052
-0.0013040658678529539
-0.0012590020899163085
-0.0013003594176932765
-0.0011202607205369913
-0.0012773640235422276
-0.0011696724608203117
-0.0012023846480389844
-0.0012412579890556472
-0.0012928946208352681
-0.0013853071887221283
-0.0012842405474755515
-0.0012750447741135208
-0.0012509153009328828
-0.001197874678972834
-0.0012048795766672192
-0.0013975389211471959
-0.0011569330595838708
-0.0012989059130784754
-0.0012611511743849614
-0.0012291114531282565
-0.0013026825977388514
-0.0012652184494175798
-0.001251041593296257
-0.001132527016635251
-0.0012986518406372227
-0.0013527931194703348
-0.0012681428010216256
-0.0012792519688574232
-0.0012838543470334752
-0.0012555277164317234
-0.0013228911660847678
-0.0012744181071838725
-0.0011581944582942291
-0.0011633003344545673
-0.0012455630069389569
-0.0011922470889794922
-0.0012345086671807534
-0.001222460561997106
-0.001228083553977181
-0.001214809140004945
-0.0013357871943449457
-0.001151554625544519
-0.0011653999575884392
-0.0012320848944636122
-0.001297971110016475
-0.0012057227783779905
-0.0012297570816533997
-0.0012380314962303091
-0.0012800614605347855
-0.0012787280022383358
-0.0011814806244151797
-0.0012633696087937058
-0.0012593478073621577
-0.0012449352732391828
-0.001307735723322245
-0.0013326764173599433
-0.001253634106311942
-0.0013054672038510457
-0.0012663546860647201
-0.0012258945553750079
-0.00123613079515602
-0.00136676900650527
-0.0013295236935194003
-0.0011346719709113262
-0.0011169968788820133
-0.0012013702940050445
-0.001266884771166377
-0.0012565063306183217
-0.001231025011514053
-0.001180775320640646
-0.0012793811081045106
-0.001242798906509131
-0.0012666600042048567
-0.0012841719874613845
-0.0013109239961779757
-0.0012725980161588308
-0.0011829019380433343
-0.0013387498383584642
-0.001341620229675893
-0.0012551189151778534
-0.0012441479690121853
-0.0012984736829994472
-0.00109675286669609
-0.0011974718324168345
-0.0012767828238639874
-0.0012486233513105474
-0.0012305163406157778
-0.0013011041511437516
-0.001158876202896893
-0.001258438473486212
-0.0012587750723141826
-0.001272282167873209
-0.0013011016402534015
-0.0011735790521070007
-0.001284837493286529
-0.001214061327314541
-0.0012986561147491672
-0.0011960085177469945
-0.001195211584059376
-0.001242258857962529
-0.0012578528529784158
-0.0012893540738828687
-0.0012531295328740814
-0.0012662713322071516
-0.0012248002890155889
-0.0012518701244111719
-0.0013246371154371898
-0.0012188905173519623
