0.9842878786502061
0.347838449091823
0.2600297810486805
0.20281971748228425
0.16814913368887371
0.13518285454124396
0.11681622849708354
0.10217221073668312
0.09232842335879894
0.08553332134759352
0.07747900693642873
0.06613282206249826
0.06232582584719093
0.06060134977602434
0.053823708257649414
0.04799725683822791
0.04568296641996705
0.04045845814578143
0.039078268376725185
0.03741347523288295
0.03555110224197837
0.03420056368850954
0.03323533460052316
0.03144914349799769
0.03100679409733318
0.030342836346028856
0.029450916904772136
0.029537700297437425
0.030210118938271923
0.02907660899448128
0.028427960150616452
0.028814476726570937
0.030063076548991197
0.02825084565391327
0.029845708584841226
0.02809207137260172
0.028731070539229953
0.0283024125309937
0.0282788205166767
0.027569343697532642
0.028393244140215195
0.02876451787543138
0.028365400069778394
0.02804791041769168
0.028413998486939818
0.027386660461406004
0.02765638767224219
0.02784004692925301
0.02808319142966439
0.027367563257252592
0.027556944694255053
0.027221529058146256
0.02764827927407797
0.02729893994961727
0.02946658895816654
0.02755998406174052
0.026715435747439502
0.02813851031155705
0.0272109294785934
0.027431582667100256
0.027632530103509464
0.02738634475447916
0.027746056789463316
0.027356056750818144
0.027199872952374273
0.02883156130987185
0.027399187467210456
0.02730830638744167
0.02678247866167595
0.026973850007548376
0.027959849835045774
0.02845799555774939
0.026771279706843887
0.028378322969024056
0.02975670806610853
0.02775105159495451
0.027364991341119655
0.027474875174416803
0.027047874900745228
0.0275541116486384
0.02854316731186204
0.026870920260172383
0.027185686646290928
0.027322715426433004
0.027440098501141125
0.027969826823732828
0.027290222051202746
0.027353709662637823
0.02780948968979323
0.027597129222201068
0.027386789142231766
0.02945194627649875
0.027329776214613914
0.027745733748299334
0.027222312441351537
0.028589809835848204
0.02736780560779512
0.027387192892557425
0.02765652004860767
0.028813901708467093
0.026813173825338047
0.030503585880742996
0.02694443690225505
0.02772349670441695
0.027258220317422838
0.02723975494255335
0.02769126202451226
0.026926762667803646
0.027891547359557775
0.027097357965267067
0.027033609278244254
0.027581406683649546
0.02884875074320726
0.027765564749485893
0.027693750521737254
0.028612627412471347
0.02787066668992069
0.026936896674602327
0.028263826617600258
0.02966944222664748
0.026636934220032008
0.02825116742694072
0.02685541082087352
0.028437578198097554
0.027192704937561634
0.027569960991501302
0.027288147724768216
0.02760634163335644
0.02726306332394561
0.027848920168751783
0.028039110135531373
0.027525551361750444
0.028030042097987148
0.027322297765195003
0.027421378733713846
0.028253221552011293
0.027523894166073728
0.028058458336939415
0.02658753854224033
0.027272156208831198
0.02751167837011536
0.027147406017131826
0.027023434715437486
0.027589428741743582
0.027100526392287404
0.02730142051141341
0.02743310641747451
0.02696937231417389
0.027201240986907557
0.027377044168778085
0.027354404458813483
0.02829641728557037
0.028054467454857342
0.028422256067745892
0.027649580416079886
0.028232102181452015
0.028291205234428938
0.02760087827150135
0.02755588386638987
0.028794570611991033
0.027490075173957365
0.02737694559403247
0.028297497914460155
0.02728726896902914
0.027139187128970076
0.027350731905661868
0.027471864772213184
0.02617952530538192
0.028283320110791398
0.027220911426645025
0.027275809403408294
0.02851871887644477
0.026994680857464072
0.027159114294817648
0.02819157430289865
0.028617299213304102
0.027051660270835446
0.028359022543817343
0.026987883319969024
0.027415894992566196
0.02770341185387224
0.028184814822003475
0.029956859006707408
0.027585701588153218
0.027837892498082287
0.027432811386268127
0.027433354878959097
0.026854918525125945
0.028804342062959884
0.030111371290102534
0.02823251696291989
0.028028955620017913
0.027506177270796472
0.028465882417125006
0.02711974868154222
0.0275975785864931
0.029142853453177613
0.027855164777159828
0.02834280883680661
0.027638539985572506
0.028651325833224862
0.02799045126683964
0.02768599316298122
0.027855656917183946
0.0275410685905997
0.02789173987823435
0.028525424706404685
0.02780846275114684
0.02831408009069604
0.027840255780352485
0.02872521187887343
0.02887563100328991
0.027248020147628806
0.02849230193842007
0.027938456502297527
0.02745186694018129
0.028476212083801834
0.02759327648242039
0.027630553908651857
0.026627957526260963
0.028094401968683312
0.027030394035736444
0.027534898332489746
0.02872961903936632
0.027557096396066984
0.02710894092006241
0.028073046111823693
0.027609823081199723
0.02823628013720736
0.028556491546965216
0.02837315444348748
0.027451416895434514
0.027469254228829718
0.028195210245802977
0.027699895800065457
0.027730384424478276
0.028234808752313257
0.02750192913859163
0.028280987104768923
0.02758497205285505
0.02716189169355116
0.029502335264646438
0.02758967213535302
0.027715296980588593
0.027980780379881186
0.027009421420272118
0.02806273499391628
0.027288291989293893
0.02760206090902944
0.02724222829249216
0.027378791485148494
0.027250611459632278
0.02721775043288671
0.027944408534712698
0.027893954158378306
0.02711099008576841
0.02810922069719383
0.027282292075544296
0.028089332233260697
0.027943909964035552
0.027937316235419316
0.027884565890309642
0.02778343468096774
0.027665387071097086
0.027733969157073005
0.02765096272564677
0.027790538468081966
0.028073823420520595
0.028102969839726287
0.026875989314421644
0.027513576807730176
0.02726435435369588
