-0.013649576355093791
-0.013529572780761454
-0.013424374485089456
-0.013320976500341922
-0.013209933208094703
-0.01311368443025851
-0.01304391329349191
-0.012968503143408416
-0.012900182473714704
-0.012812570661858275
-0.012732722343486033
-0.012644904776027909
-0.012606284459248001
-0.0125438380388566
-0.012461097221131678
-0.012357957389803581
-0.012282717149750686
-0.012222848078350963
-0.012156602855265876
-0.012115580682861216
-0.012045402339671128
-0.011996909792040602
-0.01192259703659349
-0.01189133857411367
-0.011874075719143874
-0.011855979650108903
-0.011844614125144334
-0.011826695310940712
-0.011825136023998997
-0.011810904663102126
-0.011799444117939767
-0.01177360713251947
-0.01173929330881363
-0.01174684539437294
-0.011756806220445368
-0.011777055189933307
-0.011766612129630866
-0.011767827156057328
-0.01175547894090414
-0.01174305647979548
-0.011738607002261245
-0.01173456351928137
-0.01175247538420889
-0.011761872603753467
-0.011755067873516201
-0.011764759503672888
-0.011770386258025229
-0.01177526783933978
-0.011776381875905725
-0.011789673778377934
-0.011785364461441834
-0.011795347648454302
-0.011801840201664119
-0.01181388506780804
-0.01182667568647935
-0.011834179821573658
-0.011837414900461833
-0.011828122821487026
-0.011818299890944252
-0.011838548648872493
-0.011840785777679197
-0.011850280293987856
-0.011859767548279998
-0.011890171912073352
-0.011891270421997264
-0.011909114017530724
-0.011921688638351581
-0.011950853545172715
-0.011984783162673315
-0.012003329003022777
-0.012020370263008423
-0.012017912058918565
-0.012021977900538916
-0.012029275923599432
-0.01204103479552784
-0.012071343161809592
-0.01209660174302113
-0.012117907062264873
-0.012110837726037443
-0.012130381944186893
-0.01215421092455034
-0.012174477071765765
-0.01217378417926806
-0.012174096503467471
-0.012174091285761492
-0.012190743319598246
-0.01219358916313928
-0.01220028752024159
-0.012211594588042777
-0.012220091991310503
-0.012266320100537053
-0.012280033418425807
-0.012312506226661765
-0.012330137036832762
-0.012340714676696576
-0.012368148907927083
-0.012376767383129508
-0.012400532688623593
-0.012409256561946722
-0.012405294324788782
-0.01242299457942998
-0.012420153516678162
-0.012413910762579352
-0.012409037436692067
-0.01243088000488502
-0.012434528505912534
-0.012451646083758938
-0.012478648151420517
-0.012501285866730744
-0.012531846715712253
-0.012533792391143463
-0.012554374893690334
-0.012564181200700042
-0.01257637665135625
-0.012583809711590961
-0.012570584213568105
-0.012591523985251969
-0.01258780948219844
-0.012599358944521273
-0.012591715039754356
-0.012599045974144966
-0.01259722000700824
-0.012607714529206723
-0.012624119909733165
-0.01263905099282662
-0.012629522049776565
-0.01264251164034193
-0.01263864176508821
-0.012662502585185899
-0.012668728770941128
-0.012697686636705457
-0.012718067380289237
-0.012721607843298972
-0.012714122534718042
-0.012707449367016921
-0.012716318841701673
-0.012728499473980916
-0.012714660806972304
-0.012718485571719982
-0.012723448585120985
-0.012728830544209039
-0.012726117730324652
-0.012719215783807967
-0.012729777269249344
-0.012716063093623997
-0.012701845532398165
-0.01270336005606769
-0.012716871382737601
-0.012745541400839517
-0.012749276236619478
-0.012756898628984704
-0.012747352754260286
-0.012740664048419323
-0.01276709666636623
-0.012754243844545182
-0.012740227051171256
-0.012741714571085241
-0.012768868076396577
-0.012770199260593933
-0.012777473975294901
-0.0127987562759239
-0.012811510975438136
-0.01281713825179103
-0.012825450105707587
-0.012823053419498014
-0.012814500559995204
-0.012804710724747476
-0.01280994964418588
-0.01278764616560053
-0.012790824295837938
-0.01280418204166639
-0.012800965743300356
-0.012797842906029136
-0.012799398171037068
-0.012809468104423564
-0.01280068685013203
-0.012799260477868862
-0.012788007118635708
-0.012780754031314526
-0.0127694437901179
-0.012779654022076248
-0.012803484168317582
-0.012827131531580731
-0.012845426682888725
-0.012826512215865983
-0.012817552002767721
-0.012810269444261068
-0.012806578757770267
-0.012799922951761588
-0.01281338306258858
-0.012823783583295199
-0.012842697222475653
-0.012851276225697848
-0.012853716564491207
-0.012859131336028192
-0.012865934652034883
-0.012880080124294317
-0.012891419307777175
-0.01288316986627049
-0.012884737926040902
-0.012882818005703114
-0.01289848969720396
-0.012896335055982625
-0.012871611663312823
-0.012863435777893038
-0.012844780085171446
-0.01283964726522013
-0.012850256174526833
-0.012822983246066687
-0.012835628822169922
-0.012844812279038224
-0.01284663434151882
-0.0128726568211008
-0.012874514998201235
-0.012877713493358941
-0.012881220874871
-0.012884601534424741
-0.012877067212981206
-0.012872203975272032
-0.012864518147191884
-0.012867860254590158
-0.012865443336834878
-0.012858375258467815
-0.01287445529697486
-0.012882497626138321
-0.012875846633112725
-0.012884399494915096
-0.012886478995651375
-0.01288040316445224
-0.01288615064120587
-0.012888296270444069
-0.012874376957799182
-0.012873963317201462
-0.012879596075709956
-0.012864546229441961
-0.012883716366357274
-0.01287820965833502
-0.012908149515221148
-0.012901114688519342
-0.012895688708917594
-0.0128993785376718
-0.012886841206546918
-0.012906234239998423
-0.01290528153149802
-0.012912478281851904
-0.012902632374086499
-0.012908190978621994
-0.012922549305230747
-0.012950896216487442
-0.01295994556520456
-0.012968736569638605
-0.012979250375963288
-0.012986781048002067
-0.012974050050072464
-0.012977898051893269
-0.012954759048183023
-0.01295905820335503
-0.012937640647093455
-0.01294415860356372
-0.012946138717234134
-0.012948405381614044
-0.01292771570108555
-0.01292646703666743
-0.012934407686101802
-0.012937746898351627
-0.01294685663126501
-0.012940389205368212
-0.012943440625145112
-0.012952677378959861
-0.012950386249540764
-0.0129433158831096
-0.012946807080304917
