2.087381973464223e+16
245233711977206.53
250341316211749.94
107947052921287.11
40828615845357.04
36506696776514.37
25570618997570.37
6090828594593.186
27980945378266.074
9597934914522.074
4948551408753.777
5480214631158.519
3442912219287.7036
1939875949074.963
1465358338654.8147
1103308816459.8518
1180024636378.074
2734204351981.037
1492119343255.7036
2312328819749.926
2095650085698.3704
1495457751495.111
1705290615770.074
1116194597376.0
1126213794929.7778
1199289306453.3333
1055855022535.1111
678727313256.2963
710236288341.3334
783032668209.7778
1324283556370.963
1078110976530.963
2020846613541.926
2276150436257.185
1586752713917.6296
3950832083854.222
2135964185258.6667
1992748125297.7778
1186646825339.2593
1201301644781.037
1423754951186.963
1623376480180.1482
2415330846492.4443
942840952263.1111
1150400368128.0
1310065388202.6667
1102871387932.4443
1507620137490.963
1355366942549.3333
1195916890680.889
1271768448483.5557
932891135535.4073
1168599167639.7036
1455439693293.037
925145755003.2593
1461763230653.6296
1951713268811.8518
1209529959405.037
784494963977.4814
1293960340973.037
1668985560775.111
1674904074315.8518
763286154344.2963
1479910001265.7778
1027004971657.4814
1414980850327.7036
1213573817895.111
1231917843645.6296
1513242864772.7407
2246461675595.852
2692041520431.407
1338299111755.8518
1145434911492.7407
1083311086061.037
1007521786311.1111
1188936346097.7778
2511634930043.2593
4818771430817.186
3319139781584.593
1419497080832.0
1806830304635.2593
1432951486236.4443
1758894097332.1482
1649302245186.3704
1528569813219.5557
1573931277719.7036
682601978178.3704
1537934328452.7407
1512333528632.889
1206969884596.1482
1117745905170.963
1041604793723.2593
921128777765.9259
1195931762365.6296
487761032111.4074
1077728046004.1482
1243230511729.7778
1374043444944.5925
1159283176865.1853
738458876809.4814
1851336603498.6667
939201234820.7407
886261084520.2963
695335024621.037
905506601946.0741
1548049424611.5557
1176878387882.6667
887839564802.3704
1043197002173.6296
729913948647.7037
782361254893.037
1171477118900.1482
991792302511.4073
949927554778.0741
901331690458.0741
878395417543.1111
1246412643593.4814
1001786520519.1111
864007799191.7037
834080528421.9259
799744810704.5927
749386910663.1111
900164450057.4814
840306079345.7778
585572380700.4445
1118911061333.3333
791787397392.5927
671903873912.8889
975283894397.6296
1002698761216.0
710003611694.2222
1557605057142.5186
974954211858.963
907936876316.4445
1767706360945.7778
1118490618538.6667
1242230232329.4814
900160228314.0741
871862840566.5186
957912182537.4814
804171783964.4445
799558516205.037
517063269758.2222
698459793230.8148
708423394920.2963
708807091427.5555
505640960047.4074
609965064794.0741
430770187060.14813
837031359848.2963
608257441488.5927
517012106932.14813
624087849808.5927
786771854279.1111
854850973662.8148
718225368898.3704
846493030077.6296
829584372318.8148
713959868207.4073
595929827479.7037
1043202611932.4445
936231543808.0
786417012432.5927
324566883233.1852
455131422229.3333
557775095186.963
832100290816.0
576389121261.037
870180933115.2593
399751682592.44446
784765340596.1482
541375858289.7778
668573017618.963
618688477847.7037
861177758587.2593
655321765906.963
562147686921.4814
896108038552.2963
431706111734.5185
704579262843.2593
587401246094.2222
463819353865.4815
473307310909.62964
576664343077.9259
532930652586.6667
705221058572.2963
591305174878.8148
587174927587.5555
377194023926.5185
632158585540.1482
533857483392.0
530871575893.3333
459571607881.4815
465547094205.62964
422808445259.85187
532571067429.9259
542514380401.7778
398853668299.85187
417737084776.2963
497418636107.85187
507194505453.03705
544207246285.03705
493248941392.5926
414450995496.2963
565308938998.5186
499356448274.96295
439621560322.37036
484726203979.85187
344267750376.2963
436150980152.8889
413087086141.03705
266460104299.85184
469178012283.2593
462484638103.7037
371618900309.3333
442815273434.0741
282944549328.5926
457519613895.1111
395640644342.5185
442968686592.0
348215446684.44446
361642982162.96295
473086188695.7037
416455355316.14813
327268576910.2222
349359115965.62964
374920805165.03705
424032439133.62964
581785820472.8889
419231994616.8889
422423952905.4815
436253509461.3333
465936022756.14813
414292298600.2963
336293238219.85187
403567835669.3333
321483453122.37036
440441997330.96295
459853371529.4815
617957458640.5927
855283400360.2963
376228190283.85187
249991813191.1111
408884972999.1111
422935775099.2593
445846868048.5926
376744583803.2593
628062436389.9259
634598601841.7778
318574352649.4815
437043180280.2963
324332476757.3333
345105263521.1852
365630724807.1111
257023086568.2963
407849295758.2222
237382429809.77777
329348839122.96295
361585699105.1852
339974549077.9259
400374511246.2222
405477544621.03705
337989817498.0741
314062467906.37036
305954097957.9259
676226224336.5927
412048560782.2222
642307435425.1852
1110557832078.2222
347681846034.96295
450907055767.7037
74979297223262.81
442351829248.0
307562850180.7407
308670244560.5926
389808138761.4815
340803949174.5185
486640980541.62964
542056762747.2593
233108215561.48148
341628823611.2593
191932391689.48148
307728559595.85187
284151190886.5185
393315687523.4074
249993696635.25925
259111704552.2963
392772426486.5185
345412824898.37036
393053215649.1852
397716789522.96295
385209501667.55554
169043696099.55554
428220977463.7037
340626568457.4815
350565215209.4815
204614746180.74075
329849944490.6667
204304260162.37036
234646456263.1111
255194577244.44446
287791591789.03705
325289756807.1111
318703328426.6667
209157428057.48148
381280660259.55554
267058137664.0
267121056834.37036
234761476878.22223
254299000016.5926
308145317218.37036
366285759431.1111
381232225185.1852
310279684608.0
248202591210.66666
488577735092.14813
388104909047352.9
361935226500.7407
359152965935.4074
241289601722.07407
610840754337.1852
345751606812.44446
168965766437.92593
236570402171.25925
363309434151.1111
360956556458.6667
288525819182.2222
304770795766.5185
287631838080.0
234419082998.51852
321245433381.9259
336542791746.37036
256007639438.22223
251197092731.25925
223158191943.1111
193091842185.48148
235363934383.4074
323045327103.7037
108772138746.07408
213659796625.18518
183680557882.66666
287729132873.4815
338756860984.8889
318007178429.62964
1088731408554.6666
293916117295.4074
212157236546.37036
457411270674.96295
165990491591.1111
769461342084.7407
296041392227.55554
161221734466.37036
258955169820.44446
183867161220.74075
309452115200.0
222601100304.0
290004539818.6667
183540606216.8889
198253925575.1111
180421146709.33334
203340549615.4074
107057209950.81482
229002745486.22223
151546965985.77777
231139287466.66666
216116909454.22223
240199759075.55554
37002845630122.664
330527550369.1852
297894764014.2222
184710666410.66666
266696332742.96295
223246564408.8889
312863735343.4074
384211436942.2222
303921533008.5926
157832712924.44446
130250147996.44444
119702033989.33333
88243638861.40741
96743695653.48148
106965164715.18518
94408885919.7037
106140330156.88889
112985822822.22223
102845240305.18518
81387483390.77286
90536336657.0492
90944398561.83333
110528433178.82639
111685396206.89815
119350744983.92592
129762373131.85185
99005593469.57408
158279729776.01852
58587618184.82407
136602878878.7037
107707586464.59259
77129832586.37268
105710519664.63556
58889770561.69155
95398198801.12962
66477066778.76852
112941037760.31018
66153511477.5625
113707134547.33333
102773960027.96355
103573867117.65733
128788342415.55556
46286790755.666664
100854140169.8287
109616315449.48148
63821604495.19907
108423023514.21527
90460176606.77777
81892810584.45602
72068276768.17592
81369390279.74306
62149393466.75
62174396056.74624
175304800084.08334
78844096312.28241
104497219870.09027
95232829922.44444
96605641234.15741
86202643760.55345
101288723482.59259
68253838900.37037
92902241275.19827
83434839049.66435
67342868091.75926
58322151753.81192
82903217135.36777
66180072677.83825
65965149639.0
74852880044.85185
89722239563.37038
65198318532.62963
129929607134.37038
72596120656.14815
72778579410.43982
96241411404.38889
88057245711.18518
79765994385.45949
79494460344.91667
117614491383.92592
85868015230.16667
63690486937.0
77697160151.11111
78611465634.25926
61849630196.20978
75887791195.85185
84456685012.8836
67750623573.82407
82235585239.7882
74909945013.83449
82112307699.71297
81292420659.86574
60496189475.77778
73981331553.42592
51380682593.02778
80083292142.51158
102309834977.71527
95026094319.55556
57967975617.99074
92898849138.98148
92545783933.96297
57525401692.888885
63972394000.91146
98822691835.08333
28092760250.56373
90582080529.55556
48879347217.53414
97522271177.33926
77269524508.96297
69952652264.46991
82399510033.36111
82037450361.81944
68016291714.85648
81435933670.3507
67349325157.30556
74018155785.31163
60580239706.95088
86676139634.15277
86540985075.03703
78954237287.7037
99174771126.59259
71858849854.17592
64988603894.06481
64703679358.62037
57891754160.50926
89058769355.48148
76921266543.41058
57439477065.35229
101222468016.8635
70709958441.43056
69296460710.19444
68693193569.37037
50058213473.62963
55900983783.373985
62417966636.55556
85262994302.88889
49087679827.63238
55217725502.74074
36659343778.74074
60694435534.02315
66463117728.50673
66330039189.65018
42059757456.104164
65841139832.453995
82587769145.18518
59099433589.91377
75248505900.09491
52645516286.111115
63800391191.37037
64214144361.72106
52208905449.93461
35172781214.62587
64096618656.666664
51358510308.72222
45708482383.36227
51371096540.78009
39282543746.55671
56984121251.361115
56011052124.33623
55598914593.62196
55117214137.91204
27545929673.574944
55050211197.666664
54896292283.46528
70402108567.38542
54508912326.92593
59384175720.81481
48904764760.03819
64235139306.920715
47807465608.36415
47813733846.0
52795586622.42593
47555948970.166664
72597195618.40509
51898443910.95645
25929324823.414352
36100203825.3886
61510215035.21094
57277183002.25926
55570749111.31481
55643182328.55556
45432670546.96065
35110614170.483795
35330573345.083336
49710108836.98148
44480706932.72222
58973936939.24537
44057044810.986115
44047285484.698494
53685347533.703705
48812755491.01519
48544987294.00174
53238871073.166664
43342153252.88079
66674736134.791664
61635234901.06944
38113994068.400826
47478272298.296295
38562876874.84259
51382293442.84722
42027157369.10876
41651401108.48148
46351050476.27749
37025125175.323456
55285674164.12095
36713688206.41551
36495403690.46412
41607564583.38426
41885343301.354164
36677443176.14815
53816829294.736115
44929488804.46875
44623662205.734375
39983937426.05093
26571284881.874874
44272016036.92593
39405465548.72627
47798538055.43981
35342030849.391205
51763801816.083336
68912400007.22223
55699183364.96296
42946914082.72106
47081468961.197334
34276997328.77778
46552777780.81481
33895031440.965424
25131915374.00318
58523350994.65856
37547366676.02489
29189446965.33912
78018416045.85822
33062747646.145832
45079939965.22222
32602485304.300346
52580316147.6522
36351211639.0
40412245522.98018
44486040786.22222
56524499784.37037
43349644428.32407
51456965072.14815
32364175648.037037
47431437934.333336
50685375357.62963
38419040457.98148
42194112504.583336
30608328465.962963
39476053748.141785
30715103555.592594
45368538790.26346
41293542491.81481
37610958473.513885
37673708862.53935
48388675077.296295
36909107504.75362
58574894782.82465
25653955181.29861
47511631962.96991
35826030248.60532
43526201881.85185
32168238270.230614
39062059894.47714
36029377614.44289
28022997703.473164
42273019264.12963
48732580602.09954
31850562215.463543
37972299277.333336
34531743259.111115
38080897514.833336
44387733005.3716
40948384449.59259
34569999018.85185
33879404283.86263
37318969781.40741
36574924525.3206
53273520867.9375
27283540501.358795
49247573685.25369
29425786244.74074
32518705472.805557
45317224650.666664
19421257840.935184
25945438359.26852
38373044892.25926
47135903155.203705
31666897947.348667
28429543374.27778
31262700773.444443
31156582151.65654
37454784091.5
30789278969.51389
21629878639.113426
36713355375.02402
30295691352.166668
30336011483.86227
33104107999.555557
42013217436.14352
35689133215.90365
35658790300.85163
32571995187.362846
23551256740.680843
26464507252.805557
35280000054.28451
34839062804.978584
35329749056.18519
34301424543.976852
29228506855.333332
25690427940.25
31648636534.11111
33122427028.671295
36460436979.57523
25241783681.296803
38408667257.06944
22658518772.962963
22429755897.798176
35830750912.92593
27205249367.10207
27462705702.657406
27032967822.997684
26865302490.32668
21515098560.444443
18764069748.835648
23987929494.13918
31894056589.8057
26525680869.447773
21219025575.536747
26382779807.04456
31722599523.11111
13072961938.61046
28424001452.23611
31040199402.085648
18460390146.925926
25673706385.40278
30475851550.916668
28401617738.41797
30362953388.327545
20265512799.47526
27788650558.078705
27451506334.539352
22258973229.62368
32022033032.686344
24705308527.444443
29549990409.526546
26492639394.092594
24435471892.292244
31867936548.296295
38359213996.62558
16904488054.074074
21393464089.074074
26158567564.992767
26112028177.703705
30297527252.833332
27919108667.265045
18619200270.208332
34705605222.72931
18530480508.335648
27426481278.305557
25325382986.131943
29295149678.592594
23009222646.25926
18133207060.296295
24392644195.23611
22551918396.416668
26376904416.537037
13352383908.879341
19725395672.296295
19942441824.76852
28353412396.59722
23673228370.14764
23656230043.50926
31725855449.27778
12946822837.333334
23623911271.98148
18962721933.58232
23359037934.62037
25493166473.11111
24882445035.101852
16569221211.683304
28939106485.00152
14620917717.873842
26384718585.62963
20099555503.226852
20277403046.37681
15932106993.768518
19837102326.355324
31962667515.185184
20199821336.592594
23494533690.40278
23240016601.054977
17624862232.37963
19351899432.99942
21163928880.010418
21066861915.98148
18904491669.62037
13304008796.00839
11456753227.407408
26159692898.11574
15092700931.703703
22228086533.675926
18754344054.25926
16519499435.922453
16400657589.777779
14507131401.648148
18146325626.842594
14556663478.402779
14495828058.407408
14398247394.721354
10718000291.5523
14270327413.703703
17787530067.421295
15764610972.907408
15861087959.166666
12193722534.73224
15664686100.444445
17234130783.42361
13887155737.296297
17257401881.105904
12319367911.24074
15141333421.149305
16868075204.737991
18372151377.407406
13455017292.694445
16666595652.674479
19702411380.47222
26515201288.032406
21387104832.087963
18042359666.470486
17828690377.666668
22656378978.185184
10243044647.481482
14997636654.074074
20785997080.537037
15812645836.344908
17501128109.23452
24135347022.703705
17485006600.492477
17334111943.064816
15460746857.930555
15326542721.523943
16858944579.29051
17102673572.25926
13778816569.05476
17000415211.791666
16295443794.055555
11968185858.210648
14917621739.814816
12046596625.910301
14923095529.51389
18940302249.77778
14539639458.824074
17763140493.12963
14359988158.921297
14274315206.41551
11456872874.555555
17156921526.460648
14077443501.569841
14061293434.25463
16656934699.166666
15352653619.400463
12423478270.16455
16533766562.25926
13752563801.5
13696277009.287037
14120207602.185184
14949681550.296297
12286285673.010416
13505996338.12963
14726071899.523727
14441444948.314816
11746313114.472221
11624314278.75926
11686070014.57118
11617788237.497684
15528237904.851852
10279599681.699654
14005874207.175926
16379051382.287037
15032470887.287472
18832047955.46557
12489996646.45949
9935109399.349537
14900598980.666666
8941605318.016203
14759851305.348814
14443264408.715874
14538511934.347221
14200645364.108797
12168709583.258102
11959818992.592592
11041200391.75926
14251453336.333334
10519308183.15466
10598056114.016203
10548192615.945385
11590117033.833334
12722450051.668982
12468991525.305773
12542541445.847221
11243737366.93287
10361217883.925926
15966823289.851852
14373490547.377316
9953052609.675926
12433146699.26389
13337116544.351852
11394601615.833334
12180224151.07986
13037236186.796297
10683121985.541666
8515542024.172599
12705355108.36111
9523099598.315538
14881844465.296297
8746208133.109953
16169971904.083334
8337852140.453704
12392211249.838541
12312323146.08912
10172867983.847801
12220288842.989944
12159357705.049768
8191614891.634259
9258828337.407408
10191624725.458061
12407942381.337963
13756479457.555555
7943822101.00463
10867751484.93287
8856908882.12963
8895437961.829283
7256675760.00463
12595835072.74074
8657963570.314816
15181723139.688658
8354763454.662037
7392184464.405092
10437428612.916956
8465032375.918982
10056782462.296297
7218299571.394459
9187812256.148148
10186641246.74074
10127603364.472221
8086362333.046296
6273927638.490741
10676141901.510416
12254853679.839409
9067302905.555555
10465767601.62037
8717267697.3125
12035254730.777779
7931076450.644097
5129030530.444445
11087859918.231482
9331896389.911604
8049207772.191551
6828248590.233796
10092792715.473742
9884670763.05787
10625569368.814816
9881803411.51389
9745490218.296297
8964838238.265047
6374122423.111111
8040091908.944445
8967365569.592592
7955796025.157408
5617338563.035011
10151179587.37963
6276928179.679976
7789284175.844329
8338175326.018085
7906128865.185185
7763870696.592592
7600954069.00463
8264051459.431568
8885756685.894386
8878490779.618635
3836883245.747685
7367613768.532408
7301770108.443287
5856606794.231843
7294289268.050926
6569423779.584491
6650178275.949653
5834674658.154803
7083459106.310185
7989673038.925926
6454678409.37037
7823064809.034143
7088685662.059318
6472296709.9375
7774800019.925926
8475212518.666667
3688123334.351852
9633530812.207754
9550054444.180555
6189064102.532408
8115012699.97555
5509932838.505208
6718054271.623264
8659191406.185184
11112314352.902779
7344096729.296296
8372227303.920139
5851802833.821904
5981603136.461987
7914082718.277778
7641966874.101851
6319232274.287037
7678419848.007234
5689113109.662616
4997019125.657408
6793872682.261574
6480677123.506945
7426500281.113426
5840620068.203704
6904839677.224537
6411981917.678241
5500028916.180555
5420977172.476851
7768942584.740741
4695128707.311342
4110442571.7777777
5861966957.407408
5266812362.037037
6462118479.60706
8059037867.726851
4208045044.0046296
5999250235.405092
5048506121.37037
5913167804.712963
7362674975.048611
5638760372.288195
5000270811.984954
5533681503.954283
7178857330.439661
4422151699.251158
8016055846.436632
7150587864.773293
6417521081.907408
6525952525.222222
5898918270.592592
7132682572.833333
6869404264.314815
5334710080.592592
7789060192.148149
6044272966.648149
4796253424.95544
6113631490.270074
6153246164.898149
7537823357.740741
4749535304.217592
4975830686.41381
3017083439.6155963
7881916783.62963
5179032119.986111
4898155962.800347
4404176903.964989
3863080982.6527777
8149079094.777778
6137302635.324074
3878769849.6203704
4420855745.074074
5414525060.384259
4265683730.4259257
3285834275.5902777
4138926170.5694447
4201690454.298611
4730117688.69213
4992004454.866464
5688000198.319445
3148183224.9259257
5784881979.353805
6208205758.298611
4844394119.9191265
4784850234.856337
4386990583.927807
5142326881.534722
2628062576.290509
3485351497.4239006
3932151363.023148
4287474319.705476
4692593287.640625
4359968028.842592
4289264522.9050927
4202861483.07581
3985881956.2688756
5382421534.389467
4942696066.106482
3404746682.005787
6869329157.675926
4438206942.651042
5292872892.423611
4406784047.421296
4351034195.330802
3955309168.115162
4470166385.034432
4348469909.217592
5508844381.962963
3146711616.9722223
3851174658.7045717
3944518212.2453704
5019794951.579283
2680150213.5671296
4137851199.962963
4190834528.9953704
5672244124.157408
3047292541.0196757
5006127284.483796
2911516617.6937213
3761503803.628183
3249648246.1446757
3947811772.990741
4445257546.588252
3557092737.3096066
3318145379.1527777
5246553928.240741
3202197985.134259
3105864258.7572336
4171194952.818287
4416112095.361111
3619665255.9884257
3797697067.814815
3359347735.4415507
3412026024.9723306
3715708327.6828704
3812241554.1759257
3259598195.117477
3249356386.618345
3649070842.318287
3588211508.071759
3421137063.1296296
3194915869.060185
2867395838.759259
3137784630.007523
3744415341.7615743
4132470995.4453125
3211298528.148148
2844735378.9652777
3090761224.406829
2433484773.1435184
3191868462.9259257
3134667744.359954
3596543904.056713
3934221283.8090277
3419547795.1203704
2451418706.983796
3798783558.759259
2724236978.701389
3847898774.8333335
2959758360.0
2632839571.773148
3501869900.615741
3746404685.509259
3481927477.4097223
1951978330.758102
2948311519.3333335
2844304994.3634257
2782699053.4302664
3801775539.3055553
3118114670.1707177
2820195059.7430553
4167440831.8252316
2432906707.0039787
3032261838.603009
2580118168.148148
2714972613.888889
3925156140.259259
3024136820.070602
2115233405.226852
2575520924.5833335
2589404293.806713
2369955635.8333335
2272469859.8333335
1568912864.6342592
3060380300.1854744
2433256735.810185
2354903029.962963
3046775478.9074073
2831801508.1011286
3126327570.2044272
3451975226.9699073
2542241770.1064816
3397186300.3020835
2633127621.3939524
3002600133.5191336
1728533343.6574075
1950947441.3101852
3104782001.9814816
2856013132.0416665
2355748943.6203704
2532366484.297454
2595942880.212963
2709586286.42853
1446400453.4785879
2715155988.273148
2429189800.0300927
1971707221.4814816
3477830710.400463
2172134586.9722223
2994867641.974537
2561534801.236111
2528518026.8423033
1716707036.3091002
1278506556.1186342
2120570094.1116898
3559536367.861111
2125207705.60272
1900955914.616898
2416316847.8478007
2647242455.314815
2883996783.852286
2431438079.3055553
1185585966.4756944
1831241831.3234954
2022328033.6666667
2010290437.1597223
2231373798.304398
1585520344.7601273
1867120315.2169416
1807026615.175926
1772012117.726852
1983412580.8188658
2504680798.968171
2106389868.617947
2201751371.0028934
2116920262.3379629
1947480044.2060184
1880321058.7712312
2080373274.9814816
1703330525.1180556
2236330466.93316
2529672298.9930553
2065663398.9444444
1838739907.6504629
1999547977.0193865
1799844867.3333333
1643198910.5601852
2019603367.9837964
1436956982.6435184
1782391796.5925925
1612240038.4814816
1592136151.3645833
1271813033.6111112
1577482721.4537036
1270298681.5559895
2114335057.2777777
1531702601.1064816
1666686647.7725694
1432327953.3535879
2337912343.431442
1875984986.722801
1923835392.4814816
2144677958.276331
1685007491.6770833
1629348976.7361112
1577949830.9629629
1749589832.3703704
1388881486.9163773
2409561240.294126
1751010980.4212964
1742125783.7272859
1441259868.9120371
1610543891.6388888
1855597006.5486112
1431023366.7870371
1397909134.2592592
1796777844.3923612
2460044131.6944447
2032181916.2662036
1781335498.544524
2754696209.115741
1712531831.9694734
1165054940.5911458
1743719576.2685184
1642808304.5833333
1858106444.7423706
1519205245.5486112
1617821492.8506944
1728925239.5023148
1522191262.4537036
1390539135.5214121
1633699190.6822917
1539100853.682581
1294366213.1733217
1875860927.8842592
1475651565.5185184
1361423978.2141204
1649076777.0567129
1630779964.7534723
1618207815.2118056
1210501384.339265
1462991742.241898
1562054117.8836806
1145573758.6779513
1022955075.6296296
1380111845.836227
1284823332.6261575
1407942040.076823
1116398348.5798612
1587219440.6140046
1598923085.074074
1554406156.5737848
1361950309.3449075
1501780511.074074
1314163358.4780092
1214936700.201244
1187072563.1701388
1608519939.1944444
1035715017.4861112
1807203024.8425925
1256693457.074074
1300104605.8796296
1687477379.566551
1495639546.7337964
1265642119.2832031
1073316271.3498263
1111349594.7064526
1325857897.8126447
1219341226.5
1338623680.5846355
1227443653.2962964
1323609464.6817129
995355670.2962962
965289056.6214554
1216890178.2789352
1002245160.8703704
1298653138.0798612
643341511.6458334
976605224.6041666
891815615.599537
1052396414.2076461
1333847431.1388888
1372832345.5034723
805998787.7491319
1004434259.4936342
957148138.3622686
1112013412.9837964
699074089.3987268
984369256.3171296
1208175123.6944444
1040489309.847801
881846642.9872686
969996092.5252459
1128202064.4745371
768583456.925926
1174538151.4421296
661753453.0324074
1323458255.0278502
843623703.5791377
1045886176.6481482
880928148.2962962
1054537685.4560186
1279674192.3935184
1046615323.3587962
1080850687.5228589
1007283221.462963
1403140630.6666667
1043514090.3888888
791208926.8405671
905079234.6851852
868177385.9907408
764826969.2135416
782328938.6458334
1004627129.5925926
928882411.1111112
939747355.063151
960303661.71875
906605034.5497686
1022700074.0092592
734176346.3056878
1233766252.5983796
1062055666.5902778
1317946425.8046875
724468870.8304398
883505787.824074
927812942.7675443
786125924.1712962
1008854078.5405092
677527813.4814814
1226378786.789352
794956410.9618056
946167881.5092592
888682367.8796296
755472211.0089699
404636477.1889468
767616979.8032408
529203776.4490741
664450119.0462962
732639432.7068865
1058479909.1064814
1267242675.5868056
881202295.8515625
670849306.8032408
910246085.1595775
796648458.5713795
545764111.9293982
824701607.1400462
560291062.8318143
712926462.849537
686785030.6789641
739305245.5596064
732501467.5684317
894945688.666739
882786312.9444444
1059519931.3356482
631897217.1458334
658427577.5717592
727704165.505787
607227567.3518518
776547180.0222801
547919984.5246673
545843054.1886574
588497497.0324074
637246311.837963
711288409.6296296
691714054.0185186
719595612.4108796
647458214.5949074
616452360.2199074
639318025.2185669
667729626.1805556
534777964.724537
796037105.2106482
446875275.02792245
528104940.3356481
806073787.1302084
675374488.6111112
546493822.2314814
595774698.7731482
699455958.900029
495347032.8188657
524322805.9768519
565913234.8773148
487465446.140625
656848372.3703704
787658092.537037
361565954.4589844
675365764.5555556
641792880.4074074
592179598.962963
436581273.8203125
568037875.5266204
730581849.0101273
624117475.1247107
713409796.5277778
498257547.9450231
847639136.5063658
556802120.8857061
572180677.0555556
472493382.989294
678798754.4048033
574410611.3787615
608273950.2248263
487628151.2037037
527985129.9259259
463287205.6808449
481178945.3472222
567265138.0358796
488748592.9756944
570053016.2141204
794024930.9039352
502627074.0844907
590239051.1811342
744433659.6556712
597748590.1116898
670328516.1851852
502891133.3703704
543051100.40625
520764190.7361111
577193931.1571181
512897803.90494794
473287432.6180556
506228298.4861111
228526402.125
532196075.7175926
363563787.5477431
508043054.73191553
469431599.9097222
358052987.0173611
565605743.4166666
541121306.2100694
732589517.2731482
506646977.0442708
543992266.8307291
474051443.462963
483070518.6342593
356247370.7364005
715479805.75
480102650.4774306
410400174.9030671
409714044.6371528
473485349.5671296
375615699.3512731
440650875.76439524
450637494.2644676
599671138.8148148
603986205.925926
564362259.7037038
303346963.84939235
499392485.2928241
428820531.8425926
370548853.9768519
571072456.3206018
401506755.0
415136281.6990741
352676709.1753472
502035249.3333333
491213747.8981481
381254178.19467956
408399818.7233796
579908080.7175926
196743895.75752315
445055840.6331019
232479386.66087964
685761800.7494212
426451033.2173032
454481128.2240307
312628008.2685185
405777387.6203704
433571944.2583912
412270508.6099537
512854411.7083333
395178527.4884259
462730055.0335648
136998688.2685185
436036546.3888889
423965084.4722222
375842021.7418981
430931978.7916667
395123812.7465278
452955976.9288194
534077838.515625
364166443.1921296
317166682.712963
398359553.5648148
218618366.5445602
237349378.92042825
459560944.5462963
193002952.9573206
332246185.056713
247510749.65538195
366755382.3703704
277733008.0509259
261825618.2254051
239242435.5613426
277389100.0193866
312455395.7835648
370598423.92635995
285234114.359375
299465298.54675066
314339047.1892361
291001458.38378906
307517123.6333912
223739957.1377315
357358109.3301505
333196007.5217014
325502387.9895833
625275074.2800926
328171369.6863426
332235024.3240741
313194106.8611111
399257442.98885995
300176230.5243056
393296964.52034503
344680405.8796296
333394080.9259259
359116195.9166667
250523762.02133968
374693870.20905674
285644959.9528356
229691988.54050925
274281437.40465856
203073589.5798611
284062121.0827546
242371838.38136575
612903699.1807002
320478019.1342593
281448023.7453704
269048263.1953125
256733132.9398148
264393611.51533565
187785455.00578704
264231001.62037036
297530456.4239005
265846530.39583334
275971740.9782986
340105833.3292824
404638053.16999424
190910315.12037036
224952958.97453704
321435318.0133102
229659848.2465278
227055495.1388889
213729690.2152778
371940330.5694444
306396022.9166667
299879646.6108218
211602894.5462963
186881311.86689815
209425334.52662036
163960218.24855325
248951612.93945312
257757557.40943286
192131443.359375
194708425.666956
250138774.1909722
222613774.64583334
222232372.94082755
239184578.5005787
141630341.4027778
208591138.96122685
256891947.1840278
233454798.62413195
185017576.7513021
279709142.3634259
328112337.9236111
204404546.421875
232472499.69560185
226246211.31944445
188421116.036603
237170315.0276331
241865333.6701389
269883433.8292824
229098125.75028935
228613524.5434028
203006328.3935185
294655496.3883102
167580122.3101852
138497879.14438656
202419006.04427084
182402480.62818286
198766677.7997685
193996696.74956596
144952895.2974537
248056480.39207175
205340276.78103298
219601082.2662037
167033062.96026838
201955560.03949654
139656695.56626156
239023207.0138889
193603138.93229166
220165455.47685185
183850359.08333334
271840730.025463
218199736.24674478
206759671.4851888
198557048.7013889
228807370.56872106
182099954.71296296
186996409.1851852
195392713.94574654
152940177.66550925
128085281.51851852
274708347.3819444
213818748.99421296
197434158.05914307
164960072.93055555
203886842.2685185
208517882.00716147
180071242.52976707
144259073.34895834
221856596.4855324
228179664.2962963
175221157.39691842
180948813.375
108710647.7355324
151993233.5264757
133321990.24855325
177233316.60416666
208978826.0546875
177558869.7751736
155900346.60185185
137010634.6449653
133602324.55873843
158259164.47627315
242079315.8159722
274940118.84375
203083869.66666666
113983049.49768518
137638682.74074075
142840974.4033565
136147392.8888889
143457287.90039062
209070055.2465278
116864216.84606482
162649595.0300926
202569706.49074075
126011448.50347222
138354950.1412037
124193706.93547453
105021414.13628472
148175294.3677662
131699576.40046297
130075829.98922165
150674339.3130787
166199100.64467594
321481626.712963
152035757.03703704
211199119.97627315
147604174.82233796
183173055.4537037
164316308.8472222
113415247.97395833
158898765.5828993
194378597.6412037
149708474.25
111430628.68055555
111406951.15288629
155490832.35185185
109007669.9782986
133389011.94444445
111874968.61038773
108113471.41030093
156042564.15596065
128755386.92650463
143449887.88657406
118064980.45949075
136117231.99971065
144756587.3664641
142622631.98234954
136605410.6087963
170836153.0329861
82539385.9495081
125744959.8452691
147258817.37037036
124834134.92726643
128268008.2301794
149852084.7314815
142732590.69126156
114480144.44965278
141388780.7528935
96439981.06655093
156537486.84100115
125234613.68055555
120365218.71773727
79340481.73148148
141495414.6111111
118647290.73148148
92887796.8611111
161363479.53703704
161643485.0648148
196320784.5138889
106160429.6412037
49511033.637152776
99392375.5925926
115333336.1736111
94245378.38078703
102455744.33868635
91793002.48538773
87006778.0
115820156.8425926
87828376.2638889
79829077.32407407
97465978.54166667
53016516.831018515
96693508.1574074
211733464.875
131822606.15024595
79713190.54050925
74136795.06901042
111019541.84237558
176036328.8101852
117316861.11091219
90245259.60069445
109132142.53125
92800445.33333333
94560353.49537037
134938035.4375
79149157.05555555
140317696.8425926
102194821.4375
85012502.875
59779543.722222224
67503091.18981482
84075681.32407407
85273322.15162037
106815712.35503472
93548611.66435185
97168951.01851852
146079665.96296296
125915583.30613425
83615653.1322338
123672598.47337963
145505381.5632234
84693726.03587963
140789675.89467594
74511566.61140047
63987669.99768519
102286918.19155093
91802290.2650463
65081742.24884259
80880976.55931713
99910384.87037037
111298304.25159143
63244991.832175925
73137515.58101852
73046141.08275463
61599198.003761575
70858773.4050926
59095537.54542824
84297207.72460938
73517437.36805555
92226096.8888889
116328100.34375
93714910.25752315
78052457.62659143
121823189.11805555
63327568.157154225
75725127.36168982
68693929.50694445
56990603.10018808
115446303.08564815
96696310.22222222
36056707.81546586
67435343.83550347
68447732.56032985
82931788.67679398
50624350.087601274
91179640.62268518
197326362.58912036
61934811.505208336
57847895.66377315
65538654.40740741
85803320.70081018
77637924.49305555
94306217.09375
51818589.33564815
82183456.75086805
75927066.47569445
64076092.93171296
71258052.44618055
98237092.48148148
66840902.05360243
65519415.89641204
75979016.27445023
79362455.12789352
64672876.360387735
101308940.71903935
91421780.92693865
90656736.95052083
80007406.28587963
78528567.60648148
76414056.7951389
57973524.7193287
81590983.9447338
55706333.230324075
76028919.06510417
75482568.6099537
77645782.49537037
59196801.85966435
72410957.60706018
69147977.69907407
83465882.9074074
97907626.3738426
76780639.56712963
45350118.080457896
65347468.28674769
44830204.5247328
42664179.08058449
41924005.61545139
42982046.78703704
50978942.39293981
54583820.637152776
74695692.9988426
59164417.28240741
50215149.012152776
35173371.462155946
86017942.45833333
92450914.44039352
28144500.834183306
42823793.15162037
55908866.81090856
80646857.79340278
89047086.34027778
84046380.94444445
85329658.04166667
74162541.66666667
80973281.1875
83868821.87037037
63008035.0865162
86139136.73148148
65210499.82986111
72074955.2650463
57584942.57783565
65847455.06944445
58832760.09181948
42026782.135416664
48615920.81076389
40948813.6958912
34475865.75390625
34081875.645833336
65724024.22337963
89351352.614728
40289449.296875
35770611.2541956
29400379.73509838
63618835.027777776
53769267.23668981
60633606.87037037
50912419.262731485
59758815.300925925
66332904.76446759
39681701.15856481
40283658.393518515
39627329.20457176
64352343.25115741
43632433.58043981
46971495.8359375
40474695.160590276
42277408.50925926
22369306.659939237
62320175.08015046
63952296.152777776
54681499.71990741
69538261.1345486
58287880.402777776
32198675.634259257
34615729.61168981
40365427.72048611
75174320.6863426
37700749.636574075
51792518.66232639
40075923.61834491
30105266.050636575
56667165.659722224
57215632.92100695
34088136.32581019
31777323.82494213
42423516.79499421
61621953.511574075
63273374.6255787
74404591.41666667
54738369.59375
38421561.97482639
64967159.76229745
53445279.82060185
59711652.659722224
33497855.541666668
55598239.9375
55707665.7427662
50908042.41493055
38622034.48206019
59793289.22077546
29343285.574074075
46660296.74103009
59647524.050925925
52183939.7337963
29834961.794560187
41423390.760706015
48192293.27372685
29080835.850694444
24847821.214771412
47737892.58449074
52957155.812934026
65309678.682291664
57442095.41482205
25196316.25458894
32388729.577256944
35753870.31134259
28288501.833767362
32855644.529803243
26147596.816550925
44535363.72052228
28701205.97945602
50791517.499855325
48754887.68981481
62545463.707175925
63120056.33449074
41994997.39937789
47161909.97193287
51956673.731481485
26861850.241030093
46648617.766059026
50408253.89756945
38055136.42415365
51124139.9453125
97251922.90972222
59535588.6087963
81328184.0300926
45826500.714699075
34835415.31076389
28154612.753761575
27211480.96875
39848894.309895836
25803965.37789352
33059860.75
35285046.5078125
30290363.880063657
26981010.70601852
36051284.69372106
42978007.34056713
92700505.85011575
48603638.20138889
36950091.04484954
32741810.336805556
48330940.52155671
116633897.25925925
32787697.619502313
28918619.83564815
30590246.41304977
38956327.1947338
38682492.97497106
39732149.322916664
35095485.38888889
33745421.53240741
35201195.35185185
33798881.916666664
36023427.11111111
36640522.2037037
39280310.40740741
36397643.62962963
31326214.60185185
37050456.61111111
41809128.2962963
42276620.21759259
40921544.12962963
33493508.479166668
38517376.93967466
36862284.416666664
34931884.94444445
36477671.7962963
46448113.925925925
46546314.925925925
35243646.68518519
40850416.61574074
44741229.28703704
36708498.14814815
30221036.3359375
30938776.569444444
