14.286599421685981
2.345277133607125
2.033592556567155
2.7896759007559266
2.7750503908294117
2.630751686964848
2.7752898050140042
2.664054191100967
3.080308015147845
3.0054595276366833
2.481673261049644
1.7997862965792648
2.303552981725959
1.5106899253157682
2.367303709968809
1.8127647312574608
1.7310258021015068
1.9930683227414772
2.395617633278287
2.4251890210218208
2.1238733942136747
1.9774847838363445
1.5734489097498183
2.253464823949707
1.0152064928164084
1.903733386318813
2.5947000712387323
1.529317390216991
2.5540504100364307
1.6048013647917168
1.9436700070320174
0.9568010790692282
1.9492232819600392
1.2062669988115167
1.9845872409786134
2.2153051903023737
1.6462108903210755
1.1702198959136194
1.745338939910018
2.011239027416752
1.5440870621783096
1.4663156448437493
1.737386583559966
1.5428947853285444
1.8794397869356727
1.7972715707755713
1.8642593201451985
1.7323889227858347
2.1609381427771823
1.7360776373177997
0.8806094207418288
1.1797882902486496
1.5639744020507549
1.855168927201005
1.292323112083498
2.0183576307974236
1.3499564404288928
1.638073100708425
1.2554803590990544
1.4215197814700677
1.233811737998396
1.344874488666307
1.223957983387071
2.2411933482819517
2.081417597938589
1.459932217554933
1.9702372559339039
1.0848661750742747
1.341327616262661
1.6145715109368628
1.3587931793385235
1.630655029615344
1.7358417737391567
1.762772597321995
1.2559617829415226
0.7052371802905849
1.4064457814548483
1.3839458703070648
1.1727653135357843
1.443061799164717
1.0755394701954237
1.4558494129658555
1.8937242494231856
0.5144804292538947
1.337158907407014
1.518010088430299
1.8182872599351776
1.3285057223365866
1.348349415069056
1.7675848766699318
1.1423668980800596
1.658355834785589
1.7089624694411376
1.5324591131440486
1.5635155880636022
0.9575843085686482
1.3867366932144807
0.9791649740275948
1.1571154878871848
1.224220014917267
1.0927502538019778
1.0516581768097804
1.1865919961760094
0.7084387527100107
0.972065325884163
1.5678818397325023
1.343487029721917
1.6603733056347616
1.514993927463196
0.7397766069458552
0.8408791650404301
1.6661641318278835
0.6981408388729301
0.8444349932765891
1.4832747600496161
0.9251288074725704
1.203362408144645
1.4905298476417859
0.786286812781017
1.5709080297081162
1.2489797003610537
1.2901008373068632
1.5307123863188796
1.3242004365811861
1.4588993090645288
1.4729233776298605
1.3445158695888728
1.1609204240403204
1.358473721299638
1.8496214864530074
1.4195378260946898
1.667232213043716
2.02441988912837
0.9317130608585222
1.8184583942846273
0.8811224361506197
0.9440233218050453
1.1091557614534169
1.0014279276970053
1.1198603909267761
1.0554896292832585
1.0149076209916164
0.5482722716478183
1.1833981597153542
0.8587242643413848
0.9253781944542199
1.5921129318921603
0.9486370043641374
0.9244213778301784
1.0942791021436222
0.7796956582442504
1.610925734245269
1.512873428303373
0.6360852439967237
1.003741900068383
1.0884162734728307
0.8825378548642693
1.1821928378591646
1.2088925743858192
1.1110973986977524
1.3498357435536765
1.0058259239145952
1.382547767284189
1.3323591252745584
1.1081121323283676
1.1361019535787953
1.6323265056739482
0.8316140909130548
1.1106339859552392
1.2648679588221072
1.0639534431776798
1.3656943808779005
1.0574835695853355
1.158788621584459
0.8438698494186004
0.5147811675141024
1.1772461104452205
0.6285312186543967
1.019934898134061
0.7178772861054962
1.6089122409195922
1.0999243667695757
1.4559549850072393
0.8991371642422769
1.1563565591422393
0.9437216820859516
0.8240395817588004
0.7683973391720837
0.8293100116204095
1.2348345594747758
1.5153076099087448
1.214984879186449
1.2438972157736619
0.7373102693638021
1.2933534323201739
1.1390523458109056
1.1369912840296017
1.1410568014523663
0.871534268434932
1.2449247118504356
1.1853281528392965
1.3083795311016053
0.8078534854052574
1.2705465466390515
1.0697834061588658
1.0912632876429562
1.4744095943449427
1.1238609681432965
1.0087457761139602
0.7973895517372808
1.004022173334433
0.8520407759505071
1.0282827870479907
1.2569699463030222
1.095354095613945
0.8625383649505097
0.587619541591943
1.07137320694954
0.5022055963270886
0.5721053374252578
0.7681227256868814
0.85626381001428
0.818030014121544
1.0236619917365413
1.6618639910304847
0.6145692903895018
1.067653063099918
1.0206327223067366
0.8988062610142222
0.6860590129856078
1.1261606657834247
1.0346502102911472
0.9006526020586548
1.3260815729343787
1.174767733695953
1.5131873430128304
1.0809196892064499
0.7022145549412961
1.1588135480288735
0.8393701703193807
0.6270471059161332
1.3740690458356584
0.7373384414349011
0.9276401966290418
1.1310216928435157
0.9759298034098952
0.713391844580282
1.1860909828331407
0.7240933901810831
1.0805390885301915
0.7926101237210597
1.030525063215069
1.138068915438629
0.4966751210709182
0.8074102052018162
1.1104360508133275
1.481603848585469
0.8874757532607909
0.8294578169782957
0.8168848907473938
1.0383539946908638
1.0428849437866041
1.2532283791968988
0.6946557933796745
1.2958033361450532
0.9462911102689745
1.0252822524824634
1.0142969938081712
1.0528701931209297
0.9701145059364134
0.6410554373066497
0.8043438446267631
0.7188676596626409
1.1150912388206222
1.2798707497977586
1.0658263166889894
0.9480367009636275
0.9895466156773154
1.1949410006086263
1.0909061135576186
1.2628490592013726
1.052295882254839
1.144555774654529
0.9698644751437413
1.010139461895523
0.9033087328718903
1.1907209392579259
0.8105074943642515
0.7521127140755917
1.0278666858712948
0.8168286642045245
0.9772493563422774
0.9510805107086406
0.802992885694081
0.7575019804522568
0.7644884818406819
1.3549854377999382
0.4841234670489911
0.9506413739232361
0.9515414976103361
1.0146913121981445
0.5096259436158593
1.160521835832344
0.9814531257910322
1.1205811218264723
0.6850233012846447
1.3473367851963916
0.8325041265826124
1.0034162754395095
0.727705110016084
0.9493798577937824
1.0715736333612902
1.0506745805898898
0.6295021088440116
0.7674223495928874
0.756381636265261
0.9924512107878231
0.9716193685019316
0.7174390497610204
0.9302538122057684
0.7100623499443249
0.7662824220926494
1.0581142425739256
0.7563625489787538
0.827414549551471
0.8675740281365407
0.6515913864005675
0.8310993800098582
1.1300467236198544
0.9403987677204747
0.8374906618386334
0.6621683755196458
0.64914480820226
0.39321968499426696
1.4076378010827038
0.4395020247613939
0.8339061582345486
0.96176338500466
0.8906017700787778
0.8005633304083302
1.009240431010781
1.0926031609636175
0.9076201438961565
0.4919658125154385
0.6083952978672099
1.0412270365853238
1.241202233583024
0.7970268028073533
0.8202434731611274
1.0119677469596382
1.0256451638956923
0.8776647527810446
0.9654359354117755
0.5323649875155484
1.1510970668665084
0.826517375247452
0.7923186408687931
0.7421570788426397
0.6931235730330381
0.9626447395385467
0.7110832515894616
0.6785266102154472
1.0510487710811602
0.7795567534333312
0.6531734147376215
0.7638093835508176
1.030859321303478
0.9709033135887842
0.8353649273933482
0.6798470665289219
1.0656266569686952
0.5148498795262372
0.4782959954495462
0.8505457323549908
0.7798083054602089
0.5651796859032078
0.47728980383149877
0.9552392187391141
0.9617315951893611
0.9055054151749079
0.6561346635576193
0.856832819841008
0.5493857142941434
0.8478361388827248
0.7275353173541208
0.897723204645783
0.6887497860873335
0.4586933694144552
0.9973998898568079
0.5478947583889199
1.19489046165272
0.6265533035982025
1.0677123032600524
0.5599227803290006
0.7748763294486228
0.77469423489082
1.0261468681463495
0.893499250198866
0.744060477610071
1.0673676475326626
0.8397751791662601
0.6389486848109568
0.5418622872120765
0.9110334931201366
1.014993530885829
0.8079510678125675
1.1474007798156651
0.6586024598543381
1.054633322899237
0.7197249320971008
0.6447341378287289
0.8122922274601725
0.6678191936582096
0.5867680590816362
1.091627446884044
0.8670516770419686
0.9121369037473964
0.9996428484089903
0.6898383640272673
0.8115351658509394
0.6399119717191702
1.0151868532736634
0.8709404959177324
0.6120376148037323
0.9211492086219233
0.9154476232812271
0.681324480314443
0.6491368933068228
0.5918883090015761
0.9593973364969788
0.7567300297565354
0.7387568954335049
0.6429532396123391
0.8470694574043732
0.4541736007271002
0.8638254438866247
1.0215622187382722
0.6448741388911482
0.6700675344282343
0.6101138631771715
0.7207948737633378
0.7242620321524929
1.123722501499795
1.0784609961258464
0.7260397365352846
0.6591728185574243
0.9084566137645134
0.8528366190572666
0.6955976632474236
0.7303120868619849
0.6118787790886885
0.5976390432559184
0.7395030759354375
0.8041169420660784
0.7673319452442229
0.8142399900672279
0.9431509397591847
1.0121901091910148
0.6021765380404717
0.8538866579936918
0.8945821394797328
0.9806110829064377
1.1304654207499336
0.5064920702797555
0.6166475366425607
0.8658925798837125
0.9084788803733135
0.4425730446440189
0.82779374833457
0.7219509083990643
0.49359819737746735
0.7445951899109308
0.7049541911164429
0.5730973781887875
0.6155297595469729
0.7141385027351825
0.786014178854435
0.8437862511753111
0.6125630784577639
0.6991314333051356
0.5319432486823306
0.58314348530212
0.9992577926248543
0.6274817004734867
0.8461456403944844
0.8188061708685501
0.6137438275591406
0.5593507695120088
0.7947334333705579
0.717036574353399
0.7978740544311067
1.1441893368786158
0.6455603006635179
0.7065045641547487
1.1722547221178001
0.7694047449784743
0.5707762807881994
0.6915435572281162
0.6185752771534893
0.40077136190564827
0.559080702934934
0.8609411815441278
0.6569038238015401
0.5857692205657562
0.848114360104019
0.7165040889278401
0.8434741089856902
0.5325382931046043
0.7706464474926912
0.7547850047721881
0.5473736149526035
0.655913278420795
0.6407481186784977
0.9456119387619948
0.5972062462197198
0.4703955105469786
0.7644917423360397
0.6186636399492159
0.535115322469943
0.7532085982194647
0.5946200767337063
0.5345778407009188
0.781990787261635
0.8805349430668551
1.0533559750909953
0.9148661231824248
0.4175422903828958
0.9489044294432672
0.34465417336643667
0.5193626696619299
0.3530934645357549
0.9596279656727502
0.6110523167416424
0.7745576445302067
0.5869073260994268
0.7090694390295088
0.6354646356198792
0.778036321834625
0.7550980477348375
0.539049118042512
0.6986774367301963
0.5429142901255178
0.6404761725913936
0.4510551476056955
0.7788588633804128
0.5796045779806468
0.6162622683760963
0.6939768207100646
0.8562781488623961
0.6595904671608709
0.771031781402958
1.0927957125484598
0.36731073293336775
0.49723602351985235
0.7469115115543322
0.5898061894898324
0.695355264845398
0.8894403652439631
0.7639925514578877
0.546748707680999
0.8340594099271436
0.7773556839602516
0.7010574978234809
0.6337248280846565
0.7433390552394612
0.6603437626947353
0.5815325893259556
0.8503058302277599
0.477514580874018
0.6650042384140944
0.6481208130789473
0.48087102413004224
0.5143951779816213
0.4599715372648581
0.643809255104252
0.4546299183943359
0.6267786556457768
0.7334984031347053
0.43781970099856454
0.6117821090670605
0.4685866847677633
0.539709596302678
0.5743168996603683
0.6541477015112028
0.6313471397161194
0.5718738330715849
0.6695213423312693
0.7775742061140175
0.7214040353374426
0.42663630254046864
0.6271464366667955
0.660875204773692
0.8351678244639621
0.6259202064274875
0.593278246018458
0.4711848523507487
0.4189340553513562
0.6702538143496873
0.48946551606059074
0.4342375731424161
