6396449.047235577
2382089.8853128287
4069210.2701622597
1343613.7265418419
1548002.9902951755
2625597.479726938
1511293.4253253643
3523066.449349271
1233996.002788837
4065194.2920053336
1572407.8426457332
2750916.7482628454
2699638.5584976873
2659997.597741582
1212976.0455895644
2557620.1595257097
3288499.1579600116
1164104.6987351638
2547847.84425847
2464850.723212609
1543748.8678523137
1780782.052605497
2230942.247295673
1907509.3943202386
862093.8232576223
4156705.0188514125
1418385.5737591083
1417217.828035971
1410958.6239909246
1399853.219881388
1370249.2109454814
1462259.9290424054
1281263.6785907452
1333927.179326923
1334119.3020582933
3043398.141393104
2222600.320688101
1928741.157416329
2908025.5572452545
2618140.2479022685
3720564.9061992937
2797688.6546446285
4860022.231377704
4451370.623424941
4503853.57751371
5143898.936891291
3558887.2725154
4677513.141761795
6847445.360778339
6443218.987259615
7162022.527093976
4422022.644966008
4729347.261565986
5995553.693765024
5174650.805635188
2249298.1042893976
3545726.08521259
6826000.667559815
7458979.706578181
5232604.2293419475
6076087.017481643
5865733.609829477
7955022.001203093
12207438.624941781
3182514.0970515325
4934835.16802509
7944439.568374399
6815448.004104849
4812919.259231978
10333278.1729849
6838550.515620389
8850377.927213699
7348546.471909743
8095170.5673865685
13761521.41525633
8365160.709553029
4347478.800161626
9850976.550007513
9424745.836844224
12583819.393931227
9059850.552144682
12308475.883128004
16203055.921454327
14386812.48846154
12886441.565122282
19363798.849453032
17882635.02526339
9436124.165075332
14562328.215270057
10521520.018855168
14823673.496983925
11685682.899128607
4215871.124434926
17737095.49693979
14670883.14479095
16854122.521492828
12601054.120438326
17105822.270318136
16045916.835982572
24124883.74329928
13415248.885036997
17082629.723801833
22306246.01833308
21680346.922209285
17723012.27608761
23867832.347018197
17925687.590985578
14871151.850120192
22405587.34326923
17086222.981265023
19221277.874984976
21723456.197480716
16901214.79453125
15038188.399399038
24846645.49488807
19058946.317606412
21166474.799899995
22959599.098528583
17420235.586576756
26422707.272483002
15619578.619891826
23810910.65166767
13692151.738131009
19088225.671634614
26891143.74054988
16133609.66983173
19229472.82235577
21957740.607714843
25145235.870214842
18314610.118164062
20231721.56316746
11915317.800338041
32935367.15124676
19251669.448882118
15033810.311801499
22998391.815176155
15469204.862301225
16270561.8953125
18758053.038720705
23530368.64966783
26721990.601262018
24176644.594741587
24575846.16613136
31466690.892758414
23762056.215392128
24537995.322060924
28159408.5318134
27626242.766937725
22109866.892718975
26607321.277007587
33640901.44772104
22313627.187671367
20950134.2985537
22646294.46139902
44158864.85344426
20836102.212391075
23316837.484909996
33333466.805871584
26431657.75160006
33876007.99471154
38803981.05667739
10597220.608616287
24718382.726312783
35215117.040521
28782245.262971614
30563647.201893028
31701349.937618315
41085520.05194561
22496790.169289928
32167176.167216197
33179602.512766678
23264300.25185218
35415614.74357723
40681549.641254134
36364556.702501506
19880723.56936223
29574359.983637884
45131409.49065599
39146894.72251117
30417662.766233474
30879221.487528406
30154912.877689302
41311661.44761939
63140354.685884915
28927442.692067306
29588625.384637922
42656495.39227764
31557056.628019214
58334342.034044474
33986077.451682694
28859483.507139
41077871.266225964
35436053.28148053
33747278.93509615
58742194.455172025
38075730.54309578
47686705.78939303
30523039.38186223
46857996.49518104
37649126.825804844
34942722.569050245
48653888.87596154
65474384.92884076
46297444.93909255
57371127.7282527
46832029.93392991
50566605.99113582
43218915.82585353
35261464.786987774
62843731.812605165
57387127.91783354
39520120.8346567
41759294.7230717
45413479.884097055
42884277.49215111
60369862.27766486
46286684.4370258
44557393.153333694
55158207.14077524
50764518.0038269
55424106.88482666
47046449.69193819
41448451.96652853
55280768.36744009
37389196.51742413
72892953.99990751
33413666.000050236
68163399.78331581
73973482.40748948
88476884.90911584
43809399.76391226
77972360.8826287
77659590.81908429
50469961.12459623
69737467.60819702
100193885.99183162
36441707.691920295
94460031.03014573
46740103.83013822
99970172.2056157
64794110.78459003
73138437.99968919
31850124.53422476
96270404.30060096
60329070.283173196
72606762.34139833
59092423.34184194
81086440.5993751
84087509.3342487
72224409.5313655
49742270.650375605
62898796.03071759
37437282.03819862
118769622.5516226
68930213.04254808
49882690.670770735
73448074.35859375
67593865.17675969
105903820.17829777
47966298.73855338
45699332.262319714
71798011.38455482
50989857.679792665
80269286.75486779
46107604.94893517
78911952.38653846
36422683.12517466
69850736.60022396
62102039.873384915
74488225.93234676
63500479.71693209
74230258.77507512
46305961.98873197
71700481.48514123
54595227.01920072
54436048.52550237
64506731.10090271
54938628.71807392
80899185.2483173
63798044.19373685
74977669.08834134
62291568.37001202
89304793.44479418
76596578.90463209
62026700.06960637
56529950.920994245
59232372.54093299
39760549.86123798
53727201.19704009
81702693.36162643
57429430.098234676
106168412.00805289
54343260.41451322
65023905.80985577
40798500.4359375
81699289.34867789
89280646.48634484
89052129.35216346
48429479.33863337
65828001.08070914
72937408.81437214
43498532.415029556
71332098.94351338
59965969.47944712
44938640.948264726
63989522.41097506
69994997.78175518
45793831.182692304
63555108.5760378
47820369.6601863
68731742.37277739
59663313.59590595
51357129.40017841
59038840.99278471
38414481.555884816
57781471.18524921
52633695.418454215
54917783.801821664
55682855.991393104
78917166.29711539
46136526.289009914
70897572.78280628
50212505.36171875
68219353.47403847
63386632.880709134
62804956.56813402
56806898.47403846
63695738.703402944
58242551.184735574
37120285.89245418
72886823.26374793
52363142.39001934
57127154.94990986
74976039.22311354
50450930.13217398
31883301.977549393
76292496.05351187
54980003.461027645
48929968.667108625
81890741.57319711
72447765.06329627
54669769.96561467
76519049.6577416
33085066.932076324
60538162.5927509
58722360.85432316
48409829.49681491
43884231.825661056
46388234.44676232
63152568.819223255
51974258.25793269
49860734.84619892
67666225.53939678
49810718.84642428
74747191.49673708
35196672.19785156
50211718.071875
53498716.0661823
73993675.43938927
39550660.01683444
56210816.260671765
80651416.74331807
53089986.162752
59599390.84785156
76962872.40394334
48700075.18961792
23408383.605061956
58142293.96499728
45103255.541203424
60541181.50733689
47551800.831610575
60676818.07585262
39608499.442503005
46851002.55343487
87041500.44472656
55753346.53377404
74279352.1792518
67830987.32959548
39606181.33342849
47290632.43534405
42667608.68233481
55806529.97369291
50136937.76151264
51160061.504672475
57309993.66304251
55600543.94429087
44502823.84014423
76214761.725939
84046184.58578727
55790188.829064004
65384485.12843722
58709968.36507287
41380368.42855019
40842242.554582335
63033242.8488732
30874820.825040024
45821671.5302509
66949962.57535682
45982214.8895658
56608589.705797404
47655602.921705976
43188740.85348558
54215435.58327449
44431770.87259615
58539430.56027644
59513963.73470553
67442498.44251427
51483346.6367488
62954140.52214215
43531513.47100642
60315481.07783767
73680419.59776142
32423288.87922739
54741352.77497699
26736433.305848107
56923564.47261564
65232826.73701923
43874558.0906851
58077661.48498535
50598286.44475802
34574560.74338942
75558942.94523738
47426022.63179603
47885406.553786054
40040181.93320312
45648730.38888221
41419727.62248348
37034563.99876333
61383861.90337008
56000813.60469008
40618181.66579778
40815193.9869082
48524785.64151743
45612959.647198014
65813896.90273438
34630519.44538762
41378722.058436
49430809.520289965
39297004.34571251
51676319.32210036
46442619.800266676
35861971.59947627
60848256.67150128
22659875.064951736
34779512.423497595
62283726.04639235
33177531.591400616
41599327.934115835
49183150.85614483
67263217.06479117
31674442.014423076
58316327.06499399
69980483.14930889
62280952.26645132
50800672.35444935
44574887.26454004
46436160.49355469
52116786.08039216
37272997.54060246
59272334.065114185
42152631.4190824
24172743.976878006
57102215.84085881
32332108.497763444
66581655.90360577
25270748.35769231
51220584.67289663
56288968.53538489
52932329.68287224
48549765.74834736
45907406.448561445
66377755.42938702
50450423.44263071
37734450.90265174
34517313.28257963
51625488.92608502
39424908.90647536
41445709.14479887
57590456.7684852
36193154.185714014
42596081.890801534
38821628.38659856
47078612.23504451
34189438.49215707
36075354.43211224
29729632.72051908
50092906.5011869
37949910.26070463
27685804.037139423
45687547.328034855
26719465.75948768
54936639.18066406
42088683.18247258
35186570.33256272
33164330.629646182
27897641.06435547
40190328.34115835
27967887.364423078
35931109.767599724
41698481.54698157
25276207.384298
50521305.77047401
43115745.2995643
36957752.083323315
35724041.2028602
64780150.549151145
35156002.619471155
34103695.25823188
55659951.43798077
37735237.31756592
31096521.86970027
40988271.75649414
43622161.06727013
32907309.84227154
32830244.82126371
37382779.06293875
53048228.124184474
29716689.02395583
43998924.4678786
50817511.701983176
61318837.04006911
31733745.19249925
21780321.455842003
42056550.19738957
37587724.9916842
28048645.50871582
42337291.641333975
44362429.38924279
58710239.934698015
36704704.165936746
24331311.862730995
31060670.47447378
43527714.371371694
37153545.68117488
49553150.242292665
41192289.32506573
36490121.71710205
48631190.66550856
27671736.729560733
59059221.82484976
37832799.01450571
35002439.6227802
39150496.46429866
27828451.67231821
34158843.573531985
31067159.573902894
39167691.79528339
38644353.67022564
46671016.60204327
30507515.666034404
41327231.911914065
45438450.36909556
26473362.25819303
50287354.34862906
29332641.507055193
39311142.29874831
37172619.7945613
30214522.58934464
40034805.363025844
40642129.61787391
28250505.746936154
39786249.256931126
40758190.35156907
36360484.55317125
33900354.52713394
34385697.08748122
36202097.12451923
23737835.965144232
42907467.40865385
39102210.54068134
39055110.959595665
31481095.8383113
25535310.772388633
35613425.33033353
39282242.20170711
33346454.54664213
45599914.31696214
44897141.06924579
34242529.69961689
46938940.71786358
17920309.80354626
42477966.7634944
21772761.757302623
43265012.72814754
35018010.4702524
37784387.65757211
53047850.41011118
43301051.59867788
37774603.801539965
32124140.255408652
43571079.08462853
39927749.64804687
42001798.11145803
27040365.597857196
60463554.12998798
23272143.985103667
30003158.46561561
27907020.56700721
49885524.115226865
34412024.8336238
42922070.778125
28244235.540084135
45784907.10077033
49448790.20985577
27071401.933095053
36889749.49915058
33116038.91909696
33274185.926367186
32107698.19027569
20387255.521367
30130914.949230958
35302262.82295673
25143717.43161128
49909815.17785457
28938393.98549429
34913936.56911058
29800852.890555512
53381348.533958085
37275139.728846155
18633571.833233174
59487400.382211536
43256703.39039306
33371217.57047131
35540946.86700721
31842093.205599505
36277626.524038464
32090810.38861342
13648674.987759165
39267233.96820397
26536884.485021032
47393888.67669584
31532119.778921273
17915183.433952477
39526151.230953276
37853650.16727013
44309131.26832933
28388665.9828125
45224880.822445914
44779115.538626805
24444251.718072746
38377636.78149414
32199829.3701801
28164946.506097883
32261849.7902494
21533388.667593148
26508714.807264123
35398509.433432244
19978390.97022705
39652287.45539738
42471245.93210637
28697126.547295675
28400481.200788733
41616054.730745286
19305580.920304988
11462062.598317308
32614732.361966647
43850330.62139423
38013935.220718145
17806457.45634378
28822878.832421876
24966209.694259174
21134506.21838191
46625579.96464844
29105131.464348953
24961667.105303485
32774736.536177885
30312959.602809496
29900271.052415114
23996066.513939492
28876356.3545659
35763654.06589731
33189048.71590717
28353912.493275803
34532352.36071026
29311674.43073073
41311222.562259614
29278346.477403846
26562553.315865386
48900069.60129582
40894868.53701923
39712145.96133564
37587813.70310434
25315459.44572566
21012963.589293495
25817798.2871629
34013336.504888915
39288705.41048162
30754886.62549579
19200899.923204627
32629852.053683236
34480152.011550434
41303334.650390625
36911957.28308293
43411200.761298075
29687283.44790943
33894614.18227164
16660105.59099083
40675731.719811074
23151992.13020395
24700689.561598558
49563945.049496695
31172362.455408655
23406571.310584433
31116092.096794248
22507265.619182177
35925725.6599134
31902916.46852464
26227915.05612981
27230587.528846152
44184041.732752405
34096939.51397236
15130754.804157903
33317278.819546275
39589350.54499699
30075968.616124548
25308689.446311127
24443053.409293305
23576258.446633678
21069264.70542802
33278207.767269928
29107043.69366643
28982828.153564572
31744894.952463944
28563160.87272949
25554626.756310098
7813252.890715145
37699053.35792236
35462516.37379808
27790905.146367937
24398985.926126804
19976843.404224016
37532900.91615084
12680296.070625305
28729630.54337064
33402387.488682557
13379128.606659405
31843263.407232195
36791217.424520284
28235108.59769193
21514243.654625967
14024339.332517888
33847064.908454776
23470211.175033335
28420184.463390175
26719400.046875
34755207.24423077
39246929.96430288
35378590.674647875
34977568.408383414
25376134.354244173
41239478.31985427
24091018.732376803
23671078.50497554
30459639.30401142
19454150.1164363
27190028.181849085
15706066.024060998
23644561.398828126
13544409.041860728
29663363.63562951
38090643.742204875
26233280.25210055
24037340.48028846
37056459.31777813
41778412.03028846
27425175.244485945
19557987.26593581
24803989.07747521
24299933.774928637
20695562.90241793
31828227.027133413
19347008.657684796
27090507.9402494
18630307.81236414
32050969.580403432
15949919.602741065
34946257.78647085
23692271.458804086
26289726.88530649
21957621.382361777
26364124.681092247
24152889.548677884
19062587.445853364
20567617.163942307
32584505.312800482
33253332.03623798
24362106.686451603
27090450.455444805
19622195.46724384
26128052.033995643
23044087.37718224
24831790.65965717
25407500.9676239
20369494.979802527
22052499.796797533
38188519.94591534
18126020.319692757
22287416.817427885
23435467.75172307
26530135.364755485
21182971.655906558
16885335.78161058
31168247.692972507
21031163.522295672
21498061.72663762
25528565.872445915
23535342.76316106
30528876.872267503
13751478.04143442
31297446.496381085
22882088.724207483
40889334.03871695
28836220.79018555
18133189.713737607
24930751.337305628
26928950.97530048
24411689.304972958
27787811.56354417
34836383.57214543
11648012.938699575
20367336.66752648
31911713.22764423
19693929.55673077
13870820.203846155
31711096.21189904
22427753.928485576
23711827.30985201
15706551.91970966
28477375.28455529
28112462.11305354
29043253.554605808
23506642.863934796
24065520.172576375
36804756.81961388
20561032.04865887
23841898.274177432
30937983.199280724
20286160.71741286
22935253.054266825
32458320.583138335
13559605.24826132
25890902.671334136
22965021.501066707
23606865.243406326
25993209.06995192
20716890.41582031
21842878.203598257
27694546.627734374
14969856.23012038
20775849.31441134
22835138.85450158
30896110.41781851
21354483.491992187
22671181.466854155
24423249.906971153
16875579.04831731
24333692.676231973
30952547.335561898
17021683.24026689
24012768.391248498
11576766.577695407
24628177.43712117
26763970.241947114
26309209.48341346
17705083.838536657
26462309.975721154
40550800.515096575
35050593.40704627
15603763.514088146
18498511.721529447
19157453.86216947
13585502.36318911
23506026.509660456
20749112.783926155
18013860.02392578
15451537.0689378
22505983.37657893
14815356.14523644
17608159.271401744
25287508.895244304
14925599.18248197
17457613.594799805
17855354.980239633
20131604.63449895
28851311.21402494
20996951.38137019
34599122.53221154
16212972.547631366
13577680.5427063
20665912.438888784
25857064.049399037
17984518.785794772
24599404.096409254
14479720.42466947
9501873.85
21805986.656700723
30314582.881295074
20870163.54163161
22407277.28082956
22333614.073856294
25205380.14794171
17003806.20487976
18810441.519272085
12233547.328171715
23784751.45874399
16745508.183272222
23772310.902914662
23658742.434735578
29258599.02716346
23187688.459134616
22833476.79344952
17786196.733135518
15532242.22458989
12180303.723225286
39653334.27238582
28059665.06477614
19359910.901143704
15979288.259549655
17829038.813472807
24540252.427185882
17393631.05607347
17319103.12432392
15262286.344365986
20250663.500354942
17105468.494194735
34840014.07829519
16465885.518396934
19614929.749459136
15764110.865999544
27366188.711336985
20533463.120900314
14153069.617003456
15904769.783839298
20526183.83404447
15592547.26309345
21620788.27574369
26135171.08683331
12823869.58091947
16642913.902283654
25044654.543847658
21881415.64735577
28970953.284556698
21763304.381131686
24648787.892593738
22454564.58178523
19254342.65628005
18422188.609908354
15913134.225848857
21542903.298587974
16888977.35633639
23208898.791834436
11160774.847259918
23724824.67631836
10555040.65592135
21109355.627253607
15561389.35428185
18149927.39740272
12945693.22124493
31901498.38034856
21051025.41734408
15187756.15640963
15215725.808939302
15982415.356005859
16720087.83757512
20674631.218280967
12893233.203401066
19078127.493460786
27164997.053125
22864890.018870194
9474317.2953125
27791140.349590596
9661963.14076585
14388268.581350474
15222559.955279306
12460022.07251352
18882938.56252512
12048503.605694111
28004171.832543947
21705647.506516676
18312698.82304875
24883825.83314303
25143093.603981372
13102447.620260855
23056338.662680287
22370165.970539737
15226793.434654823
19938070.790392127
10421831.1627817
16139681.853117488
12646230.969796987
20792746.859850135
14394396.391456017
17835572.549523126
16996098.083099835
30135560.8054387
23794987.629146636
25726021.261470854
23884920.33440082
22003059.60507437
16768567.8671321
7723295.20108173
22233147.391045675
10495103.45331685
20138443.46806265
15923793.3261869
18966417.800717633
19613116.828220308
24021514.225510817
9014857.310497211
18367119.81035655
21258697.42935697
17292178.52801983
21847028.631460335
22812046.16424279
22906090.208691407
17861915.096875
12606513.222716346
14898441.877881123
17202764.252850927
14465300.823873198
17493308.29744967
10298153.996920072
20233546.167255107
13395921.82395395
29677666.264550313
23548059.982448168
13518476.602047026
15806166.91804387
15649180.287000451
22881353.908698916
10380888.837672776
13649483.205682842
12072931.446469352
19063595.779507212
17574996.998377405
15426253.988942308
21726410.60414072
11247797.364231521
24919493.032343
15050746.549590595
25042771.439556908
24463494.371875
11324869.392397836
11473020.95115685
23831733.82820763
13342151.181972092
7172116.605217097
20190998.178996395
26835728.579928238
14976907.713730093
14209002.880622746
22171914.07570425
13218950.257489484
19626443.3468365
19564750.124325797
15784993.963412357
15571338.440634625
18861384.72216797
17039052.76226572
13099416.161197603
22349237.136658654
15030787.066474797
20501006.804022685
15743187.340857873
15222579.335510723
20772481.494113393
10487112.400120193
19079587.860967547
19041415.407091346
12443746.587019231
16446088.232211538
16208227.22351262
15654360.190985577
30839520.225458235
13712448.503076172
13870335.850942759
25033046.903986067
10446535.036996694
19068443.89863657
23311505.486373197
12406121.766964018
21003962.094050482
15647710.04051232
14150696.561701378
14950141.206178635
11538270.258841647
8217561.087002828
18272009.018284254
23598495.912714094
20163395.89334435
9683649.587845553
17146781.074966665
12734171.303966345
13050528.653004808
14695141.573091947
25486583.43894231
15557754.33528771
11770717.596108774
13234627.74361713
11237448.099683557
14441089.518842023
13278101.56722506
15149798.809026161
12807260.811241267
17347540.566240985
17530099.07499249
17402555.187843677
12916912.397558829
20689219.551169995
19672000.18554312
11736732.305955153
11067054.025623498
12921950.72435514
11716684.026362492
19526889.78013822
20865115.104807694
11788746.640865386
12045108.820192307
22085001.099862907
11825506.757782452
15132052.494411057
14944459.237300932
14490749.45723783
10201383.634154335
11090580.033105586
14285041.474149352
6236769.397851562
15888302.124947416
27377713.106340144
20334784.42666485
19886104.403771035
10544026.950092021
10894607.23568209
16176112.328386981
21724781.45685096
19884777.286538463
10699774.770522837
16716207.88858173
11634890.782121394
11128962.512774188
14806564.63715257
10544226.163620465
16494738.122701323
21471099.306497898
10132602.94780649
15321392.990105174
12956762.391075721
19189523.167342436
15228796.775927734
16185794.992728366
14270193.989085035
19126464.43624878
11984329.811470853
13058505.179595478
11783716.24354342
13886219.441049429
13244126.537980769
13173970.778470553
11282279.684915865
19886915.06875
21620463.518779166
13195562.389394158
9651436.100758715
12362544.23459285
10492904.568960337
10931427.510662666
14383444.1529372
12252980.536046425
13574178.690084135
13593287.25390625
12963919.991882794
13067375.412835224
13140980.26373464
13510859.177110877
11849165.245711342
17799756.29746845
13248873.761248017
17781374.708954327
37863473.16953125
11200369.988040864
8646125.62920673
11907235.497058105
8753705.81875
15681136.420612982
17743443.0023738
13371536.438577974
16937449.258117676
12795410.61796875
11677417.914107572
6479846.007051908
24851231.583995644
20476423.415309496
5993073.998009315
12278375.686417814
20925128.37399292
9242698.819091797
14311973.358719576
10506527.248611832
17434011.980238754
10218793.094155649
14035122.585239116
12600382.694269033
12191768.157823768
12536417.511576021
10089277.752764422
13239827.818028847
9818766.19296875
14113085.945192307
21004887.88856377
11328365.49464035
14016173.239836238
9329321.791013747
12957473.020612981
11617385.775796274
9595563.395801721
11102832.697218675
8196016.922874099
13260744.874898588
12832178.221016752
14740658.45944073
14558133.432804989
13402616.336583534
13588291.477073317
10343276.228658354
13740143.856370192
13447907.112522537
9591394.24887038
14479254.618727464
9758990.996243991
9912413.79780649
13816938.045995155
19155123.801772837
15009151.751923077
16659863.860913556
13530673.653083684
9293282.00020705
8316093.701355391
15432851.424898587
9167622.868409142
8586375.005592229
12480825.0734375
13368476.283806434
14795267.16090933
16092917.22577186
10503737.962019231
12972649.682669947
14736519.614107572
10539683.486606069
7981250.401695941
9622286.528343553
10085399.278473604
10022500.226412259
12605554.242383752
9929398.484900841
10703990.476141827
10928771.092788462
22596334.47773062
10589437.263665067
5654125.396505679
19342525.142585635
15215626.685111178
12580756.803425012
5857097.579315655
8785423.26073092
17017670.699429087
11494058.96198167
12500307.434076397
12682327.681494119
13421089.210520582
10989955.981896034
9713578.796704102
15444357.342698317
8701707.066477614
9609642.670128455
11390978.87580003
10907708.436932374
9821008.347299429
15325652.459014423
15949920.884375
8008147.312259615
12653668.491894532
19626076.456377704
14758239.005077422
5001830.869607074
9193676.157319289
13200175.234198468
8646167.978305288
7264325.123242422
11776591.557299804
8965480.010021033
9648948.0647968
14643869.280303486
12689608.161684006
9617938.1099215
12324284.161602315
11408706.75110415
8983572.197536057
10019582.029266827
9742707.217889873
8320873.462807612
10964975.63689904
9730319.039558059
9764064.74817763
9512891.934795674
10734491.50892428
9953050.856129808
10386947.573703237
9863907.532451924
11683325.69549279
12340469.360336538
8544209.383884842
17747311.959036957
9053919.025906138
14939431.302734375
7463533.012364783
8846861.635921301
8008833.62109375
8412994.810049204
6020163.898332331
11890515.021995192
12023229.408106407
10010090.964056866
12988510.596563721
7129952.086639639
12700172.84674794
11559750.143241296
5562941.798934467
14127082.784858292
14431797.28629432
10788482.656542968
6343670.834513034
9345453.968840145
6966035.979326923
7823252.59375
11830643.82314453
22949235.888701923
18575800.864272837
10457133.580416165
12640505.899429087
11134058.732692778
13165521.80133714
9123227.170661457
10437009.13160776
11383049.211583534
11030431.772701323
10739518.60396584
12444613.00055002
8429333.598271767
8832496.53928035
9220630.379582332
9637614.631971154
8876634.746619591
15891495.253001051
6785089.873505108
13262987.272727145
11569267.787733342
8319385.706280048
8584377.249609375
13742977.035498986
5943081.909502705
13188698.040244704
7934403.787282621
12415980.934630409
9128235.549207482
8660298.546905048
14307171.155048076
7442113.536435171
10151425.847310698
22252074.806256574
9776937.279591488
8207016.611274602
12759100.579890324
10186246.868590252
8296398.116225727
5372657.745389271
16791261.268990386
14139591.909904597
15552036.002403846
13914023.412394831
13291820.188243689
10100479.903128756
8998210.554664964
9312534.179187952
7688810.554872719
11652398.86554988
8548326.850698618
11384751.662567608
8909332.185458373
11273562.90783621
12405079.075321138
13375951.121424278
11121844.197040264
13092738.538217397
10032246.259878306
8914890.468003962
8560735.17268442
7071577.303031598
11893219.047228064
13262211.332572116
8538708.613942308
9182866.831434045
9060494.816346154
6314260.149639423
7388765.460667067
11190863.375796273
14055120.360227615
9711796.676314604
6899710.325215383
9164158.664157046
7207913.673523888
10288420.472134283
11459549.734164663
8852753.790625
9477372.05673077
10111209.089903846
14266488.622115385
18124595.61933594
5306627.254298753
9062967.101878004
8612635.46436392
9155386.256271597
13986860.871285306
7037679.082297927
15290476.969275841
12931740.526029617
6084536.181410562
12794595.01540715
14348473.819170672
9549378.675619742
11678542.845873553
10175702.859375
10347051.439743277
4414349.708008047
10419951.63765024
11004706.739227764
5477515.710351562
7342617.23138146
3558197.2143179085
8002110.90378324
5151886.586959135
6623739.055769231
12285024.775547674
8563986.923677884
5711187.051923077
7608231.183653846
11466853.149992488
7313510.650721154
10686865.616447566
4850124.127706205
4501020.041030649
9161449.957883865
6542572.764216497
10557967.452092098
16701150.104005197
8703092.954156024
8011433.216060697
16611711.514717923
7504848.868431443
12085763.640561149
6313270.502560894
18586051.609104566
5310491.0357938325
8073247.492126465
6056979.201368126
8723761.961791053
8639662.059765626
9945904.83966346
6960606.132692307
6600329.696754808
8447125.766571514
10138450.983683893
10088935.468239183
15110585.238568116
6803456.95144263
8846694.450182166
7912554.167025992
7808848.4503417965
9499382.768892728
7406702.035324801
11854126.073895734
9443034.147551082
9314315.564653601
14199680.051517127
7797534.962623948
7504782.608543455
4650554.795905143
11611044.80074369
6619334.218997897
10480023.819565875
15471863.30271935
14246114.619290866
11073096.738942308
15313108.548828125
4945918.795003568
4702216.48601262
4949596.907091347
12080935.045838341
8737717.601036659
7968804.405673453
10883905.412259616
5578544.838943349
7220652.210667067
9198320.041249672
14097563.94858774
9531478.466317983
11311355.631559871
7745064.19711961
8496428.707187476
6256214.353204816
12563786.529277625
5830227.369170431
7789064.038965019
6557513.47275062
9123192.995733174
5972445.5127685545
9024686.722536057
8145890.508173077
7372780.042788462
7880244.201923077
8013705.06325355
8548653.69375
5880339.551923077
7566625.132015287
7082118.463514122
8712939.652463943
14850773.00501803
9828013.030887544
11468319.91189763
4153206.2216571514
7926224.18529804
6159994.709765625
8805598.6851495
6812536.209476412
7664731.607445819
8566462.307166466
8249536.248678824
9974775.049206544
10132776.046506912
11340129.73009315
11330474.719005408
7013440.86919274
8058492.878670678
6081154.154040997
4665078.201313664
6905655.920823317
3631392.692908654
5217896.998557692
6477630.682211539
5671539.375480769
14086066.026081732
10789214.859960938
10073163.296409255
11680463.291646635
6079234.901385968
8405615.050803786
9149267.133323317
5795272.999799993
5441830.2054537255
10184874.08493089
6513348.823998143
8856603.899286827
7942626.690677584
9526528.608954327
11939451.077358305
8402249.81337022
12014453.704083722
7083220.726652645
10946261.819035457
8037415.112985464
4698272.57868089
7365745.830382362
7868409.116479022
6105577.006769269
6639343.782726112
10179947.971914673
5064664.802576623
9280531.894516226
5729160.487845553
7056450.790528048
6574988.021153846
7464964.366826923
5885778.683233173
2107381.894080529
8725589.125702374
16220685.846657151
4552418.589963943
6239981.275091083
6603099.413448862
5934941.7575626075
7406858.27943972
6130286.057545823
7568916.55778609
10150733.383782197
8028043.558394682
9262892.196110653
7657620.067891751
9258860.549690599
7450819.634383451
8599964.792510517
11831929.05249399
4194973.948321064
7048243.95183129
6316367.306704243
3898070.829399857
10617741.670744441
13288551.166826922
9779801.609386267
4928201.347355769
8707385.266947115
11493568.752764422
9983360.38046875
5848796.8626878
5739626.6027098
7544936.417848557
8930940.618400691
9365415.170612982
7509885.1393479565
8548600.275959661
9892918.64140625
10496971.296401743
6661172.216749456
5490539.702043269
7119905.9192536725
6166980.407016226
5999507.805409123
5323359.984038837
11979631.833306884
7777228.6808067905
3812691.965368887
8348386.027109469
9585947.624592474
7136707.929206731
6789743.292307693
6959371.396634615
5676979.391105769
8940057.61875
6782395.36640625
5433939.246758563
8611891.830259588
7821515.529916616
11251398.101231208
6330153.426660626
5846096.458286227
11179692.429116586
5638664.918266414
8136430.092307692
7654207.066766827
11156165.67328726
6446987.680153245
9248354.28609854
8874581.707098858
7493041.1661437545
5629380.082988094
6318259.427489941
5122044.130523212
6482058.856619527
4540899.457891376
5946266.364661584
7406266.531832182
5594907.325088266
12311541.011129057
12803540.742548076
11762626.248557692
11945292.501442308
10782063.795171928
6740906.732422344
7424212.453988882
8420711.686246315
3790585.1193960337
7628884.643179087
7592717.319174011
10766586.16454327
3157877.5857384317
12464580.802020732
10864484.323347356
10532461.377223557
6076843.500397667
7742188.871905048
8364155.935501803
4812912.725562345
5410835.283539698
8607631.812815504
10449327.55952524
7371261.537469952
7549885.960697115
6110837.420192308
7603158.803365384
5826846.98102464
16693699.123514263
4567541.759660456
5179640.608683425
7210454.198832116
7492463.589412631
6044941.006358924
10702151.859284855
5576427.431074612
5655317.1403958835
13772623.642709585
7327540.374503679
8999075.343866436
5969959.4523245
12704174.890796956
7113357.04944411
6143496.700788762
6312207.807294993
9408721.114813702
8171217.394741586
7374677.802734375
4811394.355887252
5043095.523913574
4195224.415928767
4274427.837139423
4501704.205408654
4335854.520192307
5737961.665865385
11263745.184014423
6590737.058834135
4221890.386566514
4222196.8423922025
8490986.352103366
6504737.069415283
7610261.273001803
4749776.153151292
6162394.090594952
5389613.496022386
4711529.88012132
6544710.682179143
5455883.5452794
7150375.259282273
8606228.058056641
5710380.362357272
5817510.066154597
4574959.2618671125
5703004.333308059
5480834.983120493
5009064.472490986
5396925.474121094
5637769.834517729
5041373.592622258
7611246.052929687
5189431.227510995
5754347.978928786
6963881.841225961
8518313.46875
6874686.678846153
5312889.114423077
7415951.179146634
7076128.54984976
6831460.580258883
9326747.237559156
6540373.753635817
4013988.949509371
7169806.77600661
6273775.030529316
7285740.496553862
5269508.517162616
4379838.082932692
10096145.998204628
7851575.182955698
8240714.555874399
6310906.10299354
6154947.623737042
7612664.47874747
5381117.579285607
4685401.771537429
6742886.614444674
5590382.363078426
4986314.0528094955
5473569.2646446815
3707412.863942308
4769337.183173077
7317020.473978366
8948540.464107573
6915847.872115385
12961235.301622596
8286673.579263511
3981495.2499906393
5778200.630484713
6392456.45518705
4808018.449093862
7835532.532234075
7029114.060381611
6923022.870380108
6841823.54816472
6201686.197085337
7431499.226451698
6751716.45798152
6621488.369583834
8132054.566947116
11368619.88247446
6309953.19851262
7224997.004017052
7214153.8154296875
5203200.1923828125
3835097.3903592625
5348800.527403846
6473252.186132813
12961138.65016996
6988250.551893028
6535197.522385817
6217266.380288461
7413209.147115384
5974523.766346154
5061742.964753605
3336667.6868088944
6493564.983342097
6583816.135447341
4167878.288782677
11404842.610440768
10246768.755002536
4357958.962109229
9967579.9424692
4580272.811790114
4787546.841906797
5552222.27437885
5269383.200315505
8092669.59294997
9086454.5613131
6906289.231529823
7780508.51312162
7874003.15078125
7384092.916184645
5512721.196545351
5874063.688521635
3131614.4485924356
3907664.8563942104
3673087.688720703
4174217.781730769
3629325.4442307693
3773945.5783653846
3620521.766826923
3342992.548076923
7857352.061057692
11837410.342307692
4008609.293988976
3899263.4989539515
5294862.164580829
4588214.029618952
3655688.5727989785
3819011.4164874735
7181117.881208684
3049313.2088003308
6830108.468067815
8057969.122353891
2658116.913251202
3291647.8067814754
3481034.829221755
6649221.212860577
8425215.708472619
6953147.19285161
9697901.285630506
6015769.202948409
8152808.314521672
5491282.477719351
4436666.534335562
5015670.871026142
5199738.778545673
4234377.8559598485
6079197.173961463
5064745.372877855
5490841.451850774
11303905.463641826
5939658.38203125
7089458.024759616
6218522.899519231
6170558.711057693
4316918.547115385
7289578.991466346
7276763.264317908
5017604.793014292
4919775.294604492
6877402.042621319
5265435.364486929
3692192.6765554575
4281765.256396485
5051037.304679988
5509782.796153846
4591747.012796725
9005476.84984976
6815349.009833233
7791390.911660532
7294896.7471752465
7864570.782286659
9491879.450097656
7101515.5006760815
4915956.4146436835
4568005.0216606725
6922184.432460257
9705239.834604116
10868606.11484375
10537531.047115386
10240825.50576923
4626106.277986027
6877601.920117187
2909646.956634991
4292303.187690852
3046944.235193223
9376011.30069134
11174071.032722356
11152190.78125
10128080.42001202
4968634.804266827
10695871.817127405
5869217.005479313
3664789.8368164063
3740695.0423790566
2951246.629833984
9396171.677599158
3334614.139879432
6357432.672814002
4423920.474951172
6273932.916194974
5604680.005134465
3475811.4067683294
4779077.063146033
8037487.247105994
7391663.674446458
10401344.736201359
5830146.296510667
6492783.308916767
5035159.990824069
9589571.677792124
3022538.5517326356
6446367.927665006
3979878.50223107
4156584.5530188926
4257690.296754631
10763238.831144832
6077455.733015325
6239926.581490384
3617617.683233173
1962167.1010817308
2443078.8081730767
5573007.153605769
6682957.670282452
5824963.570673077
5672015.672673621
5889606.037101863
4628916.742543382
11417423.969565054
4960038.261065205
3477373.542247596
4045106.358911133
4596361.304353215
3870911.658482948
6698048.592548077
6210977.250932429
4862083.4574068505
5540019.051810397
3710583.9409799427
6761983.829274339
6284078.481550951
4898829.601592548
2465010.100335224
6863081.194350477
6462121.558503605
5334558.829884397
5236581.823251577
4236390.489310397
6120292.815238131
6473733.51848614
10297982.595851487
11285749.66033654
11262243.971634615
11082458.282091346
9604219.57966649
5983227.730231769
2657045.978816106
4356928.4225510815
5007876.259900841
4220523.5789724495
7538272.70180664
7477405.452063927
4432225.354263071
7159593.208360878
6131944.501063258
9305463.458653847
10318383.136868991
5300717.218642954
6855523.293088943
4475405.611268029
4962635.377174025
6796820.4485426685
4525727.1967782825
3819870.950814115
4708553.33165471
4063568.0093617365
5700189.527779447
6422005.866706731
5355206.61875
5611061.222115384
6376104.66875
7012736.963942308
4511976.149618765
5096974.46023184
2434175.7422608593
5690545.003271014
5300320.299748347
4232104.18105011
3225450.152693059
