1.0597098923753947
0.32405673768371346
0.1885176443029195
0.13329984972951933
0.09766153830569238
0.07915807047393172
0.06949871293036267
0.05846550015849061
0.04514498835778795
0.029478948497853708
0.029762048678821883
0.023802032104867976
0.026101762184407563
0.020516909593425225
0.019723740201152397
0.02060538736259332
0.02005360505572753
0.0160477563214954
0.016495599681002206
0.013199274762155256
0.013126921356160892
0.012380657887115376
0.00847445480285387
0.009715867310660542
0.009082762726029614
0.01061965191438503
0.011021569931472186
0.0081019350218412
0.008228846987185534
0.007494004426916945
0.007231213260456571
0.007008498557115672
0.00846662077237852
0.007277059547413955
0.008536172647654893
0.0072497945020586485
0.007291042392898817
0.006256979669160501
0.006694648009943194
0.006901132814891753
0.006382141689027776
0.0069675981707405295
0.0060303762802504934
0.006722806738434883
0.006456792139942991
0.006100002617131395
0.006150440941019042
0.006296608659067715
0.006627832557205693
0.006492244661785662
0.005960845364825218
0.005959909060038626
0.006733364730825997
0.005994186685711611
0.00591426930968737
0.007473802791355411
0.005952424803035683
0.005927664528280729
0.006275891371660691
0.005533654688770184
0.0065766924813942754
0.006121980776515557
0.005940990601629892
0.005587181574264832
0.005647669379868603
0.005600464085182466
0.00577605363469047
0.005577781305510144
0.007402456758427434
0.005806805738939147
0.005464034035321674
0.005743161741156655
0.005861594051748398
0.005642073806211556
0.005647480104198621
0.005758731708920095
0.005733452521235449
0.005691147797006124
0.0055460389357904205
0.005771360713697504
0.005385738826953456
0.005993158318233327
0.005525856479289359
0.005560090608014434
0.005619005964399548
0.005959811952197924
0.005788770011895395
0.005352497932472033
0.005707747367159755
0.005542340784631961
0.005514200398647517
0.005481440401126747
0.006032340563069738
0.006312587072716269
0.005482007021419122
0.006054882582247956
0.005752407390718872
0.0055751077621607695
0.006084564279444748
0.005634333845409856
0.0053284661251382206
0.00651093261076312
0.0057179002054908775
0.005910947812753875
0.005823194299591705
0.005808403496121173
0.00556769707291096
0.006120583898700715
0.005314346661270975
0.0059408894827356565
0.006007761910223053
0.005545087363589119
0.005612012758774654
0.006046279045403935
0.00547773309481272
0.006308046710910275
0.005822566816459584
0.005556013000568782
0.005138776349394902
0.0053361865464466975
0.0063757145995623436
0.005863012984718807
0.005985777535897796
0.0054014927161915695
0.00532634838946251
0.005430799484201998
0.005670066329548718
0.005309639263396093
0.005504252290120348
0.005563120158694801
0.005301565176341683
0.006653057902985893
0.005494179852939851
0.006108181526542467
0.005024617975050205
0.0057175752048351566
0.005660527186591935
0.006115710830817989
0.005914687072072411
0.006733976065061142
0.0068485399904602675
0.006067016658016655
0.005754630075443856
0.0057027135705538965
0.005529569861027994
0.005699226877004549
0.005544712241407979
0.006975119029448251
0.0058857376783635115
0.005899757370025327
0.006322218208333652
0.007203197069611633
0.0067421668347378725
0.006041905674010195
0.006077541183367429
0.006381352913376759
0.00684727671859946
0.005938950656491216
0.005742932854445826
0.005433292388443078
0.0054158403096153055
0.006114030704611651
0.006860552961916256
0.005677577022015612
0.005392653307353612
0.005278127282144851
0.00638310403428477
0.005414910794297611
0.005408099942633271
0.005662592601038341
0.005384549318114296
0.005316212747584359
0.0058934324259098505
0.005062382899268414
0.005873966442595702
0.005328028402072959
0.004971665830271377
0.006461507277799683
0.005115823516371165
0.005440107177219033
0.0065626699964013826
0.005841268960011803
0.0054661599677274355
0.0060580898875741696
0.005152769913638622
0.00503202798363418
0.004889208238364517
0.0054788757934147725
0.005192695623190957
0.005009258029804187
0.0049844747475617625
0.0049583275513214176
0.005259024940733071
0.005059834619351023
0.004873283518645621
0.004805937590481335
0.00546063633482845
0.005042514678007137
0.00515085264123627
0.004924636784562608
0.004981502445752994
0.004760876727414143
0.004662836080206035
0.004766064565319539
0.004554096086849313
0.004676234667203971
0.004600025711988564
0.004844112167756975
0.004648615695441549
0.0049877808411110894
0.004598326001269015
0.004611504333388439
0.004681384339892247
0.004709378409825149
0.0046930713947404
0.004654794738144119
0.004657000953284296
0.004617557741585188
0.00446061647926399
0.00463854437275586
0.0045033091426830655
0.004523119454734115
0.0055332701465886204
0.00453389897429588
0.004604655198181718
0.00446984528257417
0.004525702711362101
0.004504171566532022
0.0043986735025100645
0.0049871177015120335
0.004677039795842575
0.004702666040793701
0.00438742387068487
0.004548000328304625
0.004648810249091184
0.00449079793988858
0.00448288595739541
0.00444957857243935
0.004469086116159815
0.004668783954821265
0.0045262232150889755
0.004550544638186693
0.004605726777299424
0.004595341778122019
0.004638448131663609
0.004605249863516292
0.004589233774913737
0.00448936489051448
0.004451742858645957
0.004814699341659434
0.004557447767729173
0.004458236915434099
0.004564708896850789
0.004387708974991256
0.0045677859367060595
0.004260411094310257
0.004356514990331561
0.00462214698727621
0.004391800565144877
0.004334647274163217
0.004476017602019056
0.004566097108272516
0.004371051850012009
0.004637016204378596
0.004537393649025034
0.0043118270087234125
0.004425809831263905
0.004340013950968569
0.004449191505773342
0.004360867826881077
0.004496240956632392
0.004365371522681016
0.0044665614708719655
0.004406244606161636
0.004446768125762901
0.0044651025651091915
0.004274846329826687
0.004403712474640997
0.004431733407000138
0.004422907754587868
0.004389366158829944
0.004370030184054486
0.004494906649233599
0.004374442147354785
0.004321447274014645
0.004635790445900056
0.004437690457052668
0.004360717391955404
0.00444340137933068
0.00437696029516701
0.004506420942379919
0.004405738133527848
0.00439913924647044
0.004246555833333332
0.004406136750185396
0.004320902811332417
0.004377889516263167
0.004333849308522986
0.004311375785846394
0.004317229575735837
0.00436750431153996
0.004266769665628089
0.00430440801083023
0.004299709783208527
0.004377012497934629
0.004259004474988615
0.004203063109935101
0.004483785909815197
0.004244210220804234
0.004309709609560741
0.004364416579437602
0.004314644513806342
0.004291439904000072
0.0043040251864567836
0.004331525951829463
0.004296351400262211
0.004302086917186898
0.004442521454939197
0.0041926395626887825
0.004441874965505121
0.004297740765514391
0.0042495832564782175
0.004235396421017867
0.004249807665928529
0.004549965705791692
0.004271773854998173
0.004344965074915308
0.004289891433472803
0.005364879186890903
0.004209707234167581
0.0042417166213454035
0.004230920157669971
0.004199853810496279
0.0042063055340804565
0.004274861987187251
0.004166693187698911
0.004269994545302325
0.004259810734538405
0.004236913385693697
0.004258381010367884
0.0042289032487133225
0.004220443533131402
0.004220088364445473
0.004232060601361809
0.004225846425379131
0.004379894989915556
0.004375209991167139
0.004225987193331093
0.00422098639169235
0.00426870914252504
0.00415119761423739
0.004237603062028939
0.004222887143168918
0.004195267949944537
0.004288263441685558
0.004184076450064822
0.004197272921010154
0.004315788521307695
0.004251772880752469
0.004335796016539462
0.004081318016324076
0.0042582823099564845
0.005244760679352112
0.004200841232159291
0.0042044606973831835
0.004217820103303893
0.004153031250825734
0.004260633011563186
0.004134583580162143
0.0041524195366946515
0.004296524200572094
0.0042229936516378075
0.00414791099778995
0.004145711411320007
0.004179542164683881
0.0041444204817707945
0.00423660940668924
0.004200591257904307
0.0042065316391472155
0.004133461345190881
0.004246311592896746
0.004209605753931101
0.004148480497315176
0.004164995832252316
0.004135765185355922
0.0042265497886546655
0.004157462769808262
0.004277999300393276
0.004142838269126514
0.004221177295448797
0.004188703308409458
0.004236609752751974
0.0042197311383006305
0.004081257591087706
0.004272199340312
0.004159639532053916
0.004237378097104738
0.004054551361059566
0.004364320524291543
0.004141660647792378
0.00419990891496127
0.004179890185878321
0.004234559868746146
0.004132337812870901
0.004201109538871606
0.004170616822693774
0.0041657174849660805
0.0041772671360831735
0.004427847778879368
0.00415190960225118
0.004070787718001156
0.004034755887778374
0.0041712245741564406
0.004142514634077088
0.004080204549518384
0.004115510909241493
0.004070954348162559
0.0042509180153501806
0.004086807391286129
0.00415657709709194
0.004141461536346469
0.00406313487828811
0.004056938843996249
0.004090233030910895
0.0041237006405026476
0.004228030083731937
0.004071588902979784
0.004069416245829416
0.004118666748217948
0.0040623929224238966
0.004114070977175288
0.004101486728177406
0.004064802307721038
0.004107648474791859
0.003974656114723985
0.0041806063706644634
0.003982938138824466
0.004214033930929872
0.0039900323020447106
0.0041392452055333704
0.0040838100119344745
0.004088772612203684
0.004100770891909633
0.004044347422768624
0.004206390870604082
0.0041222527350782915
0.004130814508062031
0.004019576365863031
0.004030762577895075
0.004062047094976151
0.004016450328799692
0.004104616572385566
0.004184354229164455
0.004024868014357708
0.004031496498737397
0.004089650678679391
0.004048492880428967
0.004131099742107835
0.004054860390670001
0.003988554344050499
0.004068493693057462
0.004097823612710272
0.00411043805220288
0.0041082589258621734
0.004024484774254234
0.004102738386472992
0.0040268612207910335
0.004063626259335251
0.00408404170589165
0.004046202169320168
0.0052634740881785545
0.005593096199390857
0.00411484344681412
0.004075068040765473
0.003922477530795732
0.004048497628627956
0.004055301956327639
0.004062461755756886
0.003971542346198476
0.004095641963158414
0.004016440274745037
0.004088377503421725
0.004076629569181023
0.004046395905925237
0.0041344262576785695
0.003993913670092298
0.004104002132908136
0.0040101390851305044
0.004054203958639846
0.004034382869758701
0.00416965877484472
0.004009907047930028
0.004037917256891887
0.004073178746057238
0.004013072364432446
0.004049649148555545
0.00409046005233904
0.004053567222945276
0.003987144098846329
0.004024149887300155
0.00405084202125181
0.004063194688660588
0.004041422557747865
0.004057970776852926
0.004058765102263351
0.004012360996830467
0.004060279336044914
0.00405352737807334
0.004113606325972796
0.0040772472015305535
0.004067607061097078
0.00403896268508106
0.003969790607743562
0.004060377337100363
0.004111805912043564
0.003981743998565435
0.003986792575733489
0.004043868562575881
0.004086662005920516
0.003975327261332495
0.0040641399586547776
0.004004587236795487
0.004063652147942775
0.0039317889428730265
0.004116542541942181
0.003963504736520918
0.003962476599463116
0.004054454098422866
0.004104515087419713
0.00405176720810232
0.004013171862789022
0.004069815183652281
0.0063836059438472145
0.003954711926235177
0.003906775289169673
0.004045017665885098
0.0039001964777526156
0.004030030087665182
0.004179458716771478
0.00395738751076351
0.004049191884087122
0.003982201010194331
0.00401444192202689
0.004061471789555071
0.00405713766081135
0.004041457609673671
0.004069341003651061
0.004031558517863232
0.003986638672949993
0.004019485915068799
0.004042257444689312
0.003992494263366097
0.004019233483677454
0.004032964446787446
0.004060045281039493
0.003995604568399358
0.004095554932200684
0.003923450582669829
0.003998734039259944
0.004025221931215128
0.004035494134723194
0.003998244128615625
0.0040366603062921055
0.004003475851504845
0.004055595950649149
0.0039301283215536385
0.004080980675462342
0.003983926763612544
0.003980097979865605
0.004068248272142227
0.003939563770518362
0.004017638312870986
0.003971559377168888
0.004022303383317194
0.004021096431142723
0.00394853309667269
0.0039923366376569906
0.004014857954621221
0.004059106177055583
0.003973419704379921
0.0040272674065818135
0.003931081217115206
0.004082531097810716
0.004011221955806832
0.0040266747201258115
0.004030639081383925
0.005463140228630437
0.0040387235502294064
0.003937427246683001
0.003999182914276389
0.003943859112632708
0.004107245571503881
0.003994283972861013
0.0039887699242626695
0.004020992579171434
0.004040191994226916
0.003991791918133458
0.004047770981696885
0.004022001111798091
0.004031013654730487
