-0.0014655655839146565
-0.0016930909270255136
-0.0017154325016705974
-0.0019700292516935365
-0.0016856330218738863
-0.0016292258037305357
-0.0018043350281212011
-0.001772584866557625
-0.0015682743762351291
-0.0016346250445852316
-0.0016274181476131188
-0.0016376975591850084
-0.0016127424262146971
-0.0016052394574535577
-0.0015203411080651763
-0.0015351652356945412
-0.0016012343674611962
-0.001536239678256144
-0.001556260049213165
-0.0014720080355681703
-0.0013425193505201619
-0.0014069850768781255
-0.0013126427477566816
-0.0013698234104608687
-0.0012522122819257876
-0.0012927996339738303
-0.0015617085271052253
-0.001076152094523944
-0.0011282399664891848
-0.0012092368363544603
-0.0010197978068587604
-0.0011232904012504152
-0.0011071072326665251
-0.0010438869151601984
-0.0010275796328251224
-0.0010182003244152131
-0.0010078932219051006
-0.0008099931300950193
-0.0008380105144170154
-0.0007097252315006894
-0.0009272836276160767
-0.0007739098620336071
-0.0007612976618493295
-0.0008010901601704704
-0.0007157763289462118
-0.0008254372314912075
-0.0007467904472918841
-0.000787496372393287
-0.0007055838208057531
-0.0007747639993619132
-0.0007749749867352503
-0.0006731929158888206
-0.0006735780341821606
-0.0006293121053249445
-0.0007517789342761816
-0.000669522573678611
-0.0006863781122792567
-0.000675810216872505
-0.0007091888137621446
-0.0006465898058140726
-0.0005978861648527178
-0.0006841297722714982
-0.0007752325085651115
-0.0007255976087591446
-0.0006765692388842236
-0.0007014854853111014
-0.0006293038902665946
-0.0006217007237731019
-0.000631048956992658
-0.0006243237987214184
-0.0007191617968429275
-0.0006354167674763579
-0.0007076809834727724
-0.0007395783383326176
-0.0007132941370718654
-0.0006733529003035852
-0.0008274781353756145
-0.0006623431042693512
-0.0006413089948691088
-0.0007179919973472366
-0.0007538241738985596
-0.0005878827998289194
-0.0006850408608575257
-0.0006848386736260405
-0.0007106512776906767
-0.0006693127980495657
-0.0005728671371220869
-0.0007003465054907565
-0.0007162309225836668
-0.00058220684761525
-0.0006538467743696534
-0.0006536269025372817
-0.0006547771010986983
-0.0006432173156143542
-0.0005605270156615313
-0.0006187464513196517
-0.0005530321308205285
-0.0006059296103543526
-0.0006376780697681563
-0.0006275518778468478
-0.0005081811507556197
-0.0006239314397028288
-0.0006678950240341704
-0.0005424293526673181
-0.0007116763896260596
-0.00066513579902302
-0.0006439164546324507
-0.0005089939656321089
-0.0006272003571975368
-0.0005671176941044493
-0.0007527185653509828
-0.0007178087074250592
-0.0007106345345388686
-0.0007249646835385995
-0.0007240967644452839
-0.000635036495901517
-0.0006865816058551688
-0.0006524116122587278
-0.0006265619368145944
-0.0007496715498895273
-0.0005848580373850841
-0.0006361556949023301
-0.000639901874390824
-0.0005108044924014142
-0.0006938324065490241
-0.0005565490888608117
-0.0006047026083449274
-0.000587614360692943
-0.0006782073703010559
-0.0006683918431039125
-0.0006684184520276331
-0.0006650440472875795
-0.0005962510199468668
-0.000581814178485729
-0.0005377977108087673
-0.0006819686112240261
-0.0007520268751028986
-0.0005913376995689305
-0.0005519117231296625
-0.000686140894234246
-0.0005989580379050008
-0.0006228641131667309
-0.00064166777550144
-0.0006106969114471859
-0.0006237394921185885
-0.0006041151841250161
-0.0006561127527597521
-0.0007724127797793936
-0.0006061850506186448
-0.0007559538252839421
-0.0005900152191145342
-0.0006090488844569374
-0.0006177043166653587
-0.000627408213196209
-0.0006728649847410464
-0.0006368834708293181
-0.0005281707217267416
-0.00048368046909401385
-0.000589632522590422
-0.0006054095467360853
-0.0005917967931856234
-0.0006377698037263767
-0.0007917835445582277
-0.0006968813852149495
-0.0007966974201525145
-0.0007364786570593624
-0.0006205315707350098
-0.0006780493746402806
-0.000565424058824671
-0.0006131551817549475
-0.0006944522288075957
-0.000628800182594484
-0.0006745063667929326
-0.0006117889140909794
-0.0005944078259479485
-0.0006691246647887201
-0.000592324159854378
-0.0005798611195884089
-0.0006339846729001723
-0.0005905219203489367
-0.0007038490154066115
-0.0006943133361397222
-0.000823866713466645
-0.0006001893059273573
-0.0007585986781119102
-0.00052181543858104
-0.0005754609296289799
-0.0006380503615424415
-0.0005601382754566969
-0.0005276122623020414
-0.0006307017860073059
-0.0004999462508584178
-0.0006005710827143837
-0.0006160425388857443
-0.0005518831227625583
-0.0006083090514728939
-0.0006141570977402056
-0.00048330106920637663
-0.0006386828505371769
-0.0005847397345035976
-0.0005371936108087884
-0.0007496175883210243
-0.0006545876525431932
-0.0005728763789076337
-0.0005971374407734029
-0.0006452986817209822
-0.0005313098964055071
-0.0006969436694241951
-0.0005614564147266972
-0.0006075696638939846
-0.0005853769642809481
-0.0006194654108142988
-0.0005604589698529724
-0.0006163693779065365
-0.0005413994517542229
-0.00045451701892068006
-0.0005555430192890496
-0.0005466357203267102
-0.0006264581078122033
-0.0005184944158450208
-0.0005940589718124265
-0.0005323258175578674
-0.0005637337608087043
-0.0005943609174212467
-0.0005662892836627006
-0.0005812709663058403
-0.0005647447284318673
-0.0005963446197654043
-0.0006191328478022367
-0.0005640513913043009
-0.0005837596348862902
-0.0006049668619320263
-0.000749037488008679
-0.00047855441358588826
-0.0005312587556013788
-0.0005795745424396132
-0.0005389664356773977
-0.0005979143078803228
-0.0006635971939527613
-0.0006546176479590244
-0.000521380678747034
-0.0005491335778093315
-0.0004954235281365699
-0.000609848349142305
-0.0004937069842269687
-0.0005537567544659028
-0.0006206955426234222
-0.00046814818831049306
-0.000584690840763015
-0.0005876286639065143
-0.0005991237169023026
-0.0005607232902390243
-0.0006231418947119028
-0.0007612150970478417
-0.000560773876288357
-0.0004502031684103111
-0.0006511669734102082
-0.0006421426524760937
-0.0005328781026849941
-0.0004844755806714451
-0.0005291091846118176
-0.0006621514039894131
-0.00045549201695394405
-0.0006787262114403457
-0.0005692567691889687
-0.0005096012990865331
-0.0006052012061776163
-0.0005733815664233255
-0.00062334275458127
-0.0005306725977378204
-0.0005454987750463741
-0.0006082248928201666
-0.0005447818653667918
-0.0005876357080002725
-0.0006405501203683043
-0.0006119089679834379
-0.0006279565263022233
-0.0005486409063977214
-0.0005135304817019071
-0.0006295044041913177
-0.0005832449888211827
-0.0006251037733099329
-0.0004980498997875233
-0.0005527940930400828
-0.000591050732172789
-0.0005799240684006224
-0.0004912776914334866
-0.0006136167137718643
-0.0005533421177954058
-0.0005121584032501773
-0.0005967658657284878
-0.0004624581580196799
-0.0005790172228225067
-0.0005275603782510477
-0.0004994835188368485
-0.0006787377706403668
-0.0005211238444032144
-0.0005373230335392707
-0.0005651864738685092
-0.000597402830299025
-0.0005185734733476513
-0.000589987046507303
-0.000600232576387099
-0.0005630447615318557
-0.0006874532089693769
-0.000545979814474598
-0.0005428406104857266
-0.0005216081786875238
-0.0005623514475157958
-0.0004560965408185069
-0.000493520217996466
-0.0005728638234871241
-0.0004558971690632227
-0.0004661022433300905
-0.0004301922622892928
-0.0006173617341917591
-0.0006199801679263352
-0.0006537438436149637
-0.0005851379655929668
-0.0005368072726475659
-0.0005915005717486221
-0.0004706143825917927
-0.0005155090616440026
-0.00042956601178994536
-0.00045999820057653697
-0.0005568295198356797
-0.0005628645689658738
-0.0005536639563632359
-0.0006953787887691822
-0.0005151595604598883
-0.000563412783877746
-0.0005256992255092347
-0.0006342313662044845
-0.00042604035077146855
-0.0005612817451936071
-0.0005061131233129679
-0.000549051201429139
-0.00040880460797824357
-0.0005212891392801907
-0.00045767331604538097
-0.0004712972338900695
-0.0006220650562243884
-0.0004972745360541549
-0.0005583264933439753
-0.0005408795002933786
-0.0005097381930001671
-0.0005108673145398687
-0.0004887820249056963
-0.0005279124098293347
-0.0004482374616873033
-0.00045187833417886054
-0.0005788355384297422
-0.0005446029222375345
-0.0004948486244459094
-0.0005338665210662917
-0.000564575539228899
-0.0005521772187130465
-0.0004836887253911272
-0.00048672874478153106
-0.0004782080906525623
-0.000511758746144304
-0.0004412450534677377
-0.000623516830992274
-0.0004408215100800084
-0.0005303505739860395
-0.0004293257413996998
-0.000587134040158796
-0.0005365862468042631
-0.0006151723078193338
-0.00047138187697571
-0.0005006417863464193
-0.0005783555068488988
-0.0005454345223583207
-0.00047950539715271856
-0.0005139296188848723
-0.0005932979734124072
-0.0005261153069049292
-0.0005845462337523491
-0.0004835201201071268
-0.0005748507140129741
-0.0005394889241328875
-0.0005432236094474018
-0.00048283540504257054
-0.0005231539909723844
-0.0004917051696193317
-0.0004212973646821232
-0.0005162420443197473
-0.00044026071594453905
-0.000500014938651748
-0.0004534790344749171
-0.00039344473606638954
-0.0005238087282470278
-0.0003586168322138032
-0.0004354974314648527
-0.0004778608001322496
-0.0004538846552101461
-0.00047926165698457745
-0.0005268988077310237
-0.0005228124393579725
-0.0004451411049050705
-0.0005543019934373192
-0.0004815110853543185
-0.0005948200886317191
-0.000512695591745721
-0.0004753908475354007
-0.0006328240694817355
-0.0005083206478427082
-0.0005396688682449988
-0.0004573230350013724
-0.0004888025652899558
-0.0005601989408395097
-0.0004515485209900555
-0.0004876486369256222
-0.0004923097553409583
-0.0005287640582628242
-0.00047455013556202077
-0.0005997854398074904
-0.000516464798689615
-0.0004726575748389898
-0.00046471563252519085
-0.0004777522766044796
-0.00040256482576100596
-0.00040919409524550407
-0.0004599957280667162
-0.0005110907863316874
-0.0005180944608944776
-0.0004987286938457312
-0.0004999872081107734
-0.00045214993708047463
-0.0005493278517487006
-0.000579221977585443
-0.00044701533038217186
-0.0005567082195151958
-0.00040392939312672917
-0.0005040490416140543
-0.0004219364922252333
-0.00040951174525380717
-0.000514599519301551
-0.00046294284333610184
-0.00043530885202349193
-0.0005252427489285075
-0.0004479017169318894
-0.0005066511079542417
-0.00043394143491628514
-0.00042997974247394825
-0.0005076462077943111
-0.0005600563397575451
-0.0004329918947792107
-0.0004681685832274594
-0.0005034685240293852
-0.0004481692771833884
-0.00044081470838065826
-0.0004321288186641736
-0.00045445908206224875
-0.0005058121173810444
-0.00042386559693725553
-0.00045093967148708835
-0.00048327772990091803
-0.0005057982264208227
-0.0004535503159428855
-0.0004786331245649611
-0.00046353010097663973
-0.0004446040024786282
-0.00035142498725770286
-0.0005190772368192875
-0.0004585742783392674
-0.0004236089885919267
-0.0005234753781661224
-0.0004516120456293949
-0.0005070371605654572
-0.0006289934731380342
-0.0006711885089621776
-0.00047791208774732345
-0.0004988111779614141
-0.00041073249294041393
-0.00047258986818391835
-0.0005424696837922252
-0.000516972856099802
-0.00045521243721933293
-0.00038262215650191505
-0.0004627561563546736
-0.0004693158705124566
-0.0005135361027079697
-0.000384972222966249
-0.0005076117233150526
-0.0004236392325336423
-0.0004954105496990045
-0.0004988478230282936
-0.0005373927424342006
-0.0005026746553792832
-0.00046740857122080893
-0.0004985483289046265
-0.00045616704248324977
-0.0004969578863351116
-0.0005493982343038647
-0.0005346742009949546
-0.0004650857015255281
-0.0004718352923819086
-0.0005263959267796242
-0.00048236635841912394
-0.0005126754793991391
-0.0005200825753834792
-0.00044198177230171665
-0.0004239248491052912
-0.00047360600536554135
-0.0004684872387300955
-0.0004624659329617184
-0.0005310899685995157
-0.00043022766916777576
-0.00043717769377944954
-0.0005579994132420843
-0.0004502032156936023
-0.0006197496570707901
-0.0004593807454305737
-0.0005480129977575542
-0.00046705914236728043
-0.0004939865533878429
-0.00031692903680808
-0.0004790664210457752
-0.00039773971129188345
-0.0003966432845786294
-0.0004540964076250178
-0.0005037189501973561
-0.0003822681567358174
-0.00045420417634319703
-0.0005075153800178465
-0.00041385808465975335
-0.00039803047168688043
-0.00042445555443407413
-0.00043742445214657447
-0.00037612361615201766
-0.0004438573230178842
-0.0007004939894985622
-0.00045054677194307014
-0.000489053324616269
-0.0004348740002501031
-0.0004625009870133992
-0.0005361094789019382
-0.000523175690627721
-0.00048185202263931816
-0.0005174403650027809
-0.000516593865302177
-0.00040995561741890283
-0.0004075051631607346
-0.0004125142660896863
-0.0003731086541296412
-0.00045257093490128997
-0.0003896590614792694
-0.00048701013654635155
-0.0004387618447223705
-0.0003867507737501309
-0.0004441372618718381
-0.0005123693671532446
-0.00038069522732498583
-0.0005054184550064525
-0.00043559191435422887
-0.00042678856650157394
-0.0004816007740810903
-0.00038423903302117914
-0.0003612116980887892
-0.0003908935942347182
-0.00045922019475845566
-0.0004462347836955767
-0.00046983606967574283
-0.00043112868184013304
-0.00047954694396038953
-0.0004622956215258746
-0.00038414884173051
-0.0004689679333087629
-0.00038390024333171194
-0.0004296582078569491
-0.00041498649185416905
-0.0003916434113807665
-0.0004574548304080023
-0.0005448505513579282
-0.00041724609574518426
-0.00046125053251874353
-0.0004874778763444977
-0.0004233704176550973
-0.0004881394235829582
-0.0003705193524270921
-0.0004782317926439607
-0.00046527206421767694
-0.00041956447960323564
-0.0005120129690546627
-0.0005724160818299181
-0.0006469734529173463
-0.0004760803253840647
-0.00048749960392555634
-0.0004992048749706262
-0.0004593035167433368
-0.0004190118977475302
-0.00048277699992875094
-0.0004946532132439924
-0.0004771313855755223
-0.0005044141676743095
-0.00045708925406933945
-0.0004368128265629
-0.00039177758041667663
-0.0003831692181651927
