1.0446120338048785
0.30883811179082843
0.17338755736127495
0.11802585886325687
0.08277612471138127
0.06443538825260475
0.05472495490685105
0.04384852761868387
0.03083345518389251
0.015201403260289226
0.015570791653590276
0.009695216569525655
0.012128540450066793
0.006665074689954054
0.006054351149941795
0.006982006219914183
0.006491967504553031
0.0026556308337603697
0.003185920735995751
5.078209505882114e-05
0.00017226559575647115
-0.0005730765522457659
-0.0043308528052875776
-0.003105152786883991
-0.00360868712014053
-0.002079060082905926
-0.0019340835948241874
-0.004339334581163712
-0.004228529811371118
-0.005042146651248913
-0.00512409980292432
-0.005462975529371761
-0.004008248735044617
-0.0051405455044005064
-0.003869075067632366
-0.005165271011355799
-0.005137299023044761
-0.005997917667264119
-0.005634542554616928
-0.005345144798047841
-0.006117631313099991
-0.005419251169951167
-0.0063800124393310394
-0.005765686189988628
-0.005991084899869747
-0.00650865598290693
-0.006411170655337628
-0.006351130262191873
-0.005969870214175899
-0.006217830408422742
-0.006813528553175274
-0.006761607679072768
-0.006018641083210241
-0.006772100573289208
-0.00706348582461942
-0.005462447152240202
-0.007056992933212314
-0.00712525231501786
-0.006869080699107144
-0.007617517033941113
-0.0065774977716500874
-0.00718551672907779
-0.007488004963670391
-0.007836403972760309
-0.0077722869827994145
-0.007895932059909683
-0.007693525968352333
-0.00792972193012247
-0.006141380088229198
-0.007758538358029909
-0.008244772344187367
-0.00792188576888293
-0.007898022135486826
-0.008181356448039879
-0.008166771368996706
-0.008022772253025324
-0.008227068514679558
-0.008124492366914638
-0.008271382778184488
-0.008127147222694475
-0.008547652387642301
-0.007778279769991059
-0.008372108555340674
-0.008357379207154736
-0.00832810665888246
-0.00795837548794225
-0.008050347361131572
-0.00861242421087809
-0.008284685162652749
-0.008334220877441113
-0.008444105078524444
-0.008477634593145923
-0.007921154088398908
-0.007630216462712269
-0.008405037768534384
-0.007901432814833242
-0.008151453649043105
-0.008390064573904964
-0.007920884150371421
-0.008351114341348876
-0.00854289159324253
-0.007476163435785566
-0.008311812161991838
-0.008004289816017262
-0.00826860420202138
-0.008238117459404748
-0.008438248210586608
-0.007738621374301147
-0.008656307644560001
-0.00798448509303853
-0.008097058304701931
-0.008533291854837444
-0.008466137510549743
-0.008055169477302115
-0.008622104684764053
-0.007694049310521223
-0.008224678646365646
-0.008472640339459759
-0.008860647484834772
-0.008784207193821203
-0.00757739238179056
-0.008139618998393416
-0.00801978313975269
-0.008478625564021059
-0.008733536898216699
-0.008486605217331088
-0.008297297383251134
-0.008635691094968933
-0.008544757759955246
-0.008493429124064278
-0.00876494488620665
-0.007411538087762892
-0.008503171740449034
-0.007868669141316786
-0.008905039327510167
-0.008353427948895842
-0.008477601515187417
-0.007851214002585039
-0.008002857747487723
-0.007317193502967711
-0.007111703178088647
-0.007913128404470626
-0.00823750253621256
-0.008249971899203956
-0.008437191012490075
-0.008250080453581176
-0.008465984373469838
-0.007152131162001751
-0.008082197257317602
-0.00821804214065196
-0.007625132839893922
-0.00676155875553377
-0.0072390635396004654
-0.007967120863031595
-0.00796954264951637
-0.007641481084283442
-0.0070652234484441575
-0.007931507831381168
-0.008233995566843077
-0.008548132254509256
-0.008560471577220596
-0.007904561707982793
-0.007337564812041819
-0.008432842009642626
-0.008823360412498005
-0.008870043742354028
-0.007650933590775821
-0.008681471105956007
-0.008579046324302907
-0.008358595010940916
-0.008714164192497265
-0.008709670713869855
-0.008170634518319276
-0.008951327679096722
-0.008130181167507545
-0.008762165642110631
-0.00903670770348981
-0.007534601839142852
-0.008937960231560283
-0.008553747086261864
-0.007530915935058146
-0.008239673203206621
-0.00872476100048516
-0.0079157681306242
-0.008989657097845338
-0.008874731195101048
-0.009069089252443518
-0.008551429539511445
-0.008750983685604296
-0.008893637551227584
-0.009030918973439838
-0.00893539349490311
-0.008735425585473421
-0.008954400566290132
-0.009073364465439226
-0.009209134078992065
-0.008550370755256154
-0.008845669055881444
-0.008889465661195573
-0.00906790633162018
-0.008972903397807385
-0.009396452072542161
-0.009388514237070923
-0.009206818144593853
-0.009450593737710733
-0.009375813631049824
-0.009336493235605304
-0.009230837126960979
-0.009273880856926552
-0.008983028950751759
-0.009338018846756313
-0.00935756294929888
-0.00923467614193214
-0.009262187467538752
-0.009206086814810988
-0.00915816091146553
-0.009254979228717274
-0.009278375246503856
-0.009509366679412778
-0.009215353991021403
-0.009434761431475636
-0.00936352480930509
-0.008399360413022805
-0.009428722113079857
-0.009325917997921351
-0.009477126658021006
-0.009422430719132536
-0.00948204779997468
-0.009598705093958415
-0.008954303454083856
-0.00928927379718516
-0.009269106826104689
-0.009726647939532995
-0.009306873343302869
-0.009269666371983476
-0.009489522936928552
-0.009452667005825787
-0.009550203454273288
-0.009586884002783336
-0.009379743380122818
-0.009397581969096791
-0.009399278747150675
-0.009281111118616537
-0.009383957169484347
-0.009217979690583888
-0.009308519266778604
-0.009392782018403522
-0.00933977768290788
-0.009492775073158554
-0.009125670736830216
-0.00940832891064929
-0.009475738390756305
-0.009421072145050858
-0.009747073231847026
-0.009360337221005465
-0.00955829223676119
-0.009673155142809264
-0.009393654596351553
-0.009511914037284441
-0.009522302882396616
-0.009426995938702021
-0.009475605805346277
-0.009466647668159568
-0.009419320516462904
-0.00940595056163147
-0.009572928106354083
-0.009565939450112637
-0.00962101899785921
-0.009553012206743006
-0.009545847201661673
-0.009438483319536317
-0.009642767360492143
-0.009468031700816937
-0.009567766495456454
-0.009584901412017644
-0.009529513838060666
-0.009735396741598379
-0.009532187200966291
-0.009446961031062528
-0.009576030856987928
-0.009575883224897552
-0.009625807112024631
-0.00937149435194442
-0.009555157508293633
-0.009651652965112589
-0.009316552647214848
-0.009424298215890303
-0.00963036563625792
-0.009491410729242488
-0.009515805836417712
-0.009471584612037986
-0.009422539446677546
-0.009530483352136798
-0.009642032909323462
-0.009460402205877471
-0.009733378101373091
-0.009511953142646235
-0.009572427019884344
-0.009622077057429124
-0.00966093118477147
-0.009538884887297172
-0.009710872553114314
-0.0096792629439733
-0.009638234018348157
-0.009677724946232046
-0.00964825240225764
-0.009717306628590449
-0.009413052133459133
-0.009689179804991
-0.009521894746285398
-0.00950538190372754
-0.009632793471973855
-0.009546870217309333
-0.009554560331162065
-0.009488770202733577
-0.009713352475955617
-0.009705652373668272
-0.009601819998351857
-0.009781231643864885
-0.0094794817166985
-0.009672217395564075
-0.009598812718468252
-0.009663354889198672
-0.009554885565012227
-0.009295173684949986
-0.009666178861516527
-0.009601716653560289
-0.009635455187526532
-0.008691603441548068
-0.009664614213397727
-0.009669143553765025
-0.009645729766634758
-0.009774168628791814
-0.009558268934779336
-0.009637766024388839
-0.009691007129731588
-0.00962659907672787
-0.00950434420374222
-0.009644524157920387
-0.00955480603442993
-0.009581020292534959
-0.009744333097478375
-0.009620212175650521
-0.00966673148504924
-0.009655184010625817
-0.009462020307546481
-0.009470998767938
-0.009589497932756786
-0.009639727148169186
-0.00951624989247648
-0.009639272265485489
-0.00968829496705439
-0.009657733399944846
-0.009628994467493612
-0.009579996555112302
-0.009709835120884237
-0.009672147377568763
-0.009481260062602814
-0.009548125982109922
-0.009449585995753296
-0.009733462572330608
-0.009486809762893244
-0.00866945009183837
-0.009524082846473903
-0.009625530787161551
-0.009513414246612228
-0.009744849221897311
-0.009582463058177382
-0.009782584614004008
-0.009621235854865517
-0.009501695715880488
-0.009672719535592478
-0.009719839169702028
-0.009665729239350185
-0.00967015374044422
-0.00978932242578594
-0.0096259569079848
-0.009714362231898121
-0.009608870556985494
-0.009766732566640712
-0.009626217854383867
-0.00966205466829706
-0.009660904994234443
-0.009673425774963107
-0.009668638570292386
-0.009508354708668777
-0.009672534726269078
-0.009490178436681162
-0.00969716077670455
-0.009563192861969582
-0.00953059703897452
-0.00961726049281424
-0.009466602239990607
-0.009688937666942366
-0.009545124122814741
-0.009630654643115123
-0.00958223809284391
-0.009820723744633142
-0.009509822842665017
-0.009673237038077787
-0.009731122404627968
-0.00968964550702367
-0.009731943103543018
-0.009749717135855462
-0.009643555885122623
-0.009811865746451076
-0.009699841737165116
-0.009703567290853244
-0.00935537623881828
-0.00968074364354834
-0.009840583526238334
-0.0097633454555762
-0.009672305053391029
-0.009692465711850673
-0.009787366825912613
-0.009706389873463195
-0.009890404164616484
-0.009630998079956044
-0.009735470173473005
-0.009665300967753865
-0.009703272480692249
-0.00969807563960785
-0.009702242937055416
-0.009737854634295218
-0.009759229161136317
-0.00964291169657372
-0.009783138756756671
-0.009796199573611376
-0.009708513136138209
-0.009858929314941634
-0.00982670674129622
-0.009711056789092254
-0.00985528829623945
-0.00965485177730443
-0.009883676550816744
-0.009600407604011707
-0.00978345772891771
-0.00965629847778473
-0.009823330285144038
-0.009640212076192256
-0.00977568226371659
-0.009693631720438134
-0.009737867559306324
-0.009720052900956944
-0.009561267058597878
-0.00972856815351406
-0.009776782359404023
-0.009763237863080577
-0.009785744734108448
-0.009781994399963878
-0.009771238104440272
-0.009681134251877666
-0.009582987545582
-0.009765097216586582
-0.009802036460314412
-0.009660033621184994
-0.009734426654176787
-0.009692937410727609
-0.009786861161410343
-0.009805537058855406
-0.00974846633616835
-0.00969168644369347
-0.009660443116445094
-0.009567308580153621
-0.009826167255232577
-0.009693924052407965
-0.00972954776516417
-0.009802154060162138
-0.00971669371938333
-0.009819962861365638
-0.008704572876740712
-0.008394409615721087
-0.009685546919354238
-0.009764925677154679
-0.009828343521803617
-0.009773986141954082
-0.009839042347448413
-0.009804043085023296
-0.00984043112694053
-0.009648359773564152
-0.009812645576312206
-0.009755068815138657
-0.009806734524318017
-0.009690685528039467
-0.009737254817446228
-0.009792181798547971
-0.009754576261912007
-0.009849252058484127
-0.009851936108316296
-0.00983324909611838
-0.009661460446659475
-0.009850828473281581
-0.009779234090819955
-0.009793122705013957
-0.009918360906885937
-0.009866605421120767
-0.009755948558449745
-0.009794978996796998
-0.00992219162726542
-0.00984182310930919
-0.00984616610367084
-0.009846704715164379
-0.009781892765022348
-0.009752673316688743
-0.00979540427797474
-0.009833275218261406
-0.009781650971854105
-0.00986293465248309
-0.009705929187475704
-0.00974526064528618
-0.00987057636375539
-0.009799806433147751
-0.010021782302646897
-0.009777149780711624
-0.009823408794181887
-0.009860272046353202
-0.00987617814244004
-0.009625476875226014
-0.009739106766937766
-0.009771370141243097
-0.009682174447516446
-0.009810828662011772
-0.009801406216865871
-0.00981251732155215
-0.009698088430741336
-0.009908202548103873
-0.009813780628610403
-0.009706997210741974
-0.009678244877432008
-0.009744589716137852
-0.00972262877621688
-0.009743187110871077
-0.007646426401333883
-0.009838827299245168
-0.00993371437798487
-0.009742976464622188
-0.009916516368684824
-0.009860796095745172
-0.009693166405486408
-0.009868008407647722
-0.009811905094829853
-0.009873990462801885
-0.009733491523365955
-0.009695885720429943
-0.009701301089080516
-0.00967781313083833
-0.009724873202503658
-0.009697739251714665
-0.00984133858437417
-0.009759449546982069
-0.009678528520453256
-0.009796928246214521
-0.009834339904773514
-0.009694194153416902
-0.009782317667850293
-0.009776039523421787
-0.009664391193655319
-0.009886347567953636
-0.009723190525255632
-0.00967078356188722
-0.009693024496664293
-0.00979254418052733
-0.00973485559807159
-0.009791438792308326
-0.009699633343552705
-0.009873122646240517
-0.009698655939428136
-0.009708287657122127
-0.009789284877479076
-0.00961250284453854
-0.009789459276362322
-0.009698151863995008
-0.009737940625927876
-0.0097578556422377
-0.009841477446025237
-0.009778854047181085
-0.00975978503265651
-0.009768767711648252
-0.009667030912532936
-0.009809866976866033
-0.009647838457021862
-0.009860363765619695
-0.009699102003651205
-0.009714595469995401
-0.009783293661894277
-0.009834827597660478
-0.008464989620551932
-0.009716932324226945
-0.009838307903555688
-0.009796303050825373
-0.00981918654870242
-0.009614778441027738
-0.009798163766390644
-0.009816527717339341
-0.009773240106005688
-0.009774385853961575
-0.00976957731472794
-0.00969599348027259
-0.009690392142510973
-0.009675054326362443
