-0.013632289806264453
-0.013525534930522554
-0.013414653870859184
-0.013303961808560416
-0.013199780503055081
-0.013093456637579947
-0.01296942305925768
-0.012844387587392703
-0.012743258773116394
-0.01264292013074737
-0.012563838908681646
-0.012469117966247723
-0.012360479167546146
-0.012246595439501106
-0.012149047915590927
-0.012088215863332152
-0.011960403181728908
-0.01185588578809984
-0.011753418881562538
-0.011676484646159224
-0.011612136458279566
-0.011546749365516007
-0.011492664861725644
-0.011451196705456823
-0.011439237595186568
-0.011405912385089322
-0.011393945015151985
-0.011365117502282373
-0.011329136847052723
-0.011326914269011468
-0.011335515236714855
-0.01134818367427215
-0.011367762289592066
-0.01137371814402286
-0.01137766806059517
-0.011396865182905457
-0.011420448179706
-0.011444904209929519
-0.011491180065786467
-0.011536552393226884
-0.011572489351965486
-0.011612939467886463
-0.01164909104409162
-0.011687402770621701
-0.011732100704102777
-0.011783221364021301
-0.011814821159350685
-0.011860242544207722
-0.011892118974355981
-0.011935311055276543
-0.01199939895013813
-0.01204832379007712
-0.012078427788219414
-0.012136975172325037
-0.012225976219633594
-0.01226672736229375
-0.01232303963333834
-0.01237710660789162
-0.012435783247929067
-0.012504581926623359
-0.012556304087047465
-0.012623367726337164
-0.012653763048001565
-0.012697987948195077
-0.012743387126829476
-0.012794910668162629
-0.012840275734197349
-0.012885802512755617
-0.01291278790740762
-0.012941020267317072
-0.012989644595654682
-0.0130296307237586
-0.013051935203839094
-0.013083851925330237
-0.01310095732624177
-0.013108151065534913
-0.013133042893605307
-0.013153297049575486
-0.013176112735527568
-0.01318051595299039
-0.013179567037150263
-0.013183555283467286
-0.01321292418288067
-0.013232631154824048
-0.013236461341148243
-0.01324887466034852
-0.013266250237938948
-0.01326457563554868
-0.013276201585540548
-0.013294354814570397
-0.013304458701168188
-0.01330544809170533
-0.013298717551515437
-0.01329958623391576
-0.013326517771929502
-0.013337568947463296
-0.013350828891270794
-0.013359242718433962
-0.013367770359036513
-0.013357896282104775
-0.013363176552229562
-0.013363164645852521
-0.013361817339318804
-0.013372808261192404
-0.013380122126545758
-0.013381385160028004
-0.013362028857227416
-0.013350211331271566
-0.013343453919515014
-0.013358256907667964
-0.013352101654163562
-0.01336057048465591
-0.013367515744175763
-0.013376483871252277
-0.013375740993069485
-0.013367059503798373
-0.013360663867206312
-0.013376241744845174
-0.013372861905372702
-0.013370722197578289
-0.013368248962797225
-0.013366476303781382
-0.013365658809198067
-0.01336931379919406
-0.013366052909987047
-0.01336085561197251
-0.013362661108840258
-0.013357716001337394
-0.01337080265802797
-0.013388157449662685
-0.013398091602721252
-0.013399551948532462
-0.013401100560440683
-0.01339503648050595
-0.0133918596082367
-0.013389034531428479
-0.013386101837386376
-0.01337558712111786
-0.013365633084322325
-0.013365028676344082
-0.013361285120481625
-0.013357280933996662
-0.013350464816903695
-0.013341988559113815
-0.013343021366745233
-0.013345192139968275
-0.013354583852924406
-0.013354837431688794
-0.013361749917385169
-0.013361845712643117
-0.013357335820910522
-0.01335570692899637
-0.013363526068860664
-0.013381618354469538
-0.013374218865646981
-0.013385950529482216
-0.01338432943157386
-0.013386778047424741
-0.01338729589479044
-0.013376015107496642
-0.013384515076177194
-0.013380822629551403
-0.013406334244064056
-0.013413537628366612
-0.013419316289946437
-0.01341169239312876
-0.013413506033248267
-0.013418332554283551
-0.013421722207567655
-0.013408032417646609
-0.013404261265532114
-0.01339708327432163
-0.01338956055988092
-0.01340192167845089
-0.013409739785129205
-0.013421069350442849
-0.013416049373336136
-0.01341624800406862
-0.013419799096300266
-0.013403332306188532
-0.013389736934914253
-0.01338662883208599
-0.013367054268019273
-0.013373668701387943
-0.013383828348014503
-0.01338494371448178
-0.013382836559321732
-0.013392254972131923
-0.013383541011717171
-0.013375283314962872
-0.01338469194015488
-0.01339377477124799
-0.013393879437353462
-0.013398192651220598
-0.013394764871918596
-0.013406762620434165
-0.01339684999838937
-0.013404882670147344
-0.013401635456830263
-0.013407803344307467
-0.013417212245985865
-0.013407711221952922
-0.013396762663614937
-0.013400006340816617
-0.013407552381977439
-0.01340674961102195
-0.01340520904341247
-0.013378005629056134
-0.013361040106974541
-0.01336324013536796
-0.01335096787661314
-0.013349601847585291
-0.013355601514922455
-0.013355196476913989
-0.013357758746133186
-0.01335843863489572
-0.013356437170295976
-0.013349297270178796
-0.013343525034724735
-0.01333540394261945
-0.013344011578010396
-0.013354318437632174
-0.013368896799511277
-0.013368260179413482
-0.01336428391514346
-0.013365700974827633
-0.013383388688089326
-0.013389874738641084
-0.013378245770581998
-0.013377369765657931
-0.013382553964038379
-0.013366806006524712
-0.013365034322487191
-0.01337631924834568
-0.013387217879062519
-0.01340074630570598
-0.013396586538874544
-0.013401867708307692
-0.013392372929956764
-0.013393909705337137
-0.013402424519881606
-0.013400689791887998
-0.01339141438365914
-0.01336945061921142
-0.013362720818258822
-0.013360012354678475
-0.013361320245894603
-0.013360994431423023
-0.01335982708260417
-0.013352741388371215
-0.013366652958211489
-0.01337325198110193
-0.013362639147089794
-0.0133735671028262
-0.013367349278996698
-0.013368500166689046
-0.013378503132844343
-0.013373658931232057
-0.013370836511603557
-0.013372474571224303
-0.013373904360923916
-0.013379551502293908
-0.013382207503309474
-0.013377610492170788
-0.013374087464762851
-0.013375153817469254
-0.013386548077687622
-0.013387651377706788
-0.013378860955708661
-0.013376042450545356
-0.013389225516584701
-0.013399914023466408
-0.013389811286469922
-0.013386375398840755
-0.013391119413427077
-0.01338270744890906
-0.013382286560954526
-0.013387258767033927
-0.013365163948037662
-0.013369434204651042
-0.013382004367304034
-0.013370733507326805
-0.013368351108510979
-0.013376805582083762
-0.013382049516076222
-0.013372419035295024
-0.013370710969320498
-0.01337746630597394
-0.013381469997693785
-0.013380607747239991
-0.013381239664158783
-0.01336581943614874
-0.013350605356390589
-0.01336102834029589
-0.013367055435082875
-0.013375543151050806
-0.013368718815036118
-0.01336895328713581
-0.013368266384350135
-0.013380757925915532
-0.013387815759051592
-0.013387655152473598
-0.013383438394521363
-0.013374899039627052
-0.013367284231935627
-0.013361277067451738
-0.013377529129502363
-0.013375229862867854
-0.013371038556215353
-0.013375507824821397
-0.013376278249779716
-0.013374574162298813
-0.013382412970531731
-0.013392483297502622
-0.013390103899291716
-0.013392342149745672
-0.013387759117176757
-0.013390597648685798
-0.01338873324857559
-0.013384549409965984
-0.013378457596991212
-0.013377781593590043
-0.013383242220152169
-0.013375127222388983
-0.013385141183971428
-0.01338112318480853
-0.013383817160502076
-0.01337168263271451
-0.013361103835632094
-0.013359161911648699
-0.013347447392879986
-0.013350950670428574
-0.013339791083126329
-0.013338534111971967
-0.013351346293347888
-0.013351587185752578
-0.013347542405244894
-0.013355350360507145
-0.013360148403444327
-0.013355513726128265
-0.01333862631872762
-0.01334271157393232
-0.01334302603499964
-0.013340465573128313
-0.013340150940348395
-0.013332177096162922
-0.013335341445053928
-0.013326703110942617
-0.01333280112594366
-0.013336721595260314
-0.013338591539650224
-0.01334706250927411
-0.013336017585243099
-0.013329413812607526
-0.013334393477998674
-0.013329336018068716
-0.013317243102937937
-0.013313359877793118
-0.01331317012954969
-0.013307173911016434
-0.013303021833417005
-0.01330384702887386
-0.013290693928138354
-0.013284102571196854
-0.013299640908371657
-0.013301908611902035
-0.013310746444039978
-0.013306509825633838
-0.01330199588846881
-0.013302273524459451
-0.013297578133642674
-0.013317357673076912
-0.013322315656114369
-0.013331935257883742
-0.01333576628821902
-0.013340444935602136
-0.013336451005307027
-0.013330407268949785
-0.01333188207645435
-0.01332534319953993
-0.013333040539873765
-0.013328436808660627
-0.01332655007718131
-0.01331526764552109
-0.013312698592199013
-0.013313607126474381
-0.013313755439594389
-0.013327917020069436
-0.013339984131744132
-0.013330891146324575
-0.013325855587027036
-0.013330061541637406
-0.01332771655288525
-0.013334697831305675
-0.01333946265222039
-0.013336409532348626
-0.013340354524552822
-0.013348376282374374
-0.013351330932346172
-0.01336975658487063
-0.013376729330047965
-0.013388024622690864
-0.01337168288009707
-0.013369359372882172
-0.013369274575961754
-0.013349658515653572
-0.013357238596654497
-0.013341165572637693
-0.013325900980271399
-0.0133438506629318
-0.013351172299007886
-0.013346552840084768
-0.013355880990275182
-0.013342670587007888
-0.01333880729507655
-0.013347350637195632
-0.013361573067959398
-0.01336545129888691
-0.013349619990913197
-0.013357162429019808
-0.013366981715080328
-0.013358645682455973
-0.013349987688707187
-0.013368091953452677
-0.013371839025057852
-0.013352847326314077
-0.013355998965562322
-0.013365628619794734
-0.01337502993119415
-0.013371994378394448
-0.013361555771552958
-0.013365528188296593
-0.0133633823832497
-0.01335857083904557
-0.013354283600347117
-0.013359077490167692
-0.01335688410908915
-0.013355732877971604
-0.013350419729249552
-0.013344148438773119
-0.01333424950717017
-0.013334502617362886
-0.013331987339188344
-0.013330458916607313
-0.013337678194511681
-0.013343174720648675
-0.013347540565882809
-0.013349822355667128
-0.013348338700598105
-0.01334057297790423
-0.013339519151486456
-0.013344936128123663
-0.013335212940000929
-0.013335506143630483
-0.013327720857341773
-0.013325818695011548
-0.013331979876966216
-0.013340759405400604
-0.013335923332488165
-0.01334054108010605
-0.01333832688687835
-0.013325979970977642
-0.013326277167652733
-0.013324142503552138
-0.01333157480112277
-0.013338088139425964
-0.013332799993804656
-0.013342304935213179
-0.013349123363150283
-0.013359127848525531
-0.013339053498930298
-0.013316317298449575
-0.013322478235932068
-0.013341182545991615
-0.013340088544646278
-0.01334989391034469
-0.013351874615182169
-0.01334953197510913
-0.013356761061004363
-0.013361379588604904
-0.01336632970487699
-0.013374130456941202
-0.013369827994029037
-0.013352109197876416
-0.01336406932095997
-0.013362456244067289
-0.013363167841453106
-0.013360543351154774
-0.013368747325148433
-0.01336495729337912
-0.013363710668636486
-0.013362187190796248
-0.01336098431784194
-0.013369343549129553
-0.013382035060203634
-0.01338158035359811
-0.013381322912755423
-0.013376710933516733
-0.013382939787697978
-0.013383606640854851
-0.013384332635905594
-0.01338981679000426
-0.013381333544384689
-0.013386719254776835
-0.013380563363898545
-0.013377148992731236
-0.013379464371246286
-0.013385372058837674
-0.013389307828037999
-0.013385330140590668
-0.013380184018751606
-0.013388565921923145
-0.013371823239140213
-0.013378146375180222
-0.013387201732257381
-0.013374956900952384
-0.013368984157568774
-0.013352416412089951
-0.013346702372655273
-0.013348957695416174
-0.01334967112634331
-0.013361319471732714
-0.013361339410766958
-0.013362038115155883
-0.013360426793224179
-0.013364191906293853
-0.013362399110337719
-0.013363420861423947
-0.013358304428402334
-0.013358932454138994
-0.013359677049447783
-0.013369144973694347
-0.013329538324614986
-0.013342992489924654
-0.01335143632895779
-0.013353120131068864
-0.013354211844853126
-0.01335471670026891
-0.013349449430825189
-0.013343543911469169
-0.01334365661314223
-0.013339597638696432
-0.013337977838818914
-0.013349852350074798
-0.013345924476743676
-0.013346162092057056
-0.013341643262538127
-0.013339638707111589
-0.013340967148542405
-0.013340173615142703
-0.013334035166190005
-0.01334528524603229
-0.013341204024618492
-0.013346463357447647
-0.013336944501497782
-0.013336052180966363
-0.013333157560555264
-0.01332819739182014
-0.013337685554870405
-0.013334793789545074
-0.013337625007261522
-0.013331568145076744
-0.01332528110651765
-0.013325078581692651
-0.013324100599857048
-0.013323704022332095
-0.01331734099658206
-0.013308065576711669
-0.01330041490145959
-0.013296850875485688
-0.013299364841077476
-0.013300803684978746
-0.013317856565117836
-0.013322704171878285
-0.013317723336513154
-0.013310141008696518
-0.013290871158824302
-0.013296147802611813
-0.013302766683045775
-0.013295147271128372
-0.013304586472804658
-0.013313213211949915
-0.013316361064789816
-0.013306252926122397
-0.013297955400776117
-0.013293050590436905
-0.01328115641954355
-0.01327957553730812
-0.013288235542131589
-0.013296281098155305
-0.013303742147400044
-0.013303012098185718
-0.01330967076937668
-0.013310644435114228
-0.013317101317807101
-0.013310163680580444
-0.013304279942531139
-0.013306951615959406
-0.013320615663542413
-0.013322898739716038
