-0.0001332162753290807
-0.0001325082715200738
-0.0001291862891939206
-0.00012232573797705417
-0.00011719462778180456
-0.000110972685014041
-0.0001052059171249708
-9.801988064562185e-05
-8.984439881691614e-05
-8.242419116401997e-05
-7.510337264438231e-05
-7.0355191508917e-05
-6.513503389074826e-05
-6.002012878292216e-05
-5.5801012077165816e-05
-5.180354150630032e-05
-4.91784750267517e-05
-4.5625088946857994e-05
-4.29376957188838e-05
-4.023946922433634e-05
-3.78879204874512e-05
-3.708178581944547e-05
-3.4240966264265945e-05
-3.340815573420304e-05
-3.236714468445056e-05
-3.099691273699789e-05
-2.9069742735233515e-05
-2.7381122615621186e-05
-2.6568486021297315e-05
-2.634231153560671e-05
-2.4828679782401126e-05
-2.338230291430731e-05
-2.1963747601078537e-05
-2.0279236513231763e-05
-2.1325567873785847e-05
-2.0169020755043347e-05
-2.1490367446229076e-05
-2.14759729528734e-05
-2.0450099299733457e-05
-2.2215972169830752e-05
-2.2858254483136804e-05
-2.1067306592251556e-05
-2.146757874587097e-05
-2.0174012584343124e-05
-1.8631717466632836e-05
-1.740529817023064e-05
-1.7153201840231374e-05
-1.5825871410831892e-05
-1.6535455758387868e-05
-1.6061902958123634e-05
-1.5802961472498e-05
-1.535806475611678e-05
-1.4804878819865198e-05
-1.4972103170480412e-05
-1.5648071633059327e-05
-1.4705817818302864e-05
-1.5438748381805058e-05
-1.5344205512053285e-05
-1.521049698800571e-05
-1.5621464789989823e-05
-1.5623221705213954e-05
-1.6289794840327558e-05
-1.6562761499162896e-05
-1.6135673174106228e-05
-1.5804165923327673e-05
-1.5466795626614326e-05
-1.545036042770311e-05
-1.5100396978176342e-05
-1.4844311651055857e-05
-1.546739231577167e-05
-1.597907357790973e-05
-1.5643534173320336e-05
-1.5467565679454053e-05
-1.514216317632534e-05
-1.5222684165704637e-05
-1.4891815240284463e-05
-1.5844526070652182e-05
-1.4566282698069698e-05
-1.4879004755549921e-05
-1.3792675548383835e-05
-1.3485769966045597e-05
-1.3503654129938998e-05
-1.2967934321167353e-05
-1.3116183869827253e-05
-1.2446640469603993e-05
-1.3053356278993678e-05
-1.3855957289566644e-05
-1.3753631962269235e-05
-1.2560550441356518e-05
-1.160930913521532e-05
-1.1132845937913188e-05
-1.1108432273687913e-05
-1.0710938355866044e-05
-1.1061803790933203e-05
-9.95466047569584e-06
-1.0757444294703862e-05
-1.1252334125180287e-05
-1.1097860797002423e-05
-1.121073207916477e-05
-9.707433155899007e-06
-9.677790060381177e-06
-9.544358302567465e-06
-1.0206437325858786e-05
-9.67159882678131e-06
-1.0397600537824193e-05
-1.0110613705667978e-05
-1.0064864475750186e-05
-1.0218728521767145e-05
-1.0059494791046466e-05
-9.393462180294312e-06
-9.708443002846952e-06
-9.152959710963142e-06
-9.13935304057444e-06
-1.012231167782701e-05
-1.0809670903911002e-05
-1.0662130961673728e-05
-9.844967219881558e-06
-1.028970184565062e-05
-1.0954922804674611e-05
-1.0327098290219557e-05
-9.982452954714879e-06
-9.166928952580724e-06
-8.629014682344113e-06
-8.948750305885018e-06
-9.255851247685197e-06
-8.656263521399338e-06
-8.61851353758352e-06
-8.602097547666815e-06
-9.221749902420785e-06
-8.8972045304194e-06
-8.8404118520348e-06
-9.052676483779812e-06
-9.184953486487174e-06
-8.873153124929955e-06
-9.838496197726972e-06
-8.820478088194086e-06
-9.324102649817434e-06
-8.666932239392713e-06
-9.362224320797488e-06
-8.633012345317418e-06
-8.565906794571604e-06
-8.674643397217807e-06
-9.345731114780602e-06
-8.977395641406288e-06
-9.402471266348119e-06
-8.141116156296518e-06
-8.451784982846734e-06
-9.626985117322944e-06
-8.879452392508168e-06
-9.312562477321196e-06
-8.916119133153608e-06
-8.167501045346189e-06
-8.081084720638151e-06
-7.614389708648489e-06
-8.282531143777306e-06
-7.541945006568522e-06
-8.49220038780447e-06
-7.822516904408798e-06
-8.342904435173692e-06
-7.883352006898255e-06
-8.16262284691523e-06
-8.395089212288627e-06
-7.922503006669174e-06
-7.425860211440476e-06
-7.04488815571471e-06
-7.346952614357295e-06
-7.511624964816013e-06
-8.30183775738428e-06
-7.616258967456629e-06
-7.45901282080479e-06
-7.171572684829022e-06
-6.884084961292012e-06
-6.772324116191624e-06
-7.188436964684232e-06
-7.360945850310739e-06
-7.291116789696016e-06
-7.4301744112185235e-06
-7.670184631700604e-06
-7.585837190559594e-06
-7.26437216983938e-06
-7.631952251894967e-06
-7.151848923314948e-06
-7.5647536365207854e-06
-7.454275512431289e-06
-7.288091656403431e-06
-7.111338247621181e-06
-7.216107459475424e-06
-6.464345934103058e-06
-6.333013415991072e-06
-6.717201465970646e-06
-6.338616612293453e-06
-6.375432906516392e-06
-6.582618982811721e-06
-6.510417346688859e-06
-6.1142355312208216e-06
-6.0841692338260306e-06
-6.033293830580824e-06
-6.013106266413487e-06
-5.920853669895456e-06
-6.251891113023679e-06
-6.3820942952402105e-06
-6.401322067316729e-06
-6.999443772096688e-06
-7.274642100058442e-06
-7.177905627031578e-06
-7.0447528298992e-06
-6.565404111405279e-06
-6.8305886321841404e-06
-6.7697002403012724e-06
-6.567585886585174e-06
-7.73864817230601e-06
-8.080052357866244e-06
-7.555892459957903e-06
-6.359645232852273e-06
-5.421950896934738e-06
-5.656830935316602e-06
-4.987802850127292e-06
-4.969076622402123e-06
-5.253682308811664e-06
-5.421367479403927e-06
-5.468475580691563e-06
-5.462374701892259e-06
-5.246301334875917e-06
-5.817211156402034e-06
-5.3844411083376215e-06
-4.913734184624329e-06
-5.368401014913196e-06
-5.475599888226358e-06
-5.369983866843634e-06
-5.446201950503448e-06
-5.853219355254296e-06
-5.189776591298421e-06
-5.2139945462560994e-06
-5.549806066996191e-06
-5.5233312965496085e-06
-4.850664283413864e-06
-4.725030834006014e-06
-4.9742819031122895e-06
-5.447139222106227e-06
-5.976047246710947e-06
-5.142685168744393e-06
-6.02401075808209e-06
-5.381819193690973e-06
-5.118768230880587e-06
-5.533002942497544e-06
-5.81210067768832e-06
-6.0179517300312935e-06
-5.540404251802008e-06
-5.508696638291719e-06
-5.689358395335521e-06
-5.053700251431646e-06
-4.773825063845531e-06
-4.973103251615658e-06
-5.285029282020286e-06
-4.8763589639304715e-06
-5.364134603251632e-06
-5.317958822650745e-06
-5.473297975792472e-06
-5.514403442364896e-06
-5.8827125613811984e-06
-5.138263802506024e-06
-6.0345576387659936e-06
-5.864599389053929e-06
-5.299954654429502e-06
-4.7874431612189464e-06
-4.191546854716039e-06
-4.6171177041870605e-06
-4.439738245892864e-06
-4.5436850914717444e-06
-5.467562769832185e-06
-4.647699799347603e-06
-4.724293581276493e-06
-5.1680421445500826e-06
-5.293042445723236e-06
-5.107071699920851e-06
-4.7419287651651896e-06
-4.767518074890503e-06
-4.492045009567683e-06
-3.7578573541488882e-06
-3.942242437915411e-06
-3.8567903804785324e-06
-3.9039049998115304e-06
-4.427176112678866e-06
-4.477932647298589e-06
-5.359761764385695e-06
-5.574510655256185e-06
-5.256529985695707e-06
-5.057251972828406e-06
-5.189829591519158e-06
-5.183167281640448e-06
-5.157634675411734e-06
-5.4837502480390515e-06
-5.190640058572171e-06
-5.868667624152015e-06
-6.421563517879127e-06
-6.347393364427635e-06
-6.190219662526849e-06
-5.0877316845379444e-06
-4.757869779636026e-06
-5.332283035386354e-06
-5.317082391579439e-06
-5.365938313144187e-06
-5.487456518238058e-06
-5.304760699614119e-06
-5.182485536072188e-06
-5.650755300825366e-06
-4.7337860591002165e-06
-4.793808623687185e-06
-4.8771738035541675e-06
-4.497806360002589e-06
-4.906923951262471e-06
-5.5100563585232845e-06
-5.703118658391013e-06
-5.602235488857752e-06
-5.90643778942206e-06
-6.294964294703767e-06
-6.054591197495868e-06
-6.16984291646543e-06
-5.3777597457109296e-06
-6.0930674571397665e-06
-5.744436477984075e-06
-4.92682568223338e-06
-4.97877774064247e-06
-5.345955844696175e-06
-5.400862902696155e-06
-5.477063743269238e-06
-5.9726641852765355e-06
-6.295861513559103e-06
-6.335473461569143e-06
-6.246824728478737e-06
-6.147826759563311e-06
-5.955146962850659e-06
-6.063506370059585e-06
-6.063700959949086e-06
-5.687274148304147e-06
-5.271002397094913e-06
-5.257163028988706e-06
-5.757046934517208e-06
-5.575978166934174e-06
-5.9170232116929795e-06
-6.187853535102943e-06
-6.558920855380935e-06
-6.483643056316606e-06
-6.829120427890955e-06
-7.260972285085023e-06
-7.148439642780711e-06
-7.135100666999232e-06
-8.232333398038276e-06
-8.060761695397117e-06
-8.297478225125441e-06
-8.063735894654364e-06
-7.687937464559068e-06
-7.310460788199308e-06
-6.186629110370398e-06
-6.290688081487762e-06
-7.211073583535975e-06
-7.428383865678767e-06
-6.769806320032027e-06
-6.07885924928735e-06
-7.030482867356533e-06
-7.709666118525768e-06
-7.650964128585586e-06
-7.088232798242899e-06
-6.827320528547996e-06
-7.242665105877677e-06
-7.254639615730878e-06
-6.763590756282867e-06
-6.28045609118999e-06
-5.976542779069113e-06
-6.31308373088429e-06
-6.529983548740021e-06
-6.770182895147277e-06
-6.905571230256613e-06
-7.3765013579619475e-06
-5.9553074653451454e-06
-6.361564796045572e-06
-6.318912344282487e-06
-6.661706687830305e-06
-6.6721887332021604e-06
-6.721094711956072e-06
-6.1835286825766954e-06
-6.1070009276311164e-06
-6.425020087473781e-06
-5.6615985835005395e-06
-6.310289970711799e-06
-6.540905073611961e-06
-7.662841749268595e-06
-6.6450443787639066e-06
-6.9129753473344655e-06
-7.00258298167729e-06
-7.6203917440300125e-06
-7.067332621656346e-06
-7.3171700419968545e-06
-7.463245422583826e-06
-7.136109280299234e-06
-7.78919723952407e-06
-6.698781327521339e-06
-6.4854830550477625e-06
-6.262436079104634e-06
-6.326387907999257e-06
-5.972075495008493e-06
-4.867832777586628e-06
-4.997299019566689e-06
-5.931427959018411e-06
-6.199996467050648e-06
-6.718669798525904e-06
-6.361014222933684e-06
-5.9579921327941775e-06
-5.903693218920708e-06
-6.043406665412477e-06
-5.662346955385799e-06
-4.819316556957067e-06
-4.707649063325684e-06
-5.052142636813164e-06
-4.895645036949412e-06
-4.731354210189938e-06
-4.5948349510674745e-06
-3.911115752485691e-06
-3.4720244107470185e-06
-3.694599090755592e-06
-3.4648813291427454e-06
-3.6995949591446564e-06
-4.2220049565982595e-06
-4.348765379547377e-06
-3.886433654397246e-06
-3.9128910196804774e-06
-4.24234442970117e-06
-3.7755830374244864e-06
-3.473049077794526e-06
-3.560343850786478e-06
-3.288345051726374e-06
-2.773894950736669e-06
-2.448553826840138e-06
-2.6516169619310694e-06
-2.8970532674485672e-06
-3.3597676041935278e-06
-3.16557231762533e-06
-3.705786457430804e-06
-2.893491160321924e-06
-2.9579145482271903e-06
-2.9810470923854526e-06
-3.710331453149616e-06
-3.869340767218651e-06
-3.679546991919872e-06
-3.281121409879863e-06
-3.2523573386592593e-06
-2.9810419863889156e-06
-3.7390884104892255e-06
-4.173987618299016e-06
-3.887610409947228e-06
-3.764199888022491e-06
-4.062838296447761e-06
-4.204897810175167e-06
-3.977145643847717e-06
-4.406520544692355e-06
-4.588515637293219e-06
-3.904772506174572e-06
-3.997640676691215e-06
-4.207180515946581e-06
-4.083610322898797e-06
-4.05671977578328e-06
-3.8210221389771245e-06
-4.1403252359883385e-06
-4.540230974014729e-06
-5.129836280013059e-06
-4.655812499083531e-06
-4.282745928718121e-06
-3.5278917517317517e-06
-3.9897555511859726e-06
-4.0543496139341585e-06
-4.0630090482479245e-06
-4.260567041059496e-06
-4.041027709834639e-06
-4.048167785442321e-06
-4.014526836890115e-06
-3.993399395067871e-06
-4.678258525158386e-06
-4.642067103934375e-06
-4.573165813034836e-06
-4.506963413848261e-06
-4.641797687117315e-06
-3.892464411155043e-06
-4.398111951349375e-06
-4.089365641518201e-06
-5.149182988344154e-06
-4.9537918106906525e-06
-5.614706671435553e-06
-5.741528489941116e-06
-4.889412967037433e-06
-5.023910897505583e-06
-6.118649460590976e-06
-6.0403756740411974e-06
-5.78708834207366e-06
-5.010774442873812e-06
-5.341553202388474e-06
-5.511983773687508e-06
-5.2290730309323404e-06
-5.7994973198779355e-06
-5.92773046194522e-06
-6.531243058979714e-06
-6.264906693477547e-06
-6.420267490261139e-06
-5.692157934297425e-06
-5.9438054939584196e-06
-5.90422123889603e-06
-6.441116189447572e-06
-5.996830259391572e-06
-5.137767225394969e-06
-6.0819414871870185e-06
-5.897881027731973e-06
-5.4513687712479176e-06
-5.601229869894152e-06
-5.710933449639318e-06
-5.782697812369756e-06
-5.2782281879141616e-06
-4.9208147338037796e-06
-5.150208634847495e-06
-4.996895057000727e-06
-4.999563596077049e-06
-5.216926897096877e-06
-5.413098673064572e-06
-6.143888771102632e-06
-7.013906685106355e-06
-7.271565832175279e-06
-7.568489894392536e-06
-7.205398240983367e-06
-7.157376218786409e-06
-7.159318624288948e-06
-6.658887037375303e-06
-5.544220878688905e-06
-5.596365036371236e-06
-5.644991667325555e-06
-5.949903112569024e-06
-6.644388052406542e-06
-6.760942785779032e-06
-6.995956648144131e-06
-6.893158556172588e-06
-6.927175323093811e-06
-7.459810545603828e-06
-7.735559234462039e-06
-7.251455134302467e-06
-7.154758557776521e-06
-6.917299374319368e-06
-7.476345429798433e-06
-7.381203328968229e-06
-5.58920216159701e-06
-5.128081724811077e-06
-5.4166749018454884e-06
-6.186328459406445e-06
-5.633477065622663e-06
-4.55704516170021e-06
-4.106359050964761e-06
-4.569758343327871e-06
-4.2771436559026675e-06
-4.259877666229911e-06
-4.39506929162748e-06
-4.409386214413248e-06
-4.118335016009484e-06
-4.1809333220627215e-06
-4.653200969000747e-06
-4.318443378883202e-06
-4.86633601282777e-06
-4.314833677199203e-06
-4.301817700298927e-06
-4.557229768136331e-06
-4.798286903305547e-06
-5.031297822801533e-06
-5.154674946448396e-06
-5.281222510324696e-06
-5.019941923260026e-06
-4.976261693511146e-06
-5.288047680388001e-06
-5.5572232574773716e-06
-4.889232502300262e-06
-5.31485161329142e-06
-5.724539975441682e-06
-5.754990289484013e-06
-5.359982505745929e-06
-5.187147249111709e-06
-5.763178610206337e-06
-5.482928421630416e-06
-6.010513429944881e-06
-6.563523630831743e-06
-5.338639423895914e-06
-4.961193905891821e-06
-5.09031497364422e-06
-5.622926532967727e-06
-5.215972473356837e-06
-5.078515208039719e-06
-5.09986226368197e-06
-4.894082373469316e-06
-4.894687597884629e-06
-5.065060929318395e-06
-5.859667012723199e-06
-5.522025744889666e-06
-6.266350740192231e-06
-5.877653268562892e-06
-5.535288404737516e-06
-5.625758928008742e-06
-5.455115660879528e-06
-5.332003291140353e-06
-4.854507159717076e-06
-4.9260538383887015e-06
-4.9642244565079754e-06
-4.861185996746943e-06
-5.041825858288809e-06
-4.853200677574093e-06
-5.159208581645567e-06
-5.1165108790230124e-06
-5.402417697881062e-06
-5.014917727609058e-06
-4.549127751465093e-06
-4.68955923469576e-06
-5.058269676411351e-06
-4.967872549362559e-06
-5.2066896667104e-06
-5.413912085481197e-06
-5.426516688599711e-06
-4.858873473541536e-06
-5.235898749024506e-06
-5.187478342495757e-06
-5.164786116205132e-06
-4.9663617807173305e-06
-5.282787326275586e-06
-4.470274107240048e-06
-4.441920664715163e-06
-4.342817758767454e-06
-3.644069809711371e-06
-4.287751568345135e-06
-4.374685023578469e-06
-3.8943531203235925e-06
-3.896338921549614e-06
-4.118638704452538e-06
-3.598059925608164e-06
-3.292076701491635e-06
-3.686799802893895e-06
-3.8061790711743436e-06
-3.693747274342175e-06
-3.110456812767855e-06
-2.9409601630994496e-06
-3.2929339212363954e-06
-3.5289662964015196e-06
-3.2988660945986155e-06
-4.225731102754556e-06
-3.777817328927295e-06
-3.369810586334027e-06
-3.913680746756234e-06
-4.216522283502108e-06
-3.736718397890516e-06
-3.5997755101281935e-06
-3.909575059132737e-06
-3.921033359615532e-06
-3.95703283548079e-06
-5.077835523992783e-06
-4.684359065812225e-06
-4.236288577885716e-06
-4.390063070157059e-06
-4.371620129043153e-06
-4.888651652342956e-06
-4.719460367852708e-06
-4.566687598875992e-06
-4.6908641870220144e-06
-3.925009165565522e-06
-4.239506253538704e-06
-3.6933901670776184e-06
-3.47087002760068e-06
-3.781941860581402e-06
-4.10653720815063e-06
-3.821969018575216e-06
-3.899883667821623e-06
-4.559700928206066e-06
-5.116035537447225e-06
-4.621623723393825e-06
-4.730604068288066e-06
-3.928877283844765e-06
-3.4450050476992217e-06
-3.113763101189248e-06
-3.072329904031134e-06
-3.438643625486293e-06
-3.1049569269014634e-06
-2.9581312913087924e-06
-2.5834805117670045e-06
-2.5665057947686036e-06
-3.286681168482084e-06
-3.3044384543665307e-06
-3.367788708484836e-06
-3.5432788687709643e-06
-3.9246962585774525e-06
-3.608832591849839e-06
-3.851754760174886e-06
-3.6412566446532043e-06
-3.0445425601591033e-06
-3.1431448277521086e-06
-3.6234443355053186e-06
-3.826221091703001e-06
-3.806158374339784e-06
-3.894618445580515e-06
-4.220231489736575e-06
-4.54146593256155e-06
-4.987593199938345e-06
-5.3324078973487185e-06
-4.825534382782793e-06
-4.384443969357586e-06
-3.965701347251292e-06
-3.860448810090207e-06
-3.853538494998551e-06
-3.417272268845222e-06
-3.7587002423559825e-06
-3.8109627567815226e-06
-4.01753292443083e-06
-4.213043650498805e-06
-4.090446503678089e-06
-4.772050017028307e-06
-4.27855738729331e-06
-4.249265335742026e-06
-4.304652349254376e-06
-3.976441410439945e-06
-3.958626314507012e-06
-4.601469677604305e-06
-4.75993686520199e-06
-4.664325005694245e-06
-4.6726673971510865e-06
-4.971386874202812e-06
-4.541268868380053e-06
-4.7129320778484005e-06
-5.096318667104546e-06
-4.200271145330193e-06
-4.77109693654198e-06
-5.0706441936945805e-06
-4.509877374239761e-06
-4.8460549945817686e-06
-4.533496175076252e-06
-4.406971135186046e-06
-3.9923375891540225e-06
-3.917064357385523e-06
-4.0604473992854575e-06
-4.0841037097822826e-06
-3.6891344373147243e-06
-3.550132397578683e-06
-3.8027158739285555e-06
-3.0010189185794353e-06
-3.673106596416358e-06
-4.04192775861772e-06
-4.0022239842913295e-06
-3.4193467994415325e-06
-2.89993581645831e-06
-3.125089517944173e-06
-3.795833963056047e-06
-3.8775902537917065e-06
-3.14916099994615e-06
-3.722152244405991e-06
-4.398283264004605e-06
-5.1844984040937375e-06
-4.613471043203623e-06
-5.1455567070381505e-06
-4.831832668573136e-06
-5.266847666718651e-06
-4.762422572522878e-06
-4.348888307084473e-06
-4.3158849201483044e-06
-4.281825978325334e-06
-4.466587259417e-06
-4.48730070508109e-06
-4.174302394415299e-06
-4.117444253400511e-06
-4.43782601929016e-06
-4.662752011287151e-06
-5.0214142855764245e-06
-4.177475692556935e-06
-3.851613262621611e-06
-4.6756229657591736e-06
-4.90532553997652e-06
-5.798239633291721e-06
-5.718498668545344e-06
-4.884659332068016e-06
-4.8969822810016545e-06
-5.089946350777516e-06
-5.0512008527174404e-06
-5.453956808382943e-06
-5.196730529487234e-06
-5.894466161967452e-06
-5.188903679271999e-06
-5.142696096673041e-06
-4.740223991971922e-06
-5.1586300240813165e-06
-4.8906322053181406e-06
-4.80712643156249e-06
-5.129031050716712e-06
-5.665647075567484e-06
-5.264859604582083e-06
-4.385174020754699e-06
-3.9358506618998196e-06
-4.040665328666831e-06
-3.9322595302320014e-06
-4.3437924175985894e-06
-4.126134773776777e-06
-4.424049935690933e-06
-3.8125402811718416e-06
-4.106985224074705e-06
-4.567897529994251e-06
-5.046582457278139e-06
-4.366865044712307e-06
-3.7404205112323278e-06
-4.239200740276152e-06
-4.261325322938949e-06
-4.586731539837693e-06
-4.263849902996205e-06
-4.189196966436635e-06
-4.525798987322979e-06
-4.507482871747179e-06
-5.196318999458946e-06
-6.238406839633498e-06
-5.969275636557424e-06
-5.4197890187004725e-06
-5.592991044231428e-06
-4.975978001125324e-06
-5.800629650109794e-06
-5.617732089236737e-06
-5.299661438001726e-06
-5.450609399140842e-06
-5.512273615656737e-06
-5.738590036157686e-06
-5.333337356625214e-06
-5.591831144649917e-06
-5.557569970849914e-06
-5.657216465456608e-06
-6.9103494542315066e-06
-6.664224047898852e-06
-6.366166601368698e-06
-6.433496540781701e-06
-5.9249067257601735e-06
-6.156418450514022e-06
-6.078023967021205e-06
-6.531289699733651e-06
-5.694126726806504e-06
-5.670749182265867e-06
-5.415860148507188e-06
-5.405147014523839e-06
-5.079761225109299e-06
-5.304761091396451e-06
-5.050374399546014e-06
-4.898523373133055e-06
-5.3969158892495896e-06
-4.8837031406434015e-06
-5.180364403200562e-06
-5.484079949196595e-06
-5.905284300612178e-06
-6.388472845104003e-06
-6.242553683058269e-06
-5.825008965751831e-06
-5.6062031175175574e-06
-5.716274573877364e-06
-6.022125212322675e-06
-5.6301706769236494e-06
-6.092133438729573e-06
-5.980287779750189e-06
-6.2630012950812204e-06
-6.411408053398377e-06
-6.617165514072463e-06
-6.003210588600128e-06
-6.173131737924473e-06
-6.4283441040457455e-06
-5.783582251658514e-06
-5.943720484188256e-06
-6.102414884550784e-06
-6.0018102932446755e-06
-5.5255612283079435e-06
-5.439723204640009e-06
-5.003415103251777e-06
-5.49776274895591e-06
-5.8387073924957525e-06
-5.407330139953559e-06
-5.94291078903972e-06
-6.380441738703013e-06
-6.467800041065903e-06
-6.352304883013205e-06
-6.215213854888227e-06
-6.315867055188088e-06
-5.7770595305602256e-06
-5.760880979393663e-06
-4.673506527279432e-06
-4.986812496682456e-06
-4.7620276582631795e-06
-4.653820120345186e-06
-5.216650566954064e-06
-5.107754807399126e-06
-4.655457849786706e-06
-5.019220761590614e-06
-5.219527732454784e-06
-4.994110701936267e-06
-4.917210417960842e-06
-5.122065837125635e-06
-4.73810698680702e-06
-4.736883707104985e-06
-4.853168040706525e-06
-4.8548470099026765e-06
-5.6317356584492165e-06
-5.855979736971233e-06
-6.1621724876787104e-06
-5.142865519211717e-06
-4.867116345289665e-06
-4.992865925510742e-06
-4.4537897314839e-06
-5.197781364329738e-06
-5.6446204605610825e-06
-5.1609656857647515e-06
-5.30550299420914e-06
-5.6778786599282355e-06
-6.1686179250477255e-06
-6.06614824461688e-06
-6.653356220526919e-06
-6.7713673324294344e-06
-6.812811688387928e-06
-6.085710216351659e-06
-6.379058632797424e-06
-6.06121059321688e-06
-5.547069826533493e-06
-5.511817597345305e-06
-5.288897104130741e-06
-5.411752399362367e-06
-6.010123942336903e-06
-6.212426685054267e-06
-6.995232109684133e-06
-6.896422231269147e-06
-6.44300184248072e-06
-7.121090208947396e-06
-6.034008049774014e-06
-5.712500980082087e-06
-5.3276464313967155e-06
-5.203139150977129e-06
-4.851649977447381e-06
-4.535270167812436e-06
-4.772763678864486e-06
-4.230395931396439e-06
-4.315351391899943e-06
-4.9706077963771975e-06
-5.280036554885999e-06
-5.407406362605681e-06
-4.790455834434117e-06
-4.997280123065232e-06
-5.38927362914621e-06
-5.010774725050373e-06
-4.914697080657322e-06
-4.584281221188855e-06
-4.9602006000872605e-06
-5.210483516585112e-06
-5.282263454995327e-06
-4.528325135675587e-06
-4.680790735642987e-06
-4.429509413174133e-06
-4.501876558676416e-06
-4.273670587141308e-06
-3.942456381385758e-06
-3.923257593039755e-06
-4.1235935383062895e-06
-3.804281564393582e-06
-3.6108702914087844e-06
-3.2042692090236902e-06
-3.398776790420062e-06
-3.7930306252047346e-06
-3.568595044411128e-06
-3.3947517026834434e-06
-3.4893926206281413e-06
-3.0154240308687662e-06
-2.7311900351215185e-06
-2.8221939805333907e-06
-3.14343763374125e-06
-3.1305057302980016e-06
-3.6254843449476027e-06
-3.082683898379074e-06
-2.9859318893170733e-06
-3.163875500178666e-06
-2.552959863467736e-06
-2.9133043298292576e-06
-3.508373776220161e-06
-3.616329886659887e-06
-3.758018332379064e-06
-3.7597402658717236e-06
-3.275426113246701e-06
-3.589581058641227e-06
-3.667814249078779e-06
-3.774404150392048e-06
-3.6103185639382365e-06
-3.1136295045796895e-06
-2.9409526632662163e-06
-2.816401247867198e-06
-3.1768359139487772e-06
-3.371906660294581e-06
-4.238700725741532e-06
-4.224725833596611e-06
-3.7700631916474475e-06
-3.4465215170105997e-06
-3.6126416057996745e-06
-3.1739363842065452e-06
-3.138994300873795e-06
-2.869782879199006e-06
-3.258542520621305e-06
-3.1897835796348188e-06
-2.771246454358334e-06
-2.9515364321224086e-06
-3.2006485152800077e-06
-3.004127135379046e-06
-2.845740989589383e-06
-2.548779045751778e-06
-2.64242234012412e-06
-3.205515472123247e-06
-3.338759179081162e-06
-3.0242602872768214e-06
-3.7309336746077933e-06
-3.7840674103324253e-06
-3.371395621051749e-06
-3.674389006100216e-06
-3.7688595162203104e-06
-3.5023677378959316e-06
-3.923613605412613e-06
-3.3120719098615855e-06
-3.516226052642406e-06
-3.2492667707209384e-06
-2.710919695276131e-06
-2.7808466874818967e-06
-2.7351424740537857e-06
-3.031801099076312e-06
-3.007370402813719e-06
-2.6493495228444377e-06
-2.7656977566109093e-06
-2.5295396554634537e-06
-2.9686115165252258e-06
-3.0991449071174988e-06
-3.28094238517597e-06
-3.378283673345532e-06
-3.7683697101807084e-06
-3.6863250501576263e-06
-3.830790782535004e-06
-4.314361104918181e-06
-4.267767669191996e-06
-4.053056439564292e-06
-3.946669128195842e-06
-3.6973538102850002e-06
-3.857748879454448e-06
-4.047133026501681e-06
-3.7861615603618797e-06
-4.170979576510712e-06
-3.98734266057615e-06
-4.378716482442075e-06
-3.7437873591746515e-06
-3.4674364064229826e-06
-3.6057354580593827e-06
-3.787769142386074e-06
-3.753652572413557e-06
-3.8120207649719818e-06
-4.239790219938955e-06
-4.784430882118147e-06
-4.414822047366238e-06
-3.8809094115631294e-06
-4.006938520316721e-06
-4.185532262477537e-06
-3.901953298806732e-06
-3.396123330299489e-06
-3.964583109523236e-06
-3.571352997310803e-06
-3.2061773732167264e-06
-3.3486885198586748e-06
-2.969938224431154e-06
-2.6465778167524454e-06
-2.7487538050198243e-06
-2.130159996574012e-06
-2.1330867266209305e-06
-2.1070118196010483e-06
-2.8110837518350962e-06
-2.61249403173189e-06
-2.584486531841088e-06
-2.996106776173782e-06
-2.5711414904295594e-06
-2.293123030447019e-06
-2.005678171511905e-06
-1.806517411750974e-06
-2.2657631485018125e-06
-2.3969515915758587e-06
-2.3330257707316493e-06
-1.94542591811907e-06
-1.9737693270517646e-06
-2.253304712842062e-06
-2.5383889794447428e-06
-2.9061498084140626e-06
-2.8501076951961763e-06
-2.910489847169792e-06
-2.5754582158044334e-06
-2.4615294851406733e-06
-2.4182969833092127e-06
-2.3981719993734703e-06
-3.0152809207114234e-06
-3.0244821153666213e-06
-2.679346310357617e-06
-2.622470089054565e-06
-2.563890594058485e-06
-2.493940382919391e-06
-2.443765663720581e-06
-2.681853369815657e-06
-2.5923530301952267e-06
-2.3711364648102647e-06
-2.155674605301801e-06
-2.338888015028482e-06
-2.9249341843331843e-06
-3.566798795873183e-06
-4.070818946881142e-06
-4.378671537079544e-06
-4.242579790605725e-06
-4.239086625509513e-06
-4.489547502136049e-06
-4.048222657123309e-06
-3.7158955283536135e-06
-3.8066363697744704e-06
-3.875614759006287e-06
-4.01943111100058e-06
-5.002858098379922e-06
-4.131250436610291e-06
-4.22468361088809e-06
-4.59560868153065e-06
-4.537039365879116e-06
-4.675468430949154e-06
-5.104521437132438e-06
-4.527636608541704e-06
-4.4006985974239145e-06
-4.207556617658179e-06
-3.978170173305e-06
-4.120418956377901e-06
-4.164668856295369e-06
-3.905883322192657e-06
-3.6916228113207182e-06
-3.3983466355727078e-06
-3.4082691842904286e-06
-3.655206732079163e-06
-3.585376532264024e-06
-3.388425104789442e-06
-3.6810503715036575e-06
-3.410007409398438e-06
-3.3899359912025736e-06
-3.2839628672193683e-06
-3.4056791707534548e-06
-3.1870329201830406e-06
-3.488909593822124e-06
-3.3894301104271272e-06
-3.3983495844343754e-06
-3.309514717423157e-06
-3.2534091961002933e-06
-3.2043680139628495e-06
-3.042157593368663e-06
-3.2648157649908592e-06
-3.675446347327894e-06
-4.162743472335979e-06
-3.934822078195e-06
-3.7508357040795276e-06
-3.6870333319828393e-06
-3.7794432116173154e-06
-3.5829589367681483e-06
-3.789744791085981e-06
-3.5032650010599843e-06
-4.047661178237132e-06
-3.6407577226782452e-06
-3.338085121075169e-06
-3.5869678413291695e-06
-3.76475491532638e-06
-4.023968961355888e-06
-3.98170939031563e-06
-4.224048739277537e-06
-3.866174658749235e-06
-3.2202814963966377e-06
-3.1925645614067505e-06
-3.5878125765101197e-06
-2.8694771408948165e-06
-2.6633483580203926e-06
-2.762411803558233e-06
-2.4557061054180777e-06
-3.150299136951873e-06
-3.2481160313835015e-06
-3.7963636259519264e-06
-3.650815045684561e-06
-3.3343653262235396e-06
-2.7991978069435275e-06
-3.294962543338606e-06
-3.6218769111702644e-06
-3.773787176004799e-06
-4.437853978090107e-06
-4.02072915233312e-06
-3.916077665239871e-06
-4.1763420843684194e-06
-3.7880159675879463e-06
-3.971561039715874e-06
-3.4456629889926916e-06
-2.9904558780403114e-06
-2.95655965298162e-06
-2.9816088056414187e-06
-3.6009061741191173e-06
-3.674031799724057e-06
-4.192576752524101e-06
-3.8092150624344446e-06
-3.4139720437218412e-06
-3.0477750360893344e-06
-3.4471215328197176e-06
-3.3133510861751767e-06
