-0.6735059628119835
-0.6291644857479975
-0.6000294199356666
-0.5990851521492004
-0.4766376426586738
-0.4358787259994409
-0.3643942022934938
-0.31482584400054736
-0.2683358594393119
-0.23904361113523825
-0.20651578425596923
-0.17813433353335428
-0.14918896357218425
-0.13227998562670576
-0.11342217900479833
-0.09816814714595705
-0.0860345391658111
-0.07323862343954925
-0.058295534107272916
-0.05438079500502984
-0.03403644499619706
-0.02140284662749857
-0.010568079160144314
-0.0057992037607339
-0.0029265445805951736
-0.0024537748135536764
0.00656958307700757
0.007332377737531295
0.016564121849399108
0.0175744295024719
0.02012940450117756
0.022840029576745552
0.025970739704401544
0.03531218525350619
0.021207642652585398
0.029552585030204425
0.023284213656398395
0.023498202214548843
0.0319530096066256
0.02046349729733685
0.02506299575146001
0.02876729029021823
0.0311952950934378
0.031581143826508944
0.03578754530455439
0.03370780390677026
0.032440685319120234
0.031417839343917786
0.03131444332225678
0.028295926278671966
0.035622295482346834
0.031783747801390025
0.0355401242724978
0.0311550850684468
0.03440965805083322
0.035630729601073725
0.03365493867656765
0.021917668844607528
0.03705584520074085
0.032793588811406295
0.03235709160358872
0.03147326522306778
0.03247254825919532
0.033323692298831586
0.028910896686526636
0.030231783949793912
0.0300867183936927
0.03149891266142591
0.03286808625368091
0.03330191165801714
0.02902890974976636
0.03195498702399886
0.03336213760171981
0.03517784736628901
0.031018202226401535
0.027573086230087286
0.033404404016059396
0.0366517424920741
0.036280828713475224
0.024078706150892405
0.03268885971375335
0.03022681720321998
0.03176941088645552
0.02894089227450492
0.03359695877581357
0.02890265985311439
0.031186949974037887
0.02845660885139249
0.029026037922355894
0.03552209799512265
0.029388820035950256
0.03647504312973932
0.03084339737512122
0.032097201438834114
0.03272071738058749
0.0315343011284056
0.028523746198520827
0.033530595606097426
0.029910690072807857
0.030542855178105247
0.03257841643868373
0.03312874522764618
0.03081783575645344
0.03624195281792289
0.03514203569338394
0.027102034443650596
0.036404740295107235
0.028470367826790046
0.030272132042162597
0.0319053173232346
0.028401506636276816
0.03218043796339024
0.031153978111083582
0.03241949364578781
0.03287938816759449
0.036212323860933954
0.025218238165894618
0.031082529929848626
0.034634434209855944
0.030143976036626368
0.03148234011784482
0.03734428252911386
0.0289623662435378
0.033021536791541926
0.02975808735533904
0.03279228159166777
0.033882121808374695
0.03425002871081233
0.03151388560445645
0.031119210411531803
0.033963210431811136
0.032754327486588575
0.03509045647776638
0.03437000875606035
0.03416140019141424
0.031104310734484057
0.028492804730716997
0.028402251397552064
0.033293960044661966
0.028947345222919606
0.03268417694504397
0.031992344852262294
0.03244957936187394
0.037425120705470015
0.023762592465545122
0.02967612402758394
0.029521727681910703
0.028577341059019837
0.030759456176430177
0.03304818681417367
0.029354416101556032
0.023985729741905697
0.02666781240557798
0.02878730944193637
0.029161159917771913
0.03122287194381874
0.026635181803841335
0.02806926300176061
0.03250432451589941
0.030195357508133524
0.035398433301359035
0.02574006398805441
0.03160712811260078
0.029674197042969842
0.033865626994669676
0.025931396577746058
0.03173751755429503
0.03038332839974035
0.03362776059530472
0.03736304180436911
0.029263244339698503
0.02899360184321547
0.03035728726997779
0.03196736291253891
0.032745096946541125
0.028797261052274665
0.02940325990277462
0.03144083947186934
0.030010091897491247
0.026424435363748135
0.031787588704714716
0.03306772966793804
0.031892715344796534
0.030845445725254904
0.032009039417645026
0.03078263481744589
0.030953771005927895
0.033818122909631196
0.02440756630553201
0.03435960461755689
0.025805806921636806
0.026633094269215153
0.031570339477688183
0.02727106252494149
0.029626010751757675
0.029671280439763973
0.03238438337213712
0.03241461984901271
0.030736594189567347
0.029187780056590548
0.02970822665315026
0.03138457436878712
0.03056496992104281
0.03410882224113895
0.03353003032001046
0.03182231001317119
0.03038545175998782
0.03785088701645294
0.03152993227704428
0.03002685057805278
0.03389470500167077
0.02896760492107998
0.029677708649960083
0.03587766437797258
0.03311002451317528
0.035278509613365316
0.03384530428776111
0.029397934584472422
0.032100503542908256
0.03256341166613707
0.032596036992095505
0.03237827182777274
0.028357574273682892
0.034441938486326346
0.02939488442580347
0.027849344810461984
0.031995166492803644
0.03412459940195848
0.033996547027550734
0.03287839578578058
0.02972849591453082
0.03195702459794493
0.026623503681725988
0.032660265007759266
0.03303209631166493
0.028570193946600344
0.02332009865114322
0.028785884204448966
0.02614177636658916
0.030422349578032318
0.028627195632240424
0.028621509400321744
0.02955660123575049
0.030408444094399995
0.032004726242321806
0.03053402317663989
0.02869194799867005
0.034142724708325634
0.029325317828289163
0.03626240225447616
0.03484853553937939
0.03085768528160257
0.037239711501528154
0.035643683620340504
0.02663824281338841
0.035023555647319134
0.029105655314364973
0.03404440918238834
0.029780026426156743
0.0346972564192047
0.03101529638523248
0.029468070320450724
0.03301264722309171
0.03416200361338829
0.03214682271810045
0.032124997549153
0.03449501182245186
0.03323084815932909
0.03280536231602757
0.02999264703800854
0.03391151139870859
0.02940680232937806
0.034885042375931215
0.03252277775781038
0.03126331023224152
0.033506412668308866
0.030704515703800075
0.0312539565251567
0.03476384699058074
0.03050424918675652
0.029009093581071982
0.03517331578559839
0.025505426687707836
0.03084099502388525
0.030306015717379082
0.02886173812379965
0.029890854756694098
0.028698862146419018
0.026672735613269303
0.028650822816043496
0.03018319635437085
0.028357854661627265
0.02828314663560237
0.02655192042614381
0.03131621700819009
0.029374273562541183
0.0324734335896583
0.028709848327651763
0.03180134910552834
0.034333264620568696
0.02907926464954821
0.03324664786528163
0.030196342919878542
0.03149876920566058
0.02918283142036018
0.03504364601249108
0.030516964615582346
0.03024612897917485
0.028282076103959043
0.029809408094614555
0.0336187984793632
0.03167584178945384
0.03211864423520194
0.02141916621909238
0.035582320940776326
0.033371683534903405
0.03533917536898606
0.030864016359592846
0.03151170460108775
0.03240226343399487
0.03376489081390154
0.03250754722423899
0.023834929708391427
0.03175031228486496
0.028855301754531236
0.03197738509998323
0.031596752091718375
0.03173649365183873
0.03655317952044499
0.03182297863061719
0.0330794472720486
0.030761342482023443
0.030561962475304683
0.03623947277709914
0.031423389980306804
0.030863535639125472
0.03218344123795246
0.03302168798071738
0.03165991018423273
0.035743335302537066
0.026073867264233577
0.03761437480033447
0.030809741101797836
0.029150046335566098
0.029971891705496
0.039246118660099825
0.03531010361233105
0.037343005231844306
0.03664723405799566
0.03560056508838151
0.03203435576392505
0.03661280420022264
0.03314488450600598
0.03310317009212061
0.036284399651086485
0.03223278057404782
0.03221894841953121
0.03226634912425652
0.026935048485532975
0.023915184295784014
0.03661573641196204
0.02988534295477737
0.03774212207048176
0.029306907079910908
0.03853784122337133
0.02860933755231926
0.029476073378389582
0.033872250897977026
0.03207657126447138
0.035393680391821246
0.03299830717899171
0.029198129136019792
0.03701020830119841
0.03124726771106324
0.03255074188569919
0.02931580177615755
0.028648231872200714
0.02792528248742784
0.03075448510487779
0.03643226619147194
0.026315158273642645
0.03102183087209526
0.03219205977645918
0.03523301428166376
0.03261246589812426
0.028796362850624018
0.031233953955607154
0.03258059749361844
0.034111010059953116
0.02926893511082595
0.03384886470814355
0.03758073715815464
0.032809045723078245
0.03351297157947929
0.034784836472327024
0.031026764075683718
0.034389746749328855
0.030834424298686477
0.032369442103066456
0.030524431269329327
0.03595046674570021
0.029882608769604795
0.028341364791730227
0.03403705939231142
0.033719977629609786
0.03390740611253139
0.025139150558373867
0.03237725638378507
0.029569507103102903
0.028293348915982418
0.03474463385541756
0.02541278167933715
0.0259947379027159
0.03561308938511409
0.028489296616484912
0.03202468372570972
0.030075030667611805
0.030957932966441896
0.029060955668011538
0.029163588387652848
0.031817342911381274
0.029466713583604313
0.03209439878417657
0.028824672622991224
0.03033120081318208
0.03501282735244156
0.030045704493442408
0.027861376487476847
0.03855636222556663
0.028882651924131773
0.029470346752219857
0.032270614099420177
0.03043626325416904
0.030228498681688695
0.029733115934336987
0.030470185935682355
0.03318833903303573
0.028610523480687662
0.031152560832038618
0.029512173361562862
0.02945663421593893
0.027784024130027646
0.033620490323608886
0.029414650106516022
0.027152036220874063
0.028017519895505615
0.03322247670849976
0.028537387249824138
0.02971515492357027
0.030499875475652517
0.03331124118591945
0.030996236053462595
0.031398119167603836
0.03791777989573371
0.027878330103181397
0.03028039240863365
0.03692834126966026
0.024590030136991677
0.029383581554299244
0.03368869163696684
0.029054419009779127
0.030647173131075806
0.029726445872503785
0.03165898338043823
0.03285921115423732
0.02885672981606032
0.03408985789745855
0.030485587219412153
0.030662816055472573
0.02803936830560605
0.031173844488027194
0.03311320477559303
0.031109329887280743
0.02933462177506254
0.029421919213536266
0.03164843531423965
0.031934369567562286
0.029106296815921386
0.03223848887301313
0.03308969101516339
0.03382119584398774
0.0345284631107904
0.03104037803803714
0.03312959332192221
0.03217361654432562
0.028485077378363945
0.028735180442722944
0.029207973051607276
0.03340326808512402
0.03345276249560695
0.033881756548698135
0.028997064830783088
0.03305276409134818
0.027252210698311383
0.030626360778637136
0.03349966734605961
0.03145581836818168
0.029920117828311422
0.03197043681866489
0.028804808782222562
0.029611341195413844
0.03161729294926119
0.029107553574114063
0.03253754576286062
0.028429999052232
0.026104263841019323
0.027697311572429054
0.028899527126393366
0.026837539478527524
0.028033282563167936
0.03295242575247987
0.031036260148091688
0.02641831117723949
0.024988250511411864
0.02147963774130823
0.02793135624658764
0.027577042476332282
0.03486837720773064
0.01981288856626727
0.03615529196193585
0.028794938097528828
0.03202547119006526
0.028072902517548452
0.02889521449747591
0.03061890172210928
0.035239661241585285
0.02569066082591561
0.031185580191399474
0.030592376097942738
0.027237681228199598
0.03162394530880146
0.02859124609180398
0.02754711894145331
0.027476161527775753
0.03243514066756082
0.02557600322776498
0.03048222506036743
0.02834602810161857
0.03586874137728069
0.027082101925938892
0.0293508111164929
0.031585514223919135
0.029001194684622953
0.03189911379819163
0.029538605553814424
0.03044489663070402
0.029035167819342744
0.03496931371559279
0.029544564781453796
0.031526997399767144
0.03153925727820024
0.02831536310095077
0.03225549844478687
0.029611073636437932
0.03302749356923577
0.028882581781810867
0.029945826429190137
0.03345388816848684
0.02866689141411394
0.03065918096078512
0.03281560691772402
0.028843981646917736
0.036823190196763535
0.027201086465039482
0.03419660365758225
0.026925290438036122
0.032558626279336374
0.02042649555354355
0.02737497431013393
0.02722254199399732
0.025951462277309753
0.027446474137608534
0.02808346082971324
0.0282996491714118
0.029075660009850533
0.03196230661406226
0.026868170018021303
0.03248510657009693
0.025315531747988784
0.033565252353676044
0.031097450674189113
0.026523293255498476
0.027353388560900034
0.026312604347446887
0.0332119529063885
0.026416910655844287
0.029458197191632233
0.039306603939994834
0.028770814416333078
0.02763087957461651
0.029842292630443506
0.02644041912027229
0.026948349446786615
0.026358106376555484
0.02647481561848858
0.029105796673908255
0.02759679425239133
0.02930757913332528
0.03391140429900052
0.0268478004693185
0.028833281437460428
0.03847541927743572
0.03326150677107179
0.030233263700472142
0.03431057983603424
0.031352644311920856
0.03235831142564376
0.031492877109065794
0.024038259654368562
0.03106629131958844
0.030383511396492115
0.03442893819405864
0.02741248113079331
0.03358224913454018
0.033236463089736226
0.029726079815718082
0.030849323530967993
0.029126810184541867
0.03251168088426288
0.027706991447111928
0.03549876533769958
0.031004555552051616
0.028382645588396534
0.025890323435529494
0.03205305835170946
0.026991160799008915
0.03319164012508013
0.02993830940208565
0.03263594162387726
0.027260694550410008
0.027822665945113373
0.02700898699575844
0.024119713241741874
0.03021586500526143
0.025951684899495703
0.02826775647461032
0.025573584336924773
0.028484976116138008
0.03060590282130318
0.02530027879536367
0.026440559306408828
0.028310543584685103
0.02643034994249226
0.027718163031311586
0.025402819361382476
0.0311225379178396
0.027060535970705155
0.03183132104503994
0.023992803751920852
0.02908224040136422
0.0267827117182792
0.02992344107508707
0.02912369737944876
0.02371940936852927
0.030478655696751025
0.03127133686585017
0.02905704108617591
0.03037997230153101
0.02904919659433803
0.03199719066030341
0.03125033996035106
0.029167699878169702
0.02919249111482014
0.033513051610535534
0.024198518625985925
0.030425722896530387
0.026255360724649224
0.02430448566985713
0.03271630558868846
0.026089633385149334
0.02965760762976387
0.026693335519312546
0.0244063970135101
0.03274913641462962
0.0256498852186502
0.03143164103922363
0.022817815154587896
0.03264785340736405
0.025000033338960163
0.026039778815809256
0.02895290906039568
0.028211357396466134
0.02626317049830388
0.029983091447203875
0.027912577385088812
0.027377761715951448
0.030498261974217036
0.027152461173514334
0.026780866785049557
0.031006558165431786
0.029278681564737313
0.026542980836268562
0.027884260127813414
0.02898000796319535
0.02572534927017748
0.031247716679727325
0.026052993941807354
0.027066197993759162
0.025126341822891474
0.027743919325682025
0.02744928300843383
0.029467222923174118
0.027979163558605556
0.02927676878260592
0.02790360059051846
0.02638142837057762
0.027578582811670808
0.02602757979467965
0.024031872836311755
0.034632874776621185
0.0279088092112663
0.029196914609644572
0.024800278884597505
0.025949481812019188
0.027033195491187656
0.026800200269700817
0.024832577801470718
0.036126697635672125
0.019421004290798478
0.028571686973102774
0.029450450499559966
0.029408252735335667
0.027552714448374434
0.029853333133117606
0.02938372651577736
0.031895672795900075
0.03383371085047913
0.030695382161483837
0.028318892419338226
0.033841637786955314
0.031170646040789927
0.029589266339098686
0.03485815363954036
0.030631777899674115
0.03160258875443385
0.030760594561266213
0.024608889104181287
0.028587997243859065
0.027678890494672276
0.03390286572946188
0.023926137351633934
0.03203333103820347
0.027468524854749633
0.030032063134384748
0.03032802596340517
0.02833171150369498
0.032861300271291
0.030312292541090687
0.03034934472495642
0.031216674538639685
0.02946579965124002
0.03659698084408704
0.03068804873320728
0.0338635919321603
0.027034562471537637
0.033429472058868176
0.02847801052136138
0.034618949974910954
0.023824965454733525
0.033131192050253354
0.024768161261454223
0.028201802757282096
0.03062939267987624
0.02424986249564263
0.03232658276549326
0.03093119393914747
0.030839687345239022
0.030184938013553618
0.03442700251292151
0.028485338930756998
0.03095461976242801
0.027354704510295192
0.030641181620422942
0.03301536944420196
0.029183487609127323
0.026178109359581214
0.029503502235270273
0.027236183770060634
0.026161647978453682
0.03296428189093534
0.028062094165943564
0.03466802776809065
0.024947660070439526
0.031282101021236325
0.03522647997746483
0.028966270896116607
0.02926936028405833
0.033060196071910936
0.02795164968664698
0.028912574256985235
0.029847358843574347
0.03251262925899564
0.02963611547811291
0.02904440067971173
0.03389591309350157
0.02765890076601257
0.03216249666957316
0.030817556223020147
0.02909012132216818
0.029204245858142176
0.03269521610047191
0.03203768794341252
0.04043280518858526
0.029730033130946163
0.03258200481225989
0.024014703165411422
0.029977835141247713
0.03484108137192193
0.02774643684410526
0.029877584346701416
0.035230516714569275
0.031932507500721095
0.030301031325376617
0.031315534488907684
0.029071890362180195
0.031945530217714034
0.028571253676870047
0.032584024967554095
0.02741090726817791
0.03203112159300452
0.034265311749932616
0.02968979655359782
0.035132859679810606
0.03369309641689492
0.02867348674900803
0.0330610533295653
0.028684621636355774
0.0354741831132707
0.029178387432012898
0.026987581167113372
0.026588603628475444
0.02926137561082261
0.02766238037113978
0.026617552424207904
0.02452239435963118
0.025688329622603187
0.02669108748056878
0.028164302270063977
0.02606647939011544
0.03201425274063905
0.028560522684636408
0.03235846185394061
0.023656957518034732
0.03308539149502161
0.03093544866483754
0.03019961083564573
0.028335423451678183
0.026234783263256154
0.03459490972917336
0.032622589130252705
0.027888363824846843
0.030331153783780068
0.030109697189198835
0.031546933685715955
0.02709674417333773
0.029220871661956877
0.030200502805961055
0.030737460150908773
0.031093719382158432
0.030008315743357227
0.03032253044597709
0.03319075340166306
0.03278256981120182
0.0337125225392624
0.03219974414051439
0.028972005172340103
0.03347502282282594
0.028377626460375418
0.03279915538210517
0.029130091804948348
0.03184690888171108
0.025628529780526432
0.033533327739972335
0.029187649058981035
0.029642741079442203
0.03307454686892482
0.025370397681837905
0.03159744185529864
0.032047459587174205
0.03079745131417906
0.03135157234066402
0.028844597461508015
0.03143316747513242
0.02563441561994692
0.030187671054721785
0.030667839830932325
0.033518766566591626
0.03250102371825144
0.03403930819103829
0.032042355080827686
0.0332365212839646
0.02469294696638826
0.03312901659444786
0.03158552324614273
0.035431378967731665
0.027873804667242204
0.03328473332982797
0.026823801223714
0.03122053342596747
0.03109366482643124
0.03186379202569906
0.032274415638918676
0.03141651638553669
0.029571112226441095
0.031602200051584546
0.02983521751056497
0.026121456780208226
0.03225564824264998
0.032028231561521237
0.03196227258132496
0.02640358690614215
0.03519105864390253
0.029659936197985633
0.03302404881180383
0.032058182927982834
0.029908764656060016
0.032883969018420875
0.02674388535355646
0.028882345472438595
0.032815391816891346
0.02805361319878079
0.033853115926747425
0.029689025530555788
0.0321705186017192
0.030643265602329616
0.03302456807951108
0.02655856624045648
0.031124927973201592
0.034439665261202325
0.02689396621419105
0.0299216264169305
0.030814272008287028
0.032079300274759026
0.028290944404374713
0.030975174387090076
0.028550801420426115
0.032374605931078965
0.028725906366255518
0.030563407320565044
0.030824869629503107
0.026744159812164398
0.026497808331922175
0.03197026357203214
0.028466557866583267
0.029324988682436434
0.029784999396323633
0.030554048587174084
0.03167955050071797
0.030798268642945166
0.033021965706332895
0.02577940878721002
0.02555528500338252
0.032496283882303544
0.02891182939101082
0.027747213113933612
0.030308104857790452
0.030428614053361787
0.03134348198035672
0.02998751288888833
0.026999838362173297
0.028548587473610845
0.02905250835017516
0.02956547617751102
0.026035995245239554
0.030617117549841984
0.028414762910539047
0.029048641425041027
0.029067595827823076
0.029824960971447396
0.030076410738715472
0.025649970520186263
0.0328607519575132
0.03330936682453821
0.03545597256131423
0.03271734001273916
0.034419641331679976
0.02856045231038036
0.032054891763255
0.0316721752530728
0.03333176841917567
0.028568963635748682
0.02944157704233732
0.022672124304928078
0.03287753224733304
0.03045759128454404
0.03040158243354362
0.025850235383913036
0.029255406855521963
0.03024643454581308
0.029314326646272093
0.031206626677139398
0.029340280398341398
0.033299785784971066
0.029682718304385885
0.034316257112778914
0.02591630728969064
0.03117552291518316
0.034032789515988086
0.03194204280824544
0.02448878714349121
0.030652434763480695
0.033516896340566184
0.03502101804964089
0.03263976985625236
0.03099260047549764
0.032405788242034855
0.03566976124152111
0.02983143749431922
0.03541162422685048
0.030806717100569633
0.028367125512270903
0.02924858696687107
0.029254490074788173
0.02723474108977079
0.02527731208769509
0.02823330782359848
0.029564210069321025
0.025111586907400917
0.031100587259219863
0.02126271668687248
0.03173654618843172
0.03082947656818224
0.02510092835694265
0.02894600907442136
0.026512769270406213
0.02770184577571061
0.028610417836656174
0.02897535704079275
0.03058940619610859
0.028738471374321634
0.027817509380073692
0.02857337507989425
0.02804299808653573
0.028748594571907933
0.0284761865154649
0.02704329322038505
0.03070461180102892
0.025225886205682915
0.0286089840470455
0.03092404312762413
0.026887408337696775
0.02990545267179513
0.02381574626600083
0.03169438793455088
0.03282712115727079
0.03095360759836741
0.027162037854297803
0.03512308115485865
0.029658293656897372
0.03916264172309102
0.02945087844840227
0.0333577793667269
0.030145635646775377
0.032250576546320166
0.03276706640369808
0.030725221823600945
0.03132816951793547
0.0300823718867599
0.02879679683589926
0.03441974912695094
0.03423638246440066
0.029070327695509872
0.031519276770249675
0.03255872586891294
0.026732740473026075
0.033586465804509295
0.03315927914829025
0.03416077447133527
0.03232383262619782
0.02669742485562053
0.03279541000837269
0.030823299584041636
0.027513381224633076
0.03459803966450123
0.02926960569382526
0.031063951041477803
0.031364530238967674
0.03133575858709474
0.03178577845522877
0.02682727022538296
0.03390461583285986
0.027829744445625693
0.03183771310887562
0.027658088078710417
0.029975093161920086
0.03357772584885168
0.029108374647031993
0.04012523107170963
0.02821746122223349
0.02886579483157943
0.028047296331258107
0.0314519593026489
0.03458471556122487
0.03235156502685128
0.03019103810806066
0.034919811169413895
0.03053297011841399
0.02922067379978939
0.03010741970083939
0.030768030065631207
0.030289156983146825
0.025504726911775577
0.031236422080427217
0.028403189258936506
0.026917810747340225
0.0313763999983143
0.028617557735206224
0.02933111609234355
0.025305508009981936
0.029662047191791666
0.026145399081258056
0.023932857231370574
0.025429782649585737
0.030100470184921645
0.02520215807733341
0.032754092431292896
0.02632745508483659
0.030793490483521077
0.028438735321068612
0.03217082071529988
0.03103548078917158
0.030987755795463156
0.031814434062368654
0.03050380727815
0.03056888657253391
0.034287683986043795
0.026395780960032984
0.03218159876220549
0.031857093293010855
0.026902672155306506
0.030031961468734946
0.026838579821066022
0.03303977544113154
0.02401985707289826
0.02461853363381054
0.025442652586990824
0.026423011173327
0.03251141413586596
0.02950539910297942
0.032308601366970925
0.028574389986804304
0.03427507771501461
0.031248135979358965
0.030990806056555204
0.03242781662937397
0.030002498690215033
0.031180930058941996
0.03391119481869585
0.032381674781059605
0.034265173935832886
0.03272666640054339
0.03153402048837728
0.03584872716082595
0.029732142399268177
0.0294174635830598
0.03783476991934899
0.03827721533449128
0.025580586184477373
0.035691668967961165
0.0367393878267672
0.026026653870660364
0.02941707230399912
0.03116455986373461
0.030125813770633288
0.0251962336162344
0.026472099784176605
0.027305957092903555
0.029062517467014586
0.030363700258282895
0.02789312838718522
0.030877174735546877
0.03056928113831255
0.030384368241991467
0.03357651854674212
0.02443388321180231
0.040101585193322256
0.03358786424072698
0.03038116779427629
0.026303905741392204
0.025099486948695415
0.03206661051834742
0.027820214384402603
0.030007119858279252
0.02594565052154044
0.025345603884675372
0.02434210939010462
0.027802564485822447
0.025353187148889098
0.02655322119542875
0.02738181098800105
0.025752040702933205
0.02892891307897233
0.02608251048502727
0.029220044531543046
0.02854930071804959
0.03505085475820427
0.027110421215781035
0.03242820660189654
0.027664929103383865
0.029813597273851675
