0.067008142082546
-0.45574535896571783
-0.4135204753432518
-0.4611120091034816
-0.3499810504225584
-0.35550730656354856
-0.3035922339329353
-0.2601391015335535
-0.22738126441836357
-0.2007248581506503
-0.1648191643377336
-0.14211692865967798
-0.11047462779030097
-0.09599120259040203
-0.07665620943014988
-0.05880790578517824
-0.0476007728300129
-0.03146281465768623
-0.01593675522450119
-0.013229061603450623
0.010165421730384995
0.026111139298583833
0.03827848684353133
0.043057624030356796
0.04640218636038928
0.0470058964093765
0.05785789874185306
0.05781080892596107
0.07035482898712732
0.07048274275536338
0.07313061381179208
0.07672668509065914
0.08130345900926608
0.09469874850235498
0.07284795613198254
0.08574126060478962
0.07630953084310302
0.07732764516527263
0.08946855961414538
0.07201927358302129
0.07809330159335588
0.0839896687760185
0.08675716532997262
0.08668450147520977
0.09320361263638076
0.09004866070388697
0.08859398174495138
0.08734135550371437
0.08684880500092194
0.08126816855421147
0.09160418437005809
0.08681057900297068
0.09244706019974099
0.08614118320103258
0.09083687400636382
0.0924960143183573
0.09087605422171645
0.07178721143625294
0.09521958183195704
0.08818747281553582
0.08764284723542798
0.085333216138996
0.08721898443226773
0.08893778217651953
0.08317430031229145
0.08421865176448289
0.0844511912301338
0.08663163465382054
0.088521741465546
0.08836235212675558
0.08222933753003861
0.08681724345862256
0.08833001605832042
0.09225367069638406
0.08547853344770817
0.07969959126158546
0.0886410969019963
0.09368036637390152
0.09494508341434621
0.07517133970238948
0.08805994094731524
0.08494296856224537
0.08740528099125443
0.08190576103232347
0.09038510016488055
0.08293872502623484
0.08647496183372987
0.08196263003807802
0.08281544007134074
0.09303252811466033
0.08258072005910203
0.09464059012512174
0.08460251321562398
0.08742189465257792
0.08827746492804578
0.08614857495935538
0.08130088360675682
0.08993006079765156
0.08326327464280603
0.08490321436551405
0.08845493833128458
0.08853565245828157
0.08469045389307818
0.09285357152201379
0.09193445190411205
0.07931990559143462
0.09446887058595446
0.08173451190635275
0.08435319193746321
0.0873947041712176
0.08200898601745184
0.08789783224511223
0.08546256036676753
0.0880135665444705
0.0883465976979679
0.09396632590916199
0.07575301335175307
0.08552518382732673
0.09154442487409911
0.08388673932804988
0.08511761438492566
0.0957620836479458
0.0820867814625112
0.08938313927635766
0.08371200628895074
0.08807335199910599
0.09001005931924551
0.09068552166169797
0.08614387768111789
0.08513604409504646
0.08972913600856629
0.08763514297315851
0.09074131503211669
0.09047175313969955
0.09056927501164282
0.0853844459168613
0.08180968867352184
0.08162058510105663
0.08919986878485921
0.08163792921342321
0.08856696378415785
0.08662539364841695
0.08693852534947487
0.09545541669649538
0.07488395369250495
0.08439697601163808
0.08400452171858304
0.08197114317534634
0.08548079919165526
0.08909488207726286
0.08395282713135178
0.07508496183734865
0.08050784901477015
0.0833608921121012
0.08331756499022819
0.08677717890136707
0.0792212570593573
0.08124433134298903
0.08807469409388992
0.08424020427852295
0.0930047039873898
0.07673625707363663
0.08678451517778926
0.0833521571308852
0.0899454806529087
0.07765897454347652
0.08555475045413448
0.08467814782306027
0.08812634580699989
0.09590971473237285
0.081757416728084
0.08278355274486761
0.08511394092765374
0.08658277218697223
0.0888851166187893
0.08180936678564206
0.08339507231214204
0.08678772304362307
0.08400882307681828
0.07791260630578901
0.08735397407122386
0.08950805203296626
0.08688471532271554
0.08489170357501373
0.08826673351308832
0.08442049793099077
0.08596831021131948
0.08979204310882592
0.07505939741609977
0.09136517049792485
0.07839877820433452
0.07967058565849677
0.08690517744891202
0.08070672033921791
0.08356399289690532
0.084224293663059
0.08775631838705009
0.08709305121760386
0.08501410054741428
0.0827788063333943
0.08312781404417295
0.08621642999171925
0.08464248859239981
0.08920984758834283
0.08927977694905936
0.08578160100270253
0.08351996896119836
0.0953474733280018
0.08674974780729733
0.08312536994884655
0.08997484707655624
0.0814164795997875
0.08306507532237074
0.09208525248207317
0.08779301945597605
0.09115277751310108
0.08937248959838866
0.08269705536942451
0.08709733768557318
0.08773617351973184
0.08786791656285715
0.08722145562597479
0.08165020598606088
0.09109660706554468
0.08277886546573614
0.08001381109247749
0.08684909136321109
0.09064261871061693
0.08927645821449681
0.08753291264490541
0.08373440570997982
0.08707539000609428
0.0774132488307376
0.08858794785785273
0.08833406010720259
0.0827262607946371
0.07363100449841183
0.083215211031254
0.07789085755297818
0.08528825534650912
0.0812822569127326
0.08176839981550495
0.0830437521223361
0.08418185985438191
0.08588854213445209
0.08414019985984152
0.0808931153157923
0.09008384631582513
0.08070716275199233
0.09247686709575832
0.08986098151430129
0.08313554744751085
0.09430202389261327
0.09129372322334885
0.07755259862259174
0.09077778008414987
0.08188261792395049
0.08937540386395995
0.08274106290131712
0.09010717804567554
0.08517162935951582
0.08185115422223671
0.08750777474801558
0.08977091773771323
0.08603450389077458
0.08600769613135176
0.08908435905782076
0.0876613752797055
0.08750241048341521
0.08242182158268033
0.0890196257751459
0.0818371168631599
0.09125178709256057
0.08698266390308093
0.08522586995461144
0.08837667473006802
0.08375261146239399
0.08458433185110036
0.09145786117266816
0.08328924245030905
0.08285395525536166
0.09175183958857536
0.07607963906029443
0.08552978733727613
0.08425717080214945
0.08165509768952735
0.08351792081420381
0.08197878949427738
0.07830640609519413
0.08129388563236437
0.0844434793644513
0.08106415943311265
0.08065670804442981
0.07845160824945197
0.08603485131290001
0.08178771082177544
0.08642756663597165
0.08164773705618408
0.08556759945976619
0.08977581428084822
0.08109744882497649
0.08738607392177726
0.08371690262865741
0.08533394732393133
0.08110062715818342
0.09079889439715025
0.08308082409128427
0.08315561952439543
0.08049826555921194
0.08222674370850795
0.08904174628515671
0.08567848579725997
0.086192858497051
0.06910295088876946
0.09137488652128153
0.0878458535189006
0.09052962296558782
0.08412757751648314
0.0839663430073788
0.08571756422633114
0.08895311349277528
0.08702221122982268
0.07381641838568238
0.08618280612639724
0.0817639345724064
0.08585692782817671
0.08483776073389424
0.0844911652817152
0.09205286831021135
0.08505402322596824
0.08753660969191399
0.08365919226899934
0.08246925913407699
0.09198519444952791
0.08468101984427238
0.08346805525018285
0.08593273305950555
0.08686954573584864
0.08522140730667907
0.09113226058498884
0.07648371728696825
0.09514876981086742
0.08379885357310578
0.08098160974287356
0.0819731797497624
0.09686208574372965
0.08912163829992119
0.09290520442613902
0.09190609966709207
0.09051061168705556
0.0839605091215792
0.09197579148607567
0.08672485225416052
0.08709486108034467
0.09219063588101656
0.08548038025126936
0.08585704111118013
0.08662020419843686
0.07838206733935155
0.07322082132077179
0.09376415097608398
0.08218030746345623
0.09440236961271671
0.08074051289379265
0.09638184835740293
0.0799725080631339
0.08175669869225925
0.08826973454143183
0.085342495667581
0.09091087309454264
0.0869386218075539
0.08157241589563992
0.09304910623468458
0.0846914314714153
0.08633953113950646
0.08248044189307481
0.08133055113736563
0.08050321412320512
0.08421680555284883
0.09335783415336688
0.07808057990623637
0.08479563858067521
0.08599610078918676
0.0916588883964906
0.08740831425345208
0.08142875257031754
0.08539507223322289
0.08593534958154823
0.08949703530271132
0.0805348450454543
0.08821185659378385
0.09343407309482782
0.08570943600468289
0.0883692490559322
0.09026188447784919
0.08404215301718349
0.089377074136148
0.08417053638967889
0.08710468838451048
0.08354269707305297
0.09291969601017161
0.08314246293134951
0.08057225367042403
0.09083639009403645
0.08961182045213019
0.08903531286468466
0.07517161183626367
0.08815508112311363
0.08294711594114629
0.08012932892829085
0.0907647919119858
0.07699947237001302
0.07793658473409522
0.09247332574286235
0.0811165236044102
0.08497351697610261
0.08391955604624504
0.08428338263422633
0.08174650258771203
0.08207629238231443
0.08633980473790032
0.0824346475486751
0.08607812825566492
0.0804256682170746
0.08366280106166438
0.09057255767335076
0.08202965407369611
0.07904036454393719
0.09611284035222176
0.08034475518521876
0.08217764024485429
0.0854941897547971
0.08384244084949247
0.08230221884396786
0.08288913139989838
0.08306695959181525
0.08771673258011922
0.0803286822670205
0.08412129007375393
0.08261159757843975
0.08258264068587241
0.07910709359193555
0.08826671231788798
0.08236488953280525
0.07844688188777768
0.08034548517271804
0.08797294138363586
0.08011609635984478
0.08239973198073224
0.08325567839768691
0.08757589235528707
0.08303342038252129
0.08420836015705926
0.09506006992708604
0.07800413359804317
0.08225745004124176
0.09372540617455692
0.07367011461383066
0.08245950375373165
0.0889576205622572
0.08126091297890525
0.08368238654705307
0.08257034021274497
0.08474737944690368
0.08689239399137501
0.08010382165771145
0.08871024593663139
0.08407602412327646
0.08425914312359124
0.07885603588790847
0.08547413853625468
0.08763726559760145
0.08449717400079139
0.08202687798587319
0.08143669691575596
0.08531079161091326
0.08534669880128394
0.0815030775179203
0.08574947797967933
0.0873316351798563
0.0877495781778961
0.08880307023258259
0.08356371351983398
0.08653026374522596
0.08575908143703156
0.08039278893146473
0.08056339827778104
0.0813077433151193
0.0889680852698616
0.08825699509448336
0.08929718708894097
0.08021531543681004
0.08673678101338923
0.07820027620301773
0.08378862381923216
0.08772945331793147
0.08412784094017788
0.08251842409506654
0.08586504013219383
0.08096133439640443
0.08150969399975087
0.08604791335379466
0.08110663599442118
0.08733798017343268
0.080542943805239
0.07820190588450388
0.08020023070395184
0.08229283239179028
0.07891370981083944
0.0806866445138346
0.08794294301560746
0.08632993711922049
0.0781740811639443
0.0761907978890798
0.07139872829549206
0.08097223345882809
0.07995460066326464
0.09096017575118309
0.06678311095628231
0.09293428022050275
0.0807286907829201
0.08649146712492578
0.07987279205378563
0.0808052966526399
0.08382693285313554
0.09116273929054539
0.07590652671325444
0.08441448040151348
0.0846241348690222
0.07970916530541264
0.08704453332175036
0.0813714889643075
0.07953962494510237
0.07934610118726805
0.086584391448205
0.07670642835810446
0.08420792173427076
0.08013742522348483
0.0914430536604367
0.07898503412471679
0.08134110193950153
0.0863422066565806
0.08212465600437822
0.08643623005318193
0.08177509602541343
0.08379159042289337
0.0816948484369697
0.09075237708315492
0.08202721574821342
0.08489571908094849
0.0850759270033823
0.0799577456581084
0.08714610807215556
0.08169053671642756
0.08688340081015411
0.08077286199124781
0.0821032079244152
0.08892891348864979
0.08050153609693576
0.08415778549895503
0.08693039338193977
0.07999053561242106
0.09423971212400387
0.07885324441386052
0.09086427887519583
0.078267016255846
0.08832547245875526
0.0698044305545642
0.08061730977243338
0.08001462386395687
0.07856315364822364
0.08053364913659887
0.08076982085282604
0.08097667393785042
0.08245878463755779
0.08700570743172788
0.07846206403098618
0.08695908800627176
0.07573222417402296
0.08738548633349964
0.08564137096594399
0.07755620219007445
0.07995120240733601
0.07730859065240321
0.08759641086687155
0.07842208761476752
0.08159029026476977
0.09774894168143734
0.08122368922027258
0.07962099658056664
0.08424722090757523
0.07829451544974476
0.07965454934254432
0.07859786024245505
0.07826405266467377
0.08228188041502084
0.07961273396869775
0.0826071136176604
0.08916568040179136
0.07806187328219844
0.08025362666081398
0.09592700495842832
0.08787042231605692
0.0819122631172575
0.08925101990536906
0.0840412735980816
0.08575890724045726
0.08588614150648936
0.07424107023025266
0.08525879973213961
0.08357916506699836
0.08926465312647335
0.07888256422518633
0.08841880556906406
0.08770787013300622
0.0819706833590037
0.08446151038052706
0.0810270214274239
0.08696249133417717
0.07988612468784245
0.09189412422322979
0.08475179050523692
0.08087170663952398
0.07770628765589581
0.08680086893071301
0.07883790645402115
0.08924551404839477
0.08277503245656426
0.08802553213332803
0.07877269889786243
0.08020260209987799
0.08015672385764237
0.07612224991063181
0.08496581837797958
0.07862911524657064
0.08164422146361082
0.07691754451283113
0.0815607074698887
0.08460267653378348
0.07655858352380351
0.07896725997083988
0.08190262605054065
0.07863408041720947
0.08117953751755591
0.07671640105664922
0.08503898906772239
0.07873614284699448
0.08704457043980558
0.07449693978131296
0.08289471672465785
0.07837417713091828
0.08352469662883474
0.08221901118388185
0.07436219327545797
0.08398963270219377
0.084226235079591
0.0816195852129171
0.08324650414317894
0.08148681375508507
0.08573201611688068
0.08471756652072192
0.0816349777034842
0.08158716777733599
0.08817723810192174
0.07488290460642953
0.08397725720610769
0.07763643026208648
0.07490118759152933
0.08718736837327015
0.0778299124001
0.08362831294667931
0.07790944569293433
0.07509305264042594
0.08886031442715858
0.07723272403117078
0.08623001655199541
0.07356788357421278
0.08902225620426739
0.07580304013995023
0.07768015776498195
0.08220827264162019
0.08099769214884593
0.07862170830679437
0.08457891222692873
0.08057889357302114
0.07990283898483866
0.08490238019193594
0.07893805366081487
0.07795297135807908
0.08578103611735292
0.08167306629848332
0.07830028771542204
0.08050470447573715
0.0821242309711707
0.07679635845721723
0.0862793369532063
0.07784226871668719
0.07889385914760426
0.07607792256495509
0.08043415202544285
0.07949747007835704
0.08243062409440963
0.07996546283740406
0.08276423396727739
0.08058597173374624
0.07757056729826264
0.07953658694496904
0.07816851999885283
0.07435323387930672
0.08992320032109721
0.08045804540131193
0.08305754146347634
0.07545713028595902
0.07820274657450425
0.07924191545294329
0.07854453275123467
0.07550359442915905
0.0938348523233659
0.06720170366267363
0.08204514759479654
0.08193769011400619
0.08228939537746975
0.0796800478009316
0.08296058483599783
0.08229717037742003
0.08556672219210901
0.08782516513885452
0.08395003793456664
0.08005937611630473
0.08873097037012952
0.08414031659547105
0.0825264687079769
0.09025371322253098
0.08394415722742007
0.08555111317023731
0.08438903136411682
0.07513600704364645
0.08171338886022568
0.07922993111196541
0.08918118729294898
0.07436017678596843
0.08652256320720204
0.0789344495574299
0.08283637002952253
0.08330277917811121
0.08060562305218832
0.0876602685258079
0.08341555378358
0.08311097542934406
0.08434506541488167
0.08185882862636414
0.09305183234361884
0.08271587997770462
0.08896662912000186
0.07881175356511122
0.08836100581184161
0.08035176341177132
0.09136845531443563
0.07416854931805761
0.0883466459165972
0.07621895133201272
0.07920231992253461
0.08589375460645757
0.07346376401069275
0.08715325348431435
0.08391684022170898
0.08470761446186748
0.08297515777954594
0.08976186001061415
0.08044534185513233
0.08457629959910917
0.07895368789233125
0.0838237322136336
0.08829526141441117
0.08238793491409757
0.07751113241545868
0.08323665589977725
0.07835937171371486
0.07789015820569312
0.08716273249861282
0.07995596552867097
0.08953488714193018
0.07447177293077589
0.08538999020313032
0.09102483780887456
0.08072248717101338
0.0820522873819125
0.08779074332709663
0.07998732857328529
0.08112900915125815
0.08300882273477514
0.08711704157280903
0.08250705129526652
0.08106369939990915
0.08934609847134338
0.07914519551204882
0.08594942421485216
0.08490323411384358
0.08127575895177404
0.08150846256541673
0.08657394294889692
0.08476535604030896
0.09864201315690596
0.08179527293078792
0.08711067730656419
0.07386503392123044
0.08285454126815192
0.09120846171326076
0.07899741374720366
0.08244771329709925
0.09052668151159127
0.08518214216455818
0.08243034799129535
0.08476194091923296
0.0813153654048876
0.08586451964906584
0.0813243327722049
0.08768736031473591
0.07802824201748873
0.0868457244338993
0.08883063028303859
0.08157345775234251
0.09080474006626994
0.08801290535021765
0.08036324522034145
0.08713812058170636
0.08094527229639845
0.09147186896477182
0.0826356588749406
0.07893553438674038
0.07849968596770523
0.08315791172208264
0.08149696819764825
0.07925993184372858
0.07657370823375785
0.07813283303907016
0.0795951753835349
0.08117758656243006
0.07783833283554906
0.08645648279522833
0.08166534931261618
0.08785574575938368
0.07346949835430282
0.08860337566285847
0.08470952765037043
0.08359759315506567
0.08112822238024539
0.07727209872816904
0.0902989012711586
0.08694953226586222
0.08004915647548981
0.08334353311250034
0.0835788714284531
0.08507728758671035
0.07942201351017082
0.08186817523970977
0.08304027599423977
0.08462787142757756
0.08455579233779692
0.08261572688113517
0.08410684767459782
0.08862775274468825
0.08688129747449869
0.0890759832240665
0.08626301327350143
0.08078146791055751
0.08775928235771015
0.08093210403667166
0.08853115978880595
0.08266672017440821
0.0872073940329779
0.0763313188085587
0.0888984860953851
0.08200381144236486
0.08224117403002217
0.08828367335029329
0.07613790755798945
0.08564226036113
0.08696075421013609
0.08386394330296659
0.08460280289142154
0.0816778449061064
0.08534999357966276
0.07720527435885742
0.08377459674475876
0.08382690626417454
0.08839646130471897
0.08607202260247551
0.0886607399793903
0.08620376818535778
0.08792490544699084
0.07471852672056113
0.08827704141388099
0.08561500785155939
0.09072610402109627
0.07984643347609119
0.08838261524344536
0.07756331442371728
0.08546543741980807
0.08463426098952857
0.08542344794602683
0.0865679531759666
0.08481178872782785
0.08224783669146023
0.08552141645557593
0.08245994329052524
0.07750874226051169
0.08614295436755362
0.08565847857266468
0.0871555224344588
0.07700585908441542
0.09075684351428674
0.08157915305883552
0.08794587508429033
0.08535866402373171
0.08289399357118572
0.08720243859122723
0.0789025940492791
0.08221331063526659
0.0874963326846624
0.08005375715557676
0.08924711355820107
0.08294878073621732
0.08631157699135843
0.0841742149320616
0.08801024736030974
0.07719752989613857
0.08506539591758039
0.08999190477069276
0.0787518767031053
0.08318901908127233
0.08477485268078266
0.08749402493256359
0.07948633742948565
0.08493996501134601
0.08107985579169905
0.08765195478574755
0.0803852075851188
0.08495506999524645
0.08533708939012752
0.07825891539025692
0.0782210017602222
0.08694385213192361
0.08090471286553881
0.08253088984817553
0.08280705273843919
0.08393681700227973
0.08595945447047527
0.08414478732499843
0.08752996362745762
0.07714028172717334
0.07617039028137254
0.08790578933041662
0.0817827507853508
0.0806843838641026
0.08386518876307095
0.08363832004714566
0.08551632023161988
0.0842458796510096
0.07948363635477085
0.08164703387958117
0.08223173222713506
0.0829971856234643
0.07789324683522304
0.08477727304964972
0.08168585765554617
0.08225230522907506
0.0819348797091665
0.08328571890492756
0.08344557612614993
0.07639123774850025
0.08727450389355325
0.08786381754519729
0.09077540423261383
0.08666783855863823
0.0893798978593296
0.08093263191553071
0.08538281252900234
0.08525296869084764
0.08871940668726053
0.08097065073223068
0.08206398252947017
0.07202250757581145
0.08790712786826473
0.08393543493480254
0.08337157431374996
0.07791361615258771
0.08279741217653888
0.08365564622844641
0.08167503980370477
0.08533239623363606
0.0822201928932769
0.08772336194912593
0.08247430082171774
0.08919695067243316
0.07577111007077082
0.08537188750446942
0.08863257807955588
0.08593003852770496
0.07406313062484304
0.08484433347550341
0.08775598379628112
0.0910255224940976
0.08587428141170396
0.08393215900503445
0.08663965320238509
0.09095681357281044
0.08175545753198467
0.08992351488947557
0.08348929851363676
0.08050216112811213
0.08183303886578823
0.0822697617358361
0.07960306173250174
0.07632052516922928
0.08133191022669706
0.08308163979666297
0.07569541237317026
0.08622153846200746
0.07016483618436047
0.08581749312818432
0.08533354193234864
0.07633393335541208
0.08200289877818133
0.07765796928956077
0.08044401210290977
0.08154203740414231
0.08166698125214913
0.08414218391990289
0.08103426612006166
0.08016122645662668
0.08187386739330414
0.08053495779346961
0.08140587679391058
0.08111896993449101
0.0789164738678851
0.08527139409576566
0.07608656178240497
0.08105218006525179
0.08501507506156579
0.07893720241054558
0.08334113659026722
0.07394683426574399
0.08732635174961521
0.08549851188883902
0.08522383925409462
0.07696513748333718
0.09081719416568283
0.08123792895139792
0.09700918172886118
0.08137200208237538
0.08793356202718898
0.08241667595687502
0.08631973056068931
0.08707810322073503
0.08345373100899638
0.0843298897245684
0.08275395592701477
0.08025652897896436
0.08918185071595824
0.0887114097071716
0.08105657695335909
0.08465207051426077
0.08681671609087155
0.07716907037762352
0.08824812317332731
0.08767198498139922
0.08941693967969444
0.08535919363956708
0.07766943076529946
0.08754046272489434
0.08432446908719168
0.07888077307934276
0.09009958836488807
0.08112431123363188
0.08433232426700087
0.08476872878859584
0.08467836908463282
0.08579965033329641
0.07828488904499234
0.08886167576345495
0.08008392145140814
0.08647023344573636
0.07924104527486726
0.08257778025805378
0.08853113899389521
0.08156040131699485
0.09858364153605623
0.07931240256114576
0.0812648361369681
0.079658577664612
0.08491557313394972
0.08995516878293039
0.086392194008789
0.08299922322826789
0.0905317136443232
0.08334496981816557
0.08138041012586118
0.08298742733000276
0.08427300909235595
0.08398203837852447
0.07640098166228153
0.08554307444092746
0.08136247934128803
0.07851483927359088
0.08531908395460237
0.0811962316191803
0.08262814194507276
0.07590601099595332
0.08352441853330209
0.07808769681514838
0.07565704925002184
0.07718478912869707
0.08404952803117713
0.07644690308146752
0.08812354962947444
0.07772497578019587
0.08385314416462698
0.08013917523143717
0.08558940177138608
0.08390367270301048
0.0837952083728921
0.08475295888955514
0.08296681668419832
0.0833345483412417
0.08899859142525551
0.07759121633015383
0.08622497625116152
0.08612312931397285
0.07784697445025907
0.08334069761375969
0.07860934706195855
0.08813099655828689
0.07489134272058996
0.07573787643311497
0.07691826064509745
0.07815284562918047
0.08772052558786714
0.08179893706453582
0.08730536825172842
0.07969563060249082
0.08885152714494138
0.08481708088641962
0.08358058142475784
0.0863291554592508
0.08238382965015868
0.08371602207040175
0.08885562638748432
0.08528571524619996
0.08896483797699405
0.0856545489794091
0.08427633439990669
0.09208690609026142
0.08250845043012538
0.08092572759741391
0.09408816120173866
0.09538624678553345
0.07557644708476101
0.09229578368182187
0.0934282200016941
0.07643177653435254
0.08232021085785117
0.08540303231237863
0.08355945461363985
0.07681571528351364
0.07900921716593588
0.07989748558925035
0.08221326877948087
0.08405167875715937
0.07984350162053791
0.08445155944985648
0.08377341213382375
0.08280252399341313
0.08832975491770925
0.07366463618102269
0.09860145592179974
0.08871711886768492
0.08346325429693724
0.07711130867007737
0.076390000531832
0.08695099383341864
0.07942293435842611
0.0839765804927223
0.0776983034892533
0.07831567846733378
0.07566064403941616
0.08077861504474033
0.07684041108154
0.07885193714860063
0.08028541003527025
0.07803275238040489
0.0827761101590183
0.07772672878823075
0.0818940266769063
0.08181566790116425
0.09075651345252155
0.07799527934477785
0.08722489066720486
0.07970821625397852
0.08324357750616633
