0.7406473274151675
0.1735516347008972
0.18663813122428763
0.1380954683934434
0.12677378527020128
0.0804823924972413
0.06090717539549447
0.054784761747279656
0.0410444395585308
0.03840117794073497
0.04177172326494773
0.036087759752841425
0.038779470211981484
0.036348803414222905
0.036821771128019556
0.039412044736747746
0.038482944484955324
0.04182143403927628
0.04240171667934658
0.041191972818715165
0.044239755008274165
0.047551067332283425
0.04888080706736312
0.048890235652335176
0.049361098159212045
0.04949066832046717
0.05131738502293443
0.05050581253002374
0.053817276201712394
0.05293465612563663
0.05302603844947253
0.05391003800114282
0.05535468268506707
0.059406842924773884
0.05166163911642984
0.05620884481721963
0.0530468073195945
0.05385091920944456
0.057536001598689324
0.05157799299489946
0.05305316443256556
0.0552434460624145
0.05558333714158298
0.05512353174436169
0.057434699521997035
0.05635826176581665
0.05617044982798875
0.055939341793194985
0.05555089747007841
0.05298830390883944
0.055997691844375086
0.05504218975488001
0.05692174097893234
0.055001069950417446
0.05644286374370448
0.05687999010969622
0.05723655387902489
0.04988488770412425
0.058178947052249734
0.05540950490424457
0.055301379677481374
0.053876240802212406
0.054762998997018884
0.05563022516643963
0.05427920737076933
0.0540023349918043
0.05437992391988444
0.05514782292242998
0.05566849992610514
0.05507590755676994
0.05321640683254466
0.054877900108336826
0.054983346072288275
0.05709096459994236
0.05447555311107769
0.05214139695744961
0.05525253814740632
0.05704318917093751
0.0586791327700783
0.05110642627860682
0.055384566428330846
0.05472965500293634
0.05564883718064103
0.05297798545052035
0.056800588173791765
0.054049117719300856
0.05530186811796366
0.053519775324429454
0.05380196231835259
0.057522039546464114
0.05320303267739618
0.05817665485545802
0.05376982659232826
0.05533575475311432
0.055566702147898
0.054625031925164734
0.05278838960847889
0.056410563605216645
0.05336379492535996
0.054370066687130396
0.055886199980830914
0.05541645243931084
0.05388282467491734
0.05662129051350535
0.056802813725498245
0.052227981107381104
0.05807419633015226
0.05327436250503151
0.05409111875789956
0.0554987809035736
0.05361718727956311
0.055726548210264015
0.05431772135675718
0.055604195246735634
0.0554780197252209
0.05776466482724899
0.050544619790087335
0.054452943936205256
0.05692094603780275
0.053753089980007364
0.05364525746434736
0.05842696760351268
0.05313304472022141
0.05637055116956337
0.05396317445601408
0.05528972677838726
0.05613655610523449
0.05644409495871514
0.05463921396443859
0.05402573105544807
0.05577476544138522
0.05488986776043207
0.0556600435780218
0.056110617246192235
0.05641771363727271
0.054288956041758256
0.05332620893485653
0.05322700036235918
0.055915270396508274
0.05269921698058263
0.055891352438200745
0.05464172366684159
0.05449829151591238
0.05803927388340712
0.05113076441563093
0.054728992538860974
0.05449124574243354
0.05340342897062118
0.054730222657179604
0.05605600817331997
0.05460732714631236
0.05110739912861624
0.05384811878275986
0.05458119681391579
0.05416468756022648
0.0555618489244714
0.05259456686520328
0.05318289050975671
0.055578712712471876
0.05405273061568061
0.05761443285378986
0.05100458792458551
0.055185309676931076
0.05368538527415158
0.05608689924463248
0.05173492510146342
0.053824743947300774
0.05430312160498057
0.054506201984790656
0.05855413179975958
0.05250134455601279
0.0537968349762452
0.054763425822154835
0.05462259692617525
0.0561473801618633
0.053019396301048495
0.053999243031900665
0.055354553189439076
0.054006317810704696
0.051495435550952186
0.05557401747418902
0.056447474216111
0.05499956469553021
0.054053711775953
0.05626498209252858
0.05364497455959328
0.05502175503016378
0.05598038523696745
0.05065816436201716
0.05701228258056709
0.05259930997048146
0.053043866924081855
0.055341419304171816
0.0534421677599685
0.05394409743125718
0.05455909786351885
0.055377968582205284
0.0546844442977976
0.05428342681604987
0.05359727760944038
0.05342596906105964
0.05483825713610993
0.054084518844357284
0.055108299819776455
0.05575692512166615
0.05396633557378291
0.053141083002974016
0.05750341701369064
0.05522658520628913
0.05310508682189557
0.05608788176905364
0.05245695441053846
0.05339492299259664
0.05621394771748246
0.05468841680886749
0.05587992467559301
0.055532173411801264
0.05330409045593861
0.05500208762450478
0.05517818356434313
0.0552773482273691
0.05484864665195346
0.05329787847585976
0.05666048493690025
0.05338936486066534
0.05216938017163043
0.054859292522096675
0.05652349550360575
0.055285280874858685
0.05465996275620105
0.054011763574985355
0.05512355497608391
0.05079495990768266
0.05593323301500044
0.0553074865279576
0.05416091783390118
0.05031563139234025
0.054434300714339585
0.05175452819870164
0.05487188141649732
0.05266020364092233
0.05315291499838424
0.053492533622118525
0.053778534947345275
0.05388934828209667
0.05361198797368277
0.052207184649215865
0.055946661675205595
0.051387353056373125
0.056220154471408865
0.05501750001910692
0.052282635821626545
0.05706728507215396
0.05565532519338796
0.05091923291926296
0.05575958851318902
0.05278228111565113
0.05533646789725679
0.0529665505567279
0.05541580497370794
0.054161471084882624
0.05238911867476045
0.054500992579433395
0.05561421426633994
0.05389246909807508
0.05388689032779672
0.05459396452404176
0.054434966695351666
0.05470159219709249
0.05243464181951892
0.05511276210025431
0.05243503929187472
0.05637191255541089
0.054465179465329035
0.053967666666572676
0.054875003966168526
0.053052863154488684
0.05333486777575066
0.05669777227852207
0.05278893594379322
0.053848718190326904
0.05658242878778718
0.05057863928795529
0.054693270398256104
0.053956513709197636
0.05279893368267669
0.05363232283494793
0.05328498454167484
0.051638860248912795
0.05264824581368325
0.05426544005361696
0.0527117889893886
0.05237875154707581
0.051905557011755615
0.05472505496074565
0.05241978435824888
0.053960323438812526
0.05294297649644506
0.05377100850753964
0.055447881857458595
0.05202350156584707
0.05414479170113993
0.05352604671930655
0.05384048323194759
0.051922978974210145
0.05576089883091836
0.05256859400870804
0.05291428494338806
0.052221066690384385
0.05242183233420245
0.055427855254413606
0.05400815442896997
0.05407991780756185
0.047689387371214344
0.05579847230707319
0.05448046426694745
0.05519650205492209
0.0532697301184854
0.05246001606723533
0.05332139373565905
0.05519396670532819
0.054519590967072123
0.04998646684241696
0.054437839747884145
0.0529140340606085
0.05388502020997783
0.05324698197118078
0.052760967217051445
0.05550602387266759
0.0532372916660582
0.054463309907497696
0.05290380493701937
0.051913360035858856
0.055751784613881354
0.053263316484980096
0.05260979083474152
0.05375454886756742
0.05385361372564847
0.05356707356464213
0.05539484181954788
0.050416037898200254
0.05754095465780642
0.05299559607385443
0.051838392748210865
0.05200854833894528
0.057623115677434285
0.05381867016116396
0.055570431847650655
0.055266926216725736
0.0549183454304838
0.05193421743953457
0.05537067592108192
0.05358727783716929
0.053997877274807066
0.05591252755003576
0.053254810361884154
0.053645520982666846
0.054360625117372434
0.051453097969389114
0.04931266759104358
0.057156124848944063
0.05230261458692929
0.05666733586157744
0.05144043255549593
0.05785124975387962
0.05137042540173309
0.0522873884652001
0.05440376373246694
0.05327190114662815
0.055523505987814414
0.05394684421017957
0.05238105722535879
0.056045804523194256
0.053451540816623046
0.05379474469078466
0.053171001185472
0.05268863835849632
0.05258459286131442
0.053468993042285244
0.05693228943989827
0.05177160517957348
0.053779914622338346
0.053810466658801605
0.05643153589051694
0.05480215938176769
0.052638931012449736
0.0541687814041208
0.05336139707300717
0.05539293841291697
0.05127291248705334
0.0543706123263408
0.055860402248799804
0.05290770770695347
0.05486374064468039
0.05548418309384336
0.05302317770114407
0.05499402630763749
0.05334259815729008
0.054741508461152895
0.05302459178611827
0.05697520119675364
0.05326472211641092
0.05223588620025951
0.05680526245194368
0.0558980428112241
0.0551346256182744
0.050038822579125945
0.05578378293102082
0.05338351242363644
0.05184202324061726
0.056025820494127965
0.05159150988866503
0.05194655482848294
0.05686528889569812
0.05263212247966574
0.05295356477204806
0.05384911966438477
0.05332936029881239
0.05268901872735184
0.05291639768387167
0.05452592631754203
0.05297163447293524
0.05398795121134474
0.0516053447410321
0.05333548744913573
0.05556364298845904
0.05198819173846203
0.05118276352564303
0.05755995160494095
0.05146566303625989
0.05271058136131614
0.053226349826973794
0.05340862529686628
0.052076372129914276
0.053158912037570887
0.05260013370679166
0.05453155874692572
0.05172186412442571
0.052971622270818516
0.05310238300679395
0.05312898826534645
0.05132678046535987
0.05465009183002015
0.05295391953430879
0.05129812626430812
0.05233121713838325
0.05475344543393033
0.05158244866447953
0.0526887509225605
0.05275969113020274
0.05426841530089195
0.05204124712886719
0.05281444558372291
0.057146267268735056
0.0501302103458259
0.051981646407586644
0.056800969201140104
0.04908408174852435
0.05308012911118567
0.0552730126455665
0.0522105500770685
0.05303903443870159
0.05284803516279237
0.0530929362675987
0.05403831255240127
0.051251748089009945
0.054624670782150365
0.053593964280727775
0.053600316028445005
0.050820721478129806
0.05430435778286594
0.054528321161006504
0.0533918853276051
0.052696304125950125
0.052018791929078406
0.05366634991115485
0.053417008224492656
0.0524014226340044
0.053515562241992505
0.05424645084541482
0.05393302415330441
0.05427849946113733
0.05252773389339638
0.053404759283726795
0.05359061336777627
0.0519126652728002
0.05183383276900993
0.05210551285746101
0.05556970722018144
0.05480925578994151
0.05542154941612329
0.05122429103745769
0.05368980411977436
0.05095307628910702
0.053167604318915464
0.054235297791922515
0.05267725124692497
0.05260410566085902
0.053900530372555246
0.05216305687760887
0.051904617679209855
0.054437040549535784
0.05200477392436602
0.05480637830347778
0.05211884911195972
0.05210408384147554
0.0525089161327252
0.05339844354834312
0.05208225216632948
0.05265925982071517
0.05499596912473536
0.05529927917314359
0.05176148082201298
0.051208329484320414
0.04992436892591799
0.05304579833068718
0.05238270783343185
0.05609679492429281
0.046975222061603115
0.05678420587060734
0.05193916654381423
0.05447213991592901
0.05180690358034693
0.05191735315363472
0.05321559984690677
0.05593028358506182
0.05022302322650854
0.05323605898361749
0.05403841791005853
0.05247702887759377
0.05542618470469442
0.052785888491556625
0.051998456615285994
0.05187658352825122
0.05415601155672891
0.05113742047598442
0.05373258932123486
0.051798324132314284
0.05558177223488784
0.051910667349465
0.05199754250665697
0.05476384699726716
0.053130378691742246
0.05454459196040168
0.05224387172478227
0.053352283148500976
0.052664809198811266
0.05578847976449208
0.0524888370753242
0.05337435491800977
0.05354122607729947
0.05164648917181274
0.054895179451276095
0.0520837402705533
0.0538601672438045
0.05189467591341012
0.05216179120784196
0.055479143556350696
0.05183882573141883
0.05350325766962786
0.05411910522514238
0.051151421085262716
0.0574208360296698
0.05165645956503562
0.05667223144764415
0.051346524147531734
0.055771877316949076
0.049383089837665935
0.05324761669318646
0.052797102159223494
0.052616667859733866
0.053092462352763575
0.05269191646411155
0.05268191397966196
0.05338843962810456
0.05504912587467772
0.051599649870051785
0.054479341668029056
0.05042187963337757
0.05382599833493049
0.05454940389161213
0.051038919068658005
0.052604377293027936
0.05100132546041352
0.05438941904486945
0.052010267183709984
0.052137715143796344
0.05844755384485978
0.05245795385518039
0.051995217662233
0.054409821746417154
0.051858991466295454
0.052711264681644165
0.05224561404006985
0.051794758449810054
0.05318235081847375
0.05202181777821328
0.05330507015236295
0.05525990112577207
0.051219529123045504
0.05142567708718185
0.057456440329312894
0.05461384237337953
0.05168396327883387
0.05494530126094245
0.05269367126031564
0.053405449012867534
0.054398423599867296
0.05020792743859765
0.05419791071401097
0.05320066892697165
0.05484026400372386
0.05147477239250946
0.05484161468831679
0.05447637451012643
0.05224981064048524
0.05361760037784011
0.051905637651156536
0.05445567016274883
0.05218436928668943
0.05640054729480583
0.05375240008490017
0.052494027123499945
0.05182124777422406
0.05475228128190606
0.05185118714013161
0.05605821545856694
0.052840367723733954
0.05539387831201729
0.051516378668542855
0.05238383067413591
0.05315163352240163
0.05200665541506635
0.05475355100173217
0.052680721970346685
0.0533801518774663
0.05134776691213632
0.05307942525101587
0.05399988433405852
0.05126124571901388
0.05252999416134583
0.053595610757549414
0.052207029339236516
0.05346560061085396
0.05131735984558383
0.05391982012392523
0.05167951950898919
0.055217466429353525
0.050507871734384355
0.053816075993176456
0.051595375228386656
0.0536051771000553
0.05309927163418764
0.05064786226214029
0.05351566143859273
0.052959134527004494
0.05256693420800357
0.05287090378622405
0.052442505552719995
0.05373954444837112
0.05347179287853531
0.05247196852742957
0.05239860161971779
0.054668426021145515
0.050688079551148874
0.05355500487240557
0.051384851947808875
0.050600807640988094
0.05447488419162348
0.05174417948732391
0.05397526461045998
0.05122122586740611
0.050691277460338406
0.05611590827242113
0.05158676667771756
0.05480181951469813
0.0507531826563466
0.0563774749959031
0.05080644506602906
0.05164348437832907
0.053258321462915495
0.05278891804866875
0.052361104257094365
0.05459910636612524
0.052669620752716674
0.05252844478326062
0.05440766117654932
0.05178951701770226
0.051175713281218824
0.054778329723586254
0.052398026031919585
0.0517603516459274
0.05262358763183539
0.05314784545260362
0.051074835422257776
0.05503542616079824
0.05179317011080014
0.051831881180166815
0.050956122460178076
0.052695220384078145
0.05205351922732706
0.05296822777256752
0.051990683395296146
0.053491431568414925
0.05268623114754565
0.051192992217002964
0.05196142108060228
0.05214469985654339
0.0503251728351013
0.05529434326558541
0.05255344894189292
0.05386471667338927
0.05066162281645796
0.05225754376405325
0.05221296975401063
0.051748636967311495
0.050674993737648506
0.05771211352533637
0.04778530029818798
0.053478220985151634
0.05249190454860815
0.0528858147143649
0.05213230519483869
0.05311179320471218
0.05291815718743377
0.053676145883181536
0.053995654166031345
0.053259426954751596
0.051745554123026054
0.054893843229048146
0.05297451613661953
0.052941735091213235
0.05539996652648999
0.05331637164673362
0.0539524420355566
0.0536324969242112
0.050531201832927766
0.053129080857317414
0.05155459063318677
0.05528212493428817
0.05043704096072664
0.054492905075088714
0.05146996651250774
0.052808309086741737
0.052978172993215805
0.05227681191232151
0.05480209388829863
0.053107056705257255
0.05276550805040946
0.053131540283823435
0.052396750629831776
0.056459249744717124
0.05203301566891754
0.05510765090107154
0.05178233587529319
0.05493636631872505
0.05187902031645465
0.05675426747781248
0.05034793310273343
0.0552197698635073
0.05145507229862209
0.051004984019061506
0.05526884944202044
0.04921807665974857
0.05483078888963717
0.05299008424059512
0.05387258964101187
0.05279524042748679
0.0553390338169172
0.05196385415784346
0.05362635484347359
0.051603889314887616
0.053188348927487354
0.05528561007350874
0.05320933209553074
0.05133791953528252
0.05373824421817867
0.051128239760127585
0.05173396416999495
0.0542036475888334
0.0518997664981259
0.05487204808383607
0.049529255603034145
0.054112629690326944
0.055803517227729735
0.05176110689241726
0.05278773303501881
0.054735676541876714
0.05204134502460082
0.05222169978317255
0.05316584898182788
0.054608348065103667
0.0528749764449178
0.05202323077365947
0.055454530118582535
0.05149042070246278
0.053791351865332286
0.05408949051649334
0.05218974304600404
0.05230878369393162
0.05388377353381843
0.052732034527863826
0.058212948059185574
0.052069478943490254
0.054532933714560784
0.04985491834425678
0.052880969634040806
0.05637156987467255
0.05125550218165303
0.05257463684030928
0.05530136219787005
0.05325587313108815
0.052135285476628594
0.05345182636907945
0.05224906809341449
0.05392396551055404
0.05275887870349181
0.05510895369896809
0.05062263500458824
0.054820053228654735
0.05457082998771698
0.05188940027251075
0.05567721343145539
0.05432540051973401
0.05169531509805566
0.05408272464126826
0.05226756100578663
0.05600435038109143
0.053463637803155835
0.0519543864692633
0.05191700684969337
0.053902691926281804
0.05384066605773301
0.052648911215603736
0.05205700805124182
0.05245017408906745
0.05290950354702102
0.05301868856036797
0.05177693302528216
0.05444753494185324
0.05310987687001053
0.0555021829646415
0.04981793780894711
0.05552286788857041
0.05377925953720338
0.05340346579010097
0.052798704527175194
0.05104370468761772
0.05571023333125198
0.054332769374984005
0.052166398252862005
0.053018094963417986
0.05347519635449713
0.053535983769390255
0.052331361736361985
0.05265328383837373
0.05284603672603575
0.05389682298156027
0.05346869021558609
0.05261341382582218
0.05379048919973847
0.055443427997092024
0.05410451176456916
0.055369403518927406
0.054069371974000184
0.05181546430879583
0.05428978516899336
0.052559917418357846
0.055737007249934745
0.05354212648593462
0.05536632456888373
0.050708196300249066
0.05537110075700837
0.05282254279053842
0.052604901049142845
0.055215478588182196
0.050773725144039744
0.05405113454430531
0.0549190719701493
0.05307225240036272
0.053255904499942865
0.052838234038044433
0.05392158837415851
0.05157551219364485
0.05359214177617851
0.05316417446861473
0.05488235017356391
0.053576018694692695
0.05462665087543428
0.05416640684975741
0.05469330149786308
0.05003070203611293
0.05515276297616462
0.05403422128934509
0.05529957828291047
0.05197748425297248
0.05510351359127806
0.05074536916561043
0.054251066385768355
0.053545740086776324
0.05356452257539599
0.054298530289163004
0.05339972619444896
0.05268192218962866
0.053924860573636414
0.05262988711623714
0.05139259087542693
0.05389298448661486
0.05363641533857355
0.055199315992351144
0.05060892533391523
0.055572557082781804
0.05192602993681645
0.05492791211745964
0.053306859636750935
0.05299129056839798
0.05432401622693317
0.05216422093948588
0.05333625388343651
0.0546863530917714
0.05200615497783591
0.055400210336590996
0.053266750166837414
0.05414795429350283
0.05353739187479592
0.054992800017293446
0.050644997828520645
0.05394618016643784
0.05555756698744611
0.05186311423372573
0.05327224393005077
0.053965116129256786
0.05541949788562189
0.05119962270538776
0.05396910564173968
0.05253402505798313
0.055282627943401726
0.05166470826937793
0.05439645274876593
0.05451721673628363
0.05152014522956541
0.0517282044992615
0.054978503094604
0.05244273933140227
0.053210861552864884
0.053027263747599834
0.05338805030303028
0.054284432405629794
0.05335119909499414
0.05451242697174446
0.05136537464717642
0.05061937979876231
0.05541344811924948
0.052874844868739064
0.052941294662200676
0.05356088726339527
0.05321331718721642
0.054176042411619656
0.05426176495026224
0.052487590864229085
0.05310201532780551
0.05318261858087797
0.053435199268353294
0.05186026730837348
0.0541628871871254
0.05327391649942654
0.05320680618632394
0.05287041426815379
0.05346438352985738
0.05337224752486994
0.05074425236835407
0.05441691680297924
0.05455700408261365
0.05532234472174866
0.053954006914192665
0.05496387334468846
0.05237593747114237
0.05333168046334042
0.05358406874016883
0.05539122837273261
0.05240535454060405
0.052626179897775634
0.04935399322734716
0.05503270845943823
0.05348078512574713
0.05297280790415616
0.05206655665861968
0.05354537698977555
0.05341345066001687
0.05236493761245257
0.054129539776402405
0.05288335922508477
0.05442718890232918
0.05279475748538971
0.05488383267134524
0.04985767233675011
0.05419962377203867
0.05460297878449544
0.053990767993486656
0.049577295186762245
0.05419509920518463
0.05424209149936453
0.056007349975884725
0.05323706033329169
0.052942200872497874
0.054237069888040425
0.055290391065705664
0.051927044721415794
0.05451562161652897
0.052686365191729215
0.05213840705557511
0.05258812656841026
0.0530190404641848
0.05237182208921951
0.051047136959954144
0.053101914594523035
0.053520945529453454
0.05058707506157076
0.05512366238623284
0.04890490103130921
0.054083682097590124
0.05450709753502638
0.05123601224667464
0.053059538552919644
0.05114796581164671
0.05274469537111238
0.05293458802327036
0.05269472321841675
0.053556058880610345
0.052299173698068045
0.052347485968866986
0.053304179152473805
0.05249579048608072
0.0526615962995073
0.05264705092323801
0.05187723354842418
0.0545707282741578
0.05086437319405377
0.05244705426709679
0.05409507881073902
0.052053579750757376
0.0534398545170776
0.05013507559047773
0.05563634205967761
0.05267513419370143
0.054273699410856725
0.04980670518767184
0.05569790057384242
0.05158338948594741
0.05785035245025005
0.05192536388714917
0.05458056703508378
0.05227545510487965
0.054073034815538004
0.05431504312496728
0.05273269490720943
0.05300562190166555
0.05267497994340001
0.051463696624462804
0.0547656725686139
0.05447823345864144
0.051989598631357346
0.053135763980352725
0.05426063664460507
0.050439078454525235
0.054663787899204556
0.054514838668565525
0.0552582720019974
0.05303817231160326
0.05097461820592005
0.05474763708547331
0.05350416547690447
0.05136996303589489
0.05550384138866017
0.0518567111193895
0.05327017984341066
0.053406464838040756
0.053345006907908006
0.05401620431803167
0.05145956447097258
0.05495903375976456
0.05225642991061203
0.05463505804371566
0.051585863831524664
0.05260553730424876
0.05495632372927876
0.05245460153091699
0.05846087136544669
0.05109735943603878
0.05240143963183539
0.051614296657797425
0.053466637873759444
0.05537313256914226
0.0540432518777939
0.052810748780552204
0.05561439658825596
0.052814443573021355
0.052162417528840405
0.052882599957788795
0.053507350097434264
0.05369503748638985
0.05089859393162605
0.054309577537843816
0.0529628577015291
0.05160109954348837
0.05394706301486645
0.0525829164747101
0.05330126446922524
0.05060499239927874
0.05386641944388453
0.05194601310082735
0.051727999108604705
0.05175888226606334
0.053953076822635455
0.051249748412280895
0.055373588542286786
0.05140174541216439
0.05306425004815444
0.05170497761991544
0.05342325666107428
0.05287329695748691
0.0528119802994367
0.052942926231891105
0.05246721658115395
0.052769640481505446
0.05471502846429268
0.05119960005454815
0.054047283369044845
0.054269727583353716
0.05094770119071771
0.05331214400342642
0.051774422536627986
0.05509480658011177
0.050874873580864795
0.051123024117894086
0.051479017954821196
0.05173322500195354
0.055212396352241434
0.05229694354944886
0.054999953330470586
0.05112472982265246
0.05457983932290704
0.05357234357044292
0.05259308543844292
0.05390459274550757
0.052384534337892176
0.05253813429019199
0.05494769735034937
0.05290771643153559
0.05470382679397097
0.05293181707294514
0.05274606420515249
0.05624186595221265
0.05278008817635381
0.051511847039756295
0.05625718054540742
0.05711253476747049
0.049999908844415006
0.056607755332086715
0.05669217100008749
0.05040871001636753
0.05290690255888666
0.05424249621155935
0.05343762229268367
0.05162370593931812
0.052540983444151396
0.05259474826116974
0.053153943645361905
0.05369156593910586
0.051953242869020845
0.053577048299261014
0.05320689337542997
0.052420611412097244
0.054756387301649036
0.04923400029372901
0.058503667240102704
0.05513290528399058
0.05308542064964198
0.05081020244397223
0.051293808854638766
0.05488800464365154
0.0516064940008502
0.05397389893396161
0.05175667375815698
0.05297399061099172
0.05132271082809147
0.052979837774705045
0.05149119625715778
0.05230216183162366
0.052906589433312036
0.05228366826613171
0.05385017854949603
0.05164781950939542
0.052677656785967066
0.053270559953167464
0.055709467536936966
0.0508882720148764
0.054799732120516594
0.05204673395372736
0.05343329405758339
