5.716116090988679e+22
4.1962187955478735e+21
1.8858042216642052e+22
2.9872756917160085e+22
3.3238489993206544e+22
3.3912438018773067e+22
3.3758892492275174e+22
3.3432080375708805e+22
3.2932776565354464e+22
3.2556056683617486e+22
3.210713295344468e+22
3.1804558127476754e+22
3.129152162935097e+22
3.091898229191501e+22
3.054345887802673e+22
3.0040783915492856e+22
2.9700311480536746e+22
2.9147412582816887e+22
2.8914201210982112e+22
2.845971408026039e+22
2.7991984617158963e+22
2.7650305425361162e+22
2.720750202645657e+22
2.6892435834686038e+22
2.6561455861844517e+22
2.600332856210187e+22
2.5667973203650067e+22
2.5280090604608233e+22
2.4931403110267994e+22
2.4641641345688376e+22
2.4256774356957028e+22
2.3981342509424053e+22
2.347207587061712e+22
2.3077513679841033e+22
2.2734471846029055e+22
2.250960342714706e+22
2.213247144872264e+22
2.1699018514302467e+22
2.143312765950045e+22
2.1062704156473276e+22
2.0718503459869493e+22
2.04145879122925e+22
2.000725115291377e+22
1.9753621378409964e+22
1.9415980811229927e+22
1.9072419760015143e+22
1.8845982551176412e+22
1.837958425685638e+22
1.808541164081941e+22
1.777565141691447e+22
1.7518377658701396e+22
1.7273572544764738e+22
1.6871660055019127e+22
1.657016090516143e+22
1.6250488067939742e+22
1.6037964864391683e+22
1.569065772766762e+22
1.5414225353512814e+22
1.5205626075694703e+22
1.4824743711689436e+22
1.4567829184832793e+22
1.4256155628278087e+22
1.4003863409872454e+22
1.3721690496470314e+22
1.34832934288623e+22
1.3114163567506548e+22
1.2912481567553792e+22
1.265105589321002e+22
1.2473456034848543e+22
1.2231521857414728e+22
1.1958924856962197e+22
1.1673131846250355e+22
1.150866712593669e+22
1.12075274066331e+22
1.0843468451224706e+22
1.0736093587770287e+22
1.0403713482612888e+22
1.0219720489600958e+22
1.0105116645057169e+22
9.88038727697886e+21
9.529963718598805e+21
9.21980979564394e+21
9.086315667418909e+21
8.896509516780848e+21
8.689117647527259e+21
8.3813057414465e+21
8.289175207639222e+21
8.008167076664169e+21
7.82296557733531e+21
7.686934675369404e+21
7.462380594750246e+21
7.23695552445873e+21
7.133732964704403e+21
6.860244639095045e+21
6.732159095851351e+21
6.452282572229592e+21
6.337791205086497e+21
6.139229526300755e+21
6.016158626486957e+21
5.819266590142108e+21
5.628713159166551e+21
5.521598964275084e+21
5.419405095961797e+21
5.172360592010139e+21
5.005954047283486e+21
4.829921389627724e+21
4.781560359766825e+21
4.609211242797921e+21
4.399715705350121e+21
4.3668964462398297e+21
4.175264621837922e+21
4.060704701464248e+21
3.9859902174869214e+21
3.795473644576968e+21
3.671227970515707e+21
3.5534558636620896e+21
3.4655184095356634e+21
3.3996026980058037e+21
3.2650403468031484e+21
3.1771593305747447e+21
2.9884104248489185e+21
2.93571895389464e+21
2.7504439040717703e+21
2.6602983610303497e+21
2.8884433851884975e+21
2.56609849897602e+21
2.4568890076057074e+21
2.3317243910913694e+21
2.2362961275815865e+21
2.2828931510569486e+21
2.158280904014047e+21
2.038940032103403e+21
2.0727361639234687e+21
1.8891601836677094e+21
1.9271948125093642e+21
1.8681569544852841e+21
1.8345893603182804e+21
1.718271988136942e+21
1.7314456222182007e+21
1.5912551580162416e+21
1.523175934479268e+21
1.704283249819045e+21
1.5472814545972321e+21
1.5766409965768289e+21
1.4062748474753732e+21
1.5181003084130733e+21
1.4365768665653814e+21
1.5239441223517625e+21
1.3232695434662104e+21
1.3610965559252387e+21
1.3244208236029438e+21
1.2951632458152516e+21
1.2791009054824362e+21
1.2977771797891006e+21
1.327870428609776e+21
1.309993420379232e+21
1.2779674416460482e+21
1.3322845480229014e+21
1.3537054274287357e+21
1.2998391305880084e+21
1.363223128727019e+21
1.3695438712316478e+21
1.2783267748003402e+21
1.400031741493125e+21
1.362381020235298e+21
1.377865601351782e+21
1.2917740966179525e+21
1.2839233787058688e+21
1.296191250628195e+21
1.3456103848768808e+21
1.2768956406461424e+21
1.312830579026404e+21
1.4589364050063553e+21
1.36348604468328e+21
1.3208058544577622e+21
1.2412128570607938e+21
1.332981454721494e+21
1.3838496518836178e+21
1.274036423389478e+21
1.3224962625966516e+21
1.464136235724712e+21
1.3554789009223246e+21
1.2960617548342868e+21
1.3204293705628865e+21
1.2430353845298287e+21
1.2992376698296218e+21
1.2143371227419658e+21
1.3725351910974232e+21
1.2958106252959068e+21
1.3224190243660148e+21
1.3294336455395865e+21
1.2825749968838677e+21
1.360561090497808e+21
1.3274524877093237e+21
1.3435205703811685e+21
1.326899085022582e+21
1.348408456596139e+21
1.3508197987778872e+21
1.3547070306838952e+21
1.2786726980570865e+21
1.4073537255833645e+21
1.3731471498109895e+21
1.3203230454541325e+21
1.4186823920259587e+21
1.408924518748793e+21
1.4792863672673923e+21
1.2909671145836595e+21
1.3396520115149663e+21
1.330180534746966e+21
1.2778996338843538e+21
1.2755754284135382e+21
1.3620335456860538e+21
1.2049157278151706e+21
1.2403592240929214e+21
1.3421604664711748e+21
1.229142734241555e+21
1.3814719715040874e+21
1.276437513065102e+21
1.357511884751202e+21
1.2276536189317294e+21
1.3241645469715273e+21
1.393225524711591e+21
1.4074517617868942e+21
1.2592016068311877e+21
1.3341916114984137e+21
1.192070732447967e+21
1.2784506602008433e+21
1.344544687760801e+21
1.3246316827836717e+21
1.2175078092211995e+21
1.2772286442944932e+21
1.2798282361879229e+21
1.2647058365994094e+21
1.363799158842907e+21
1.3237915963403519e+21
1.3211404564577085e+21
1.3597855921078248e+21
1.34577890710019e+21
1.3116056493338914e+21
1.2938576745779896e+21
1.2985134992389623e+21
1.3267019491382738e+21
1.3464014285555441e+21
1.4038252253057526e+21
1.3198732216766987e+21
1.3614131109980469e+21
1.3612852383285767e+21
1.358979140283412e+21
1.274871223224423e+21
1.3841496423041723e+21
1.2310560500011319e+21
1.339793652888572e+21
1.3104909126840277e+21
1.268764625194748e+21
1.2919693655526613e+21
1.2904294252544084e+21
1.423714594445104e+21
1.3656531004882614e+21
1.4701431920059178e+21
1.2801919779863265e+21
1.378340653322022e+21
1.3096607461868537e+21
1.461375981428784e+21
1.3249880487028497e+21
1.422119978283874e+21
1.2552472516517626e+21
1.3962901147804898e+21
1.337424339841161e+21
1.2787380373390562e+21
1.341435489160376e+21
1.3948971181470594e+21
1.3259886692906364e+21
1.2919561423099008e+21
1.1950909539791258e+21
1.4252829468638747e+21
1.330075820422747e+21
1.3576470522257164e+21
1.248782905705601e+21
1.2645818101273356e+21
1.280998288138666e+21
1.3423884313547985e+21
1.280666953790013e+21
1.3272460202359993e+21
1.2572760400424052e+21
1.3716263117384484e+21
1.3149756805021135e+21
1.3670388164221128e+21
1.3639300923962798e+21
1.282234257033644e+21
1.3713072958655816e+21
1.2826700847638834e+21
1.3055810556217375e+21
1.3267876210163825e+21
1.3214416094785993e+21
1.3192683760125616e+21
1.3942138845986986e+21
1.3205776682931944e+21
1.3335154557220744e+21
1.3767381871848388e+21
1.2783714259167976e+21
