-0.43317992819680107
-0.635842416021559
-0.07327310761643781
0.29823220797159056
0.08296259236522019
0.1483334487269598
0.199090460056646
0.14553977372297258
0.14175081597986045
0.14372566825261823
0.14643763554179007
0.161107429234242
0.13482582522556186
0.1560150066183673
0.10571020453547438
0.0989296158120312
0.14047026896366366
0.0976095975169705
0.09266789932735264
0.06568192687161543
0.059402297216433066
0.09525488468783873
0.05551028454296843
0.06226100627746847
0.07202418058834693
0.0709227431151602
0.06869016339381535
0.07639420020428521
0.07516177659164425
0.06460658732491235
0.07710178120544663
0.06914454463791724
0.055438685687948706
0.06179750017407867
0.041553248379689954
0.04574488655284599
0.051092655363458174
0.046701130638312965
0.04247258509578252
0.06439596698274491
0.05437048108972333
0.07378043149839397
0.042946725829366456
0.06360594698020981
0.040720843127928674
0.05748471424535469
0.07002710361309626
0.05134528404057535
0.06140257906237686
0.053508861898013425
0.03447401054479458
0.054018446503000125
0.055669834595863464
0.06361792936783146
0.05834199614064009
0.05663304001575819
0.05821296621353314
0.061475778192592166
0.06112671053657929
0.05873717960936052
0.07102897227351032
0.06674372073676851
0.04837074159015039
0.05903809873766645
0.05205654927111162
0.06966547991356088
0.06167299748846778
0.06386351619881613
0.07002663265868453
0.06062636605498416
0.0687683936363707
0.05498635161806036
0.046047895224075076
0.04548867273627332
0.09861774185534429
0.05730454778919617
0.057269742927962435
0.06853909451456275
0.06483756628370395
0.05992889118001417
0.0655388189221008
0.0554162258696225
0.06953907507488986
0.066851195430866
0.06768463100996558
0.05643609581359973
0.055695256080340455
0.06912777555623541
0.03601121985250049
0.0579451831764783
0.058566157412887725
0.026593883521854877
0.063643581712515
0.036861857451084584
0.05364967094027196
0.05197890116660683
0.05010447221704655
0.03051451210760408
0.06609976644351802
0.05764473914341242
0.049681275475045875
0.04613924175673337
0.05870003768898271
0.04079164710344264
0.02978537497283132
0.040756409060796375
0.023942652175685874
0.032926249313513165
0.04610174894332886
0.03908028444965129
0.046556920096648996
0.048544524741979934
0.05749475930955399
0.05913932746517713
0.05662453261255804
0.04137824010103941
0.04197601594582752
0.06961476821797313
0.0353363782633096
0.040751493833441704
0.05734396731498203
0.029347659555410414
0.059525005588376964
0.03716304918878922
0.04697048001064643
0.05381931749138015
0.03273500791854329
0.03236812760156614
0.059557544757370594
0.0319930590706429
0.04409851066992377
0.017771761269412108
0.06380069393802572
0.06308904607538823
0.06061926112872445
0.06332805650998596
0.040136880706995726
0.05667518092215889
0.054252742270128454
0.05923180646021609
0.05334421140314252
0.05810690999755429
0.06614775908248569
0.053526160272735136
0.041904742174126486
0.05873878370901501
0.05036442424170673
0.05114831847863065
0.05159400044767945
0.06053595188913513
0.0715606137678993
0.07242105987474874
0.03868853494835397
0.05739033146151255
0.06303456844761968
0.0489425345979355
0.03764474347095798
0.060183506458997726
0.06542285303994841
0.04708254404357393
0.0507197416003759
0.06606642917419474
0.05527234299936228
0.07259591141849307
0.04931596450990549
0.05085260645244961
0.0498970296682307
0.06634028416333927
0.06375673221838143
0.07332729165985559
0.06101058484744971
0.06842364909782729
0.05735853828782975
0.06006513425597438
0.07442850260822861
0.06105841333865775
0.055848422184310575
0.061781327985819964
0.07626903793533091
0.056409785230816516
0.05588873068767565
0.03508454259901083
0.06184717697194881
0.042177519247936154
0.05842137543691529
0.057305604616111075
0.07272809516009013
0.0644496778323729
0.052225205765959494
0.04135888493706093
0.06253084581759241
0.0482152653383781
0.07506634760755804
0.059122252265094884
0.07181516227622826
0.05053247564851686
0.050495210051950484
0.05954429591764455
0.05911026767420548
0.02887566604099616
0.028487872983397985
0.03983679203385556
0.033120622276328504
0.06228027760732436
0.04065777471771947
0.04717515744441361
0.055099692842405706
0.033305510779394316
0.04037387641491713
0.04431290700341816
0.0281742622523948
0.04638092202582845
0.023469709178984718
0.047753800491422964
0.04082564452309506
0.03661583145838921
0.04804828027435751
0.01251001910444487
0.03257072466874012
0.026914490731777967
0.025116821716505068
0.045362057173743205
0.04537779889586899
0.03991566332815974
0.04294830935045697
0.04477494675666094
0.05497532460355648
0.06930686221285551
0.05889643238926375
0.06243114625276239
0.0778855641665696
0.06905542125416643
0.052066808083543074
0.07226272981130967
0.061118399569143854
0.061372834344015074
0.07191598091567694
0.039615105768596684
0.10468650393670907
0.07214523324122031
0.04836840206688201
0.0662547970983993
0.05791688610420183
0.05335349960390617
0.03908612221022378
0.04265357645366479
0.057027518921704205
0.05763573728984705
0.05383151283280717
0.04845890375199141
0.05987622683729838
0.06418924639001489
0.05660866769203157
0.06151203804269985
0.04446399392974046
0.05666649748605711
0.07060942948899335
0.05487436190661457
0.06310795852052117
0.04028981548294218
0.03831814750123562
0.06818690718393083
0.05140150131450759
0.06149198718506981
0.07542243329118248
0.031128571101429837
0.05639561052278926
0.04640425110284451
0.07498570167701002
0.04403583636438405
0.0711578624409244
0.07177605078107228
0.08826491128032406
0.05471261833089455
0.034601801131362596
0.06226814626198676
0.06484359885669416
0.06627160857466084
0.06401590248397379
0.0687385177249477
0.06170996039657405
0.05266666701235981
0.05601491478996144
0.06903868306566167
0.04129230770868836
0.06919963445721401
0.048736652514586844
0.06492239152322765
0.04841398026932169
0.062124829083957056
0.04036284593382367
0.02864371796884505
0.06376099580450466
0.04029877654587229
0.03642667764452873
0.059155485265094926
0.07294127145023258
0.052592543693242115
0.04286176053358725
0.07255708326852915
0.06439310894778895
0.034712829717641905
0.04009590024145803
0.04317298695376074
0.04804907956039878
0.03462440508452279
0.022503939787081133
0.035435540493819175
0.032887525755170455
0.03849012286432467
0.05953214427939168
0.05817871050115813
0.05927871904094462
0.05738108736652605
0.0666570224178334
0.05995163147303241
0.06957232658061441
0.07141592326849976
0.05042430637749257
0.07835023208624786
0.03105208850293248
0.07846511589121763
0.0657575976241518
0.07144018242791018
0.08640383445351661
0.07800899966861363
0.07571879382831631
0.08701992654069154
0.0713779937337946
0.06623892959086569
0.04688108784870969
0.06222785681624104
0.06149810831993818
0.057139265370400004
0.05584877441395764
0.0527090901138123
0.04830504348501563
0.04623922640112815
0.03424494113143602
0.06459725389464034
0.06737647923054518
0.03619629837231952
0.07503204068375958
0.05202118498790595
0.07988203978122867
0.05780570650973392
0.05290481277431051
0.03379416560616206
0.0692862127735107
0.05325370467336917
0.037464866069731886
0.07485134051940232
0.04770826530336678
0.045488417835763864
0.031689942728176164
0.03886022992837415
0.03177359146583411
0.04306890140287578
0.03073899403076481
0.03610387250147243
0.04212666720289875
0.04926421659722648
0.0499508703575918
0.05529739181683571
0.04719091108482745
0.05453465705633991
0.061938541778578875
0.05468390709548085
0.04136586031462583
0.05203897802642098
0.04478250754376253
0.07090965845121967
0.05484947545995022
0.05184207485850762
0.04854180277928848
0.04663458066406073
0.04177139921941691
0.031104665284079534
0.03790743191105624
0.041559887545493744
0.0231468524283695
0.053471124067005736
0.033425951600764635
0.058192106946888894
0.03336450565364902
0.047799825521737886
0.049185003645511136
0.05193222897920619
0.05875976304135596
0.06545719814797242
0.053213093380219546
0.0584086870636653
0.05970973429201102
0.057850323134550345
0.05107506224023247
0.07467157642908946
0.05410184455966508
0.0682785075019907
0.05593743811671933
0.056142922352861474
0.039706855874370645
0.0683063606605477
0.07709505208940418
0.08209312239368619
0.07772449202645847
0.053870621378775
0.06971877044135774
0.056103960421212296
0.04491338807296146
0.05578422721440869
0.05494171104186939
0.08915335898873983
0.06978749979235646
0.06852571643819963
0.048096282391472615
0.05993908339749194
0.07395087682676536
0.07645921105587924
0.07145599690610888
0.06256167385382233
0.06960308510396215
0.07407181777374784
0.07347136953224738
0.05784694757312536
0.06539747393172649
0.06674592977274356
0.0558940204492602
0.07628754550522124
0.05429081769532921
0.05988976114464027
0.06147543048158426
0.07210373818115504
0.037908371714702634
0.03591820663186135
0.02935435988345287
0.04824004856938565
0.051845424121253286
0.05146753806103435
0.0757835479453206
0.07152491740244268
0.06031432309774337
0.04413601730225815
0.0551650675220622
0.05762022119705324
0.05863143884818311
0.06395171215343806
0.058169273331899335
0.04831110710209167
0.046247612219303846
0.04253862266152821
0.03947825371115296
0.05319700574640323
0.044172400384451506
0.04622832629118218
0.040870939269316967
0.041346550936362254
0.07508900159693978
0.04004577951747234
0.058439426934691494
0.05066123053741952
0.04821428061566419
0.05534254590208918
0.06877117897211402
0.06091047743231886
0.013640676103359848
0.056754941362197754
0.020782575537278143
0.07953288782112024
0.033662885259319514
0.0746090927795093
0.07346366118225786
0.061059889228393636
0.06346728807936113
0.05508944011051898
0.062377835209998816
0.05375715531193203
0.05264882108679524
0.048617770757388185
0.061918406087594725
0.04581864017786251
0.044087719853484524
0.055708796441279074
0.06594732850013922
0.04206675859340639
0.05909526236172059
0.05798197201349669
0.051107867491535015
0.06514724402330574
0.05680018303812378
0.08156292765754726
0.025478447810099978
0.05734154999394108
0.05573762170226675
0.05185926843572546
0.0651488694086395
0.035589497560135054
0.07333286587769787
0.04010852992629494
0.0669305416824365
0.016335632164824615
0.05230285335953037
0.0424707950161839
0.03522104915248713
0.05101819768013364
0.04620674508192611
0.041899964247864706
0.06216463914434253
0.043554957016129735
0.05457048904564646
0.040674633723769886
0.06348252201590825
0.05025141781058024
0.03590341404735766
0.058462504056040886
0.04168687220145431
0.03416883252578339
0.04001661405157022
0.0453505632640035
0.037998674001924145
0.03202767434736921
0.04070698929071012
0.03932632962069302
0.035499443281743745
0.058323253994684715
0.029204549129914353
0.05845003854483366
0.06162747634678251
0.05004053314526876
0.0667441462132114
0.04687953294530787
0.047343559131992084
0.03707750126529761
0.03598254880247017
0.03993398353444449
0.031674772087070674
0.04585039652819331
0.05420709342730266
0.044471957535413956
0.057549865528320275
0.05721834522706491
0.04298314076192953
0.04769613010015477
0.06252403499524074
0.03951184591278434
0.05663814128773218
0.04755615339942138
0.07479595926081485
0.06387431559118407
0.07495075177953199
0.02753694839042577
0.045020001492014634
0.03918152876388006
0.04911822135801668
0.03786218024928261
0.06847043240580845
0.05520374138184168
0.05358075215998623
0.06321893336630806
0.05376661762043282
0.05205149917552868
0.05638604499054728
0.05653624367658739
0.04148050514912164
0.03726642654725799
0.04560820779469968
0.044992084188076355
0.046520560083013994
0.0436320225729745
0.04244781856175029
0.02366931089717481
0.03669084056659981
0.06405148179166847
0.03886407524933694
0.06312396013850553
0.03403206070436648
0.04385865085620295
0.04045146537289299
0.04350506579848351
0.04934002025294359
0.042717099567030174
0.057444899010954904
0.04715155399969296
0.04488801941436207
0.05751536466629693
0.03643095073359156
0.050075209320143414
0.041224158554406906
0.04858395607637552
0.04708143135670711
0.05041620911409458
0.03343363909947651
0.06009352355505581
0.04625172051601112
0.05814843635178275
0.06332072946760389
0.04350045889064118
0.043743717433513934
0.06039282905489758
0.043456256924266065
0.05670475353340239
