-0.00013471358451405885
-0.0001327313037580569
-0.00012313358995554694
-0.00011480719775944535
-0.00011396802437957376
-0.00011094033726732489
-0.00010529325044006799
-0.00010316316022201338
-0.00010222613706934714
-0.0001010314450400916
-9.996459023871769e-05
-9.977593382009891e-05
-9.843187392646171e-05
-9.73151615687163e-05
-9.696016867463995e-05
-9.613746078684926e-05
-9.573752106883114e-05
-9.525111575688545e-05
-9.501037884210409e-05
-9.398816635237179e-05
-9.070773699527813e-05
-9.038355616481837e-05
-8.916183988158418e-05
-8.737347255831722e-05
-8.514975154496453e-05
-8.357626076623867e-05
-8.438842633040622e-05
-8.255407306865823e-05
-8.301810966157872e-05
-8.114999164482233e-05
-7.948861187927562e-05
-7.830492136741264e-05
-7.792337850400213e-05
-7.688313484390232e-05
-7.741437083394785e-05
-7.615792182386267e-05
-7.592758818107002e-05
-7.470479236130982e-05
-7.464544830360899e-05
-7.352492172719428e-05
-7.277103685299624e-05
-7.329296662377331e-05
-7.222879449491975e-05
-7.192242817297854e-05
-7.080738551276563e-05
-6.980416623668539e-05
-7.017857704475453e-05
-7.066184129885019e-05
-6.988926529798105e-05
-6.825447861855436e-05
-6.829681552955191e-05
-6.585559727951747e-05
-6.549830949451361e-05
-6.385216854849002e-05
-6.314139587899533e-05
-6.151041627702027e-05
-5.9145370566208534e-05
-5.955971843192216e-05
-5.9535344917094335e-05
-5.833290224136026e-05
-5.745878998250528e-05
-5.729437638095718e-05
-5.7855261224580725e-05
-5.67454472830933e-05
-5.72874456271098e-05
-5.7292290875921026e-05
-5.82628099773838e-05
-5.86972714194821e-05
-5.770397722328737e-05
-5.8070152051557134e-05
-5.743891260526316e-05
-5.7754899360049795e-05
-5.7335036453204576e-05
-5.760268430566174e-05
-5.641791870369127e-05
-5.635437102884882e-05
-5.625430613118051e-05
-5.673756486093798e-05
-5.6377905383231805e-05
-5.667825179342698e-05
-5.512861834075819e-05
-5.577536972446574e-05
-5.578455077031524e-05
-5.535088469817614e-05
-5.576869578497416e-05
-5.554850644397515e-05
-5.58236723817471e-05
-5.484979785116458e-05
-5.515940116580438e-05
-5.504587170435116e-05
-5.4496879413447995e-05
-5.3532427652195715e-05
-5.369757626020281e-05
-5.3677126777108276e-05
-5.367544939939829e-05
-5.321271978404925e-05
-5.3201696169303934e-05
-5.366120024485065e-05
-5.2165328708253114e-05
-5.315784976658135e-05
-5.351423196434216e-05
-5.294924375010413e-05
-5.299054356766175e-05
-5.328774447358834e-05
-5.192636658816978e-05
-5.0648301381712643e-05
-5.1221378035498436e-05
-5.037176918078869e-05
-4.895672854790637e-05
-4.867659205316428e-05
-4.836648386791004e-05
-4.783299920274186e-05
-4.708303809079721e-05
-4.793396672337419e-05
-4.815541844301926e-05
-4.875209304844719e-05
-4.8026166715081434e-05
-4.815540618168328e-05
-4.753497530516513e-05
-4.738502145671562e-05
-4.637775095438378e-05
-4.709402249621538e-05
-4.7124579766575526e-05
-4.6874922662499116e-05
-4.5969973278395764e-05
-4.5422392927489624e-05
-4.483105820125072e-05
-4.5179972436960304e-05
-4.444111834379362e-05
-4.519624646356398e-05
-4.558666586052385e-05
-4.577657239645271e-05
-4.5476167913336586e-05
-4.5107200060522666e-05
-4.5546924984255044e-05
-4.5300842396466544e-05
-4.523020308826947e-05
-4.547406745216533e-05
-4.4461026441745664e-05
-4.4833909163975884e-05
-4.4888001058198926e-05
-4.357534985670268e-05
-4.353337539618628e-05
-4.3729858319878714e-05
-4.2909258438696806e-05
-4.275934730281329e-05
-4.2809302276172845e-05
-4.217559479810815e-05
-4.107454097484825e-05
-4.216768488900184e-05
-4.10574675360867e-05
-4.226522705047736e-05
-4.1352917361547484e-05
-4.116267896110744e-05
-4.110371392690232e-05
-4.0875953817265795e-05
-4.142049659060797e-05
-4.168768578825553e-05
-4.2166605756695695e-05
-4.248462465949598e-05
-4.262941567705841e-05
-4.180378703124545e-05
-4.0846619581484617e-05
-4.1499601475489156e-05
-4.125931782591915e-05
-4.114016728298911e-05
-3.969016634747041e-05
-3.977623930916673e-05
-3.925395678918533e-05
-3.9366890026334055e-05
-3.8737345743424225e-05
-3.8435352676229e-05
-3.8574789397427126e-05
-3.7605748662759584e-05
-3.680366029988768e-05
-3.759062531537859e-05
-3.793380798284758e-05
-3.8673509186116496e-05
-3.791205920235909e-05
-3.9593151153962094e-05
-3.964055684735757e-05
-4.033194353622902e-05
-4.069471887541348e-05
-4.104444613201647e-05
-4.1229166796525804e-05
-3.9521932463955e-05
-4.040978765934361e-05
-4.075494723144436e-05
-4.0927470426713286e-05
-4.1176665103261325e-05
-4.020482366387215e-05
-3.9696356705260565e-05
-3.918178926040936e-05
-3.8186700193263176e-05
-3.7868598290650106e-05
-3.753654932047034e-05
-3.648352530608126e-05
-3.693991958344769e-05
-3.586700606522047e-05
-3.606049223755555e-05
-3.613297007244977e-05
-3.6711569178064734e-05
-3.606596739566022e-05
-3.627078789307874e-05
-3.665288898412621e-05
-3.7095329726408066e-05
-3.595431405335182e-05
-3.548557220643421e-05
-3.5325172373429974e-05
-3.542609489091707e-05
-3.567052704898675e-05
-3.597293080356731e-05
-3.637248354843231e-05
-3.5929589001979264e-05
-3.591405348507343e-05
-3.5674857995386616e-05
-3.5604034767149846e-05
-3.539112825550277e-05
-3.542890152419676e-05
-3.418736822722066e-05
-3.449970514608409e-05
-3.315017211544155e-05
-3.2565912314802755e-05
-3.167704333598657e-05
-3.205461312231987e-05
-3.210575609786988e-05
-3.303492189001257e-05
-3.214777529205161e-05
-3.22830334577399e-05
-3.28235554560605e-05
-3.237411254775469e-05
-3.280091267596516e-05
-3.2984304265550304e-05
-3.223511507881253e-05
-3.256809820110599e-05
-3.1706499376687806e-05
-3.250533309592693e-05
-3.248380138150727e-05
-3.2104728436226855e-05
-3.234807674609193e-05
-3.282733666344063e-05
-3.2234179983519154e-05
-3.192635173305731e-05
-3.1891256825205075e-05
-3.2121759162422406e-05
-3.219999766938768e-05
-3.192889454550351e-05
-3.1683327742265884e-05
-3.216968185302836e-05
-3.123463412285438e-05
-3.123922700372835e-05
-3.146895377775999e-05
-3.1633459676177826e-05
-3.0708279694038165e-05
-3.034547888900205e-05
-3.0146683221337973e-05
-3.028967572997014e-05
-3.056031514629635e-05
-3.079010814501628e-05
-3.064248644309205e-05
-3.0938317919477684e-05
-3.0560626934554115e-05
-3.01465050277464e-05
-3.088410731935356e-05
-3.1372145679563767e-05
-3.2053505155663176e-05
-3.181000351172837e-05
-3.170769923599437e-05
-3.123084894064555e-05
-3.1780631818239475e-05
-3.162258171532476e-05
-3.178551263839903e-05
-3.148742581726293e-05
-3.254134773871758e-05
-3.21384781003602e-05
-3.239682323678776e-05
-3.266460933243959e-05
-3.274576940586687e-05
-3.2369896938757006e-05
-3.254707607319923e-05
-3.18796631257067e-05
-3.190949010550631e-05
-3.0849771401672454e-05
-2.9981587431393564e-05
-2.98425799243247e-05
-2.949340146356176e-05
-2.9097858377671974e-05
-2.962005762836068e-05
-2.9623687522770422e-05
-3.013624148109186e-05
-2.97449983514121e-05
-2.9697659960624555e-05
-2.9975533632548628e-05
-2.985951309879224e-05
-3.026407500362472e-05
-3.0493602295151772e-05
-3.0426569099762236e-05
-3.0730770622203297e-05
-3.065380406042095e-05
-3.0458723375448716e-05
-3.1496705088540225e-05
-3.196825114341832e-05
-3.1754818606983734e-05
-3.061613359831325e-05
-2.9929208755708748e-05
-2.9980817594655997e-05
-2.9286796739648304e-05
-2.9089611147086275e-05
-2.8827661716840573e-05
-2.8206509509968952e-05
-2.693385431484785e-05
-2.722768126491078e-05
-2.7248042830184136e-05
-2.7374261561716492e-05
-2.750239447643118e-05
-2.7235430159769884e-05
-2.7745546874400504e-05
-2.778098840078908e-05
-2.798659618376944e-05
-2.742496723873989e-05
-2.702043079975906e-05
-2.7308687869528376e-05
-2.811785668233858e-05
-2.8114703093672654e-05
-2.8371560364138094e-05
-2.8447035152499598e-05
-2.846994363978781e-05
-2.9374176139956238e-05
-2.983956889053203e-05
-2.9639580572149026e-05
-3.016476397600922e-05
-2.9368901070685955e-05
-2.925139826267561e-05
-2.884999237182826e-05
-2.9283716853738212e-05
-2.81498162587889e-05
-2.8160200195593967e-05
-2.7091047741123475e-05
-2.638437554533421e-05
-2.5898088939289596e-05
-2.5742347538147846e-05
-2.5942260873745437e-05
-2.701876500968528e-05
-2.7536671310641663e-05
-2.7842572577625374e-05
-2.637636121276214e-05
-2.5810818274126007e-05
-2.5733818768424465e-05
-2.683175774075574e-05
-2.6219486850701894e-05
-2.551526921268777e-05
-2.491036435390857e-05
-2.5737141792584833e-05
-2.6097684355961434e-05
-2.6404151463389604e-05
-2.6117532090413282e-05
-2.6355273735976812e-05
-2.6314459521219964e-05
-2.630190445213682e-05
-2.677995649315158e-05
-2.6154580862364834e-05
-2.6329229917286688e-05
-2.5863117992196715e-05
-2.5613778133346285e-05
-2.4152155809268287e-05
-2.268464642704068e-05
-2.2912020304593846e-05
-2.3161888883030905e-05
-2.2735804830315625e-05
-2.287434734979696e-05
-2.294412021270815e-05
-2.2950937043922885e-05
-2.1756620467554227e-05
-2.3455384170692587e-05
-2.3571980717760096e-05
-2.3010221816043162e-05
-2.2922010598617987e-05
-2.3170013634996764e-05
-2.3091596395480103e-05
-2.252385045856634e-05
-2.2484095097752288e-05
-2.2268725270232944e-05
-2.3836577788137623e-05
-2.3154444769951858e-05
-2.3312443402203456e-05
-2.3972477046535694e-05
-2.4160410181071643e-05
-2.433798962792261e-05
-2.485326674812111e-05
-2.432477783629481e-05
-2.5041848318694435e-05
-2.4755830761730773e-05
-2.506214426560931e-05
-2.5433412601058888e-05
-2.5166728745615626e-05
-2.4796265077182194e-05
-2.4634006304377517e-05
-2.3743980717780585e-05
-2.3789478089181808e-05
-2.362687559474984e-05
-2.3082895293353227e-05
-2.3096978178795393e-05
-2.3097210200999313e-05
-2.3494794529849765e-05
-2.460253239809794e-05
-2.4246035873484624e-05
-2.504166001960618e-05
-2.4568081547234517e-05
-2.514082680809898e-05
-2.4760222139000825e-05
-2.4548896935475232e-05
-2.4742320857950728e-05
-2.4733724179289613e-05
-2.398439439140795e-05
-2.4642690092420066e-05
-2.3869034757134848e-05
-2.396470531325408e-05
-2.3844016242138525e-05
-2.372901279293863e-05
-2.3643449687235125e-05
-2.37433783628081e-05
-2.37579015110559e-05
-2.40057099155685e-05
-2.4931345251388848e-05
-2.5089615115171506e-05
-2.4866694325788154e-05
-2.4773647762938505e-05
-2.408194692786007e-05
-2.347271065109116e-05
-2.4315276446200357e-05
-2.317689426558058e-05
-2.4290564195123603e-05
-2.541604145436496e-05
-2.4698396642903658e-05
-2.4702319394607372e-05
-2.4296913276581716e-05
-2.4259951614011596e-05
-2.4387687247966556e-05
-2.441813329049317e-05
-2.4855702240192505e-05
-2.509321860054991e-05
-2.4670875467967966e-05
-2.4253118277152276e-05
-2.4291144789593226e-05
-2.4155426891175687e-05
-2.3119671621114118e-05
-2.3376644363721693e-05
-2.316745323898633e-05
-2.2775001694012814e-05
-2.3270743204867124e-05
-2.320580292521131e-05
-2.2369215002981946e-05
-2.217160942597763e-05
-2.278285299123834e-05
-2.226466926071293e-05
-2.229310255777953e-05
-2.2311906663903586e-05
-2.1920047503145826e-05
-2.248345515033213e-05
-2.196657502887926e-05
-2.207067127865567e-05
-2.1816497826000193e-05
-2.142355805079677e-05
-2.2625107333253794e-05
-2.279152640430429e-05
-2.2576732522726093e-05
-2.222481217123223e-05
-2.221076020860993e-05
-2.2462255502533582e-05
-2.258478869205444e-05
-2.2197390367013953e-05
-2.1848805705236305e-05
-2.1775633824829668e-05
-2.193415033010145e-05
-2.200591828753844e-05
-2.0987794414395466e-05
-2.0732760040792293e-05
-2.0273297667261903e-05
-2.0548375215622838e-05
-2.028420735937457e-05
-2.0864393162709246e-05
-2.1403354535491586e-05
-2.0836580275769206e-05
-2.0899312639139005e-05
-2.1538389773922972e-05
-2.1299223859656463e-05
-2.10773976303042e-05
-2.0414167617370065e-05
-2.0537590494819193e-05
-2.035223742832723e-05
-2.0786974346265197e-05
-2.0896328351227567e-05
-2.057386424254488e-05
-2.0889743205366864e-05
-2.082881696373483e-05
-2.123020931321662e-05
-2.1783491993792943e-05
-2.1501921326961127e-05
-2.146451273195756e-05
-2.1456818541520517e-05
-2.1035789662467625e-05
-2.101829374657461e-05
-2.0403174521224747e-05
-2.0090887456144964e-05
-2.025863250310067e-05
-1.9644395487611525e-05
-1.9711080649695186e-05
-1.9459109588987537e-05
-1.8897241750016326e-05
-1.8451302147931763e-05
-1.902317153171343e-05
-1.9860269983635386e-05
-1.884981348767825e-05
-1.8177590189023045e-05
-1.7912767092369636e-05
-1.821703308787956e-05
-1.8062114611017966e-05
-1.7865722973645597e-05
-1.7908039471539842e-05
-1.8360663185982656e-05
-1.836729798351708e-05
-1.823808081637792e-05
-1.776027440630262e-05
-1.856433684426722e-05
-1.7310227391404892e-05
-1.7603969926885503e-05
-1.8351627591915463e-05
-1.8366983837310085e-05
-1.8434947007874683e-05
-1.844691157910145e-05
-1.8477659506499077e-05
-1.864840467331103e-05
-1.904223427118268e-05
-1.8576980504871312e-05
-1.857370106908665e-05
-1.860949467097978e-05
-1.8390012175789e-05
-1.804008072078297e-05
-1.7851276290322722e-05
-1.7327333908825596e-05
-1.7082355582345002e-05
-1.6543780374276037e-05
-1.7099891987594742e-05
-1.665613753074366e-05
-1.640488510559037e-05
-1.6570807390423767e-05
-1.6505914135012534e-05
-1.7018525425185174e-05
-1.7575711589651526e-05
-1.8674936789601042e-05
-1.9103065992735707e-05
-1.9782217889398992e-05
-1.947477782474986e-05
-2.0024748395102238e-05
-1.9580354192940933e-05
-1.9299514153519543e-05
-1.778499912082528e-05
-1.8484372183727964e-05
-1.876746655735015e-05
-1.9377598517975355e-05
-1.9415331297312622e-05
-1.8873332144856385e-05
-1.8351702507330897e-05
-1.8619235291865794e-05
-1.768745399507073e-05
-1.786796181275147e-05
-1.7631985125869203e-05
-1.7981778809270407e-05
-1.7280118602987688e-05
-1.6987498855558914e-05
-1.7573811217314666e-05
-1.828455202080982e-05
-1.81507931739799e-05
-1.7992128185276805e-05
-1.828950014357731e-05
-1.7992077590423395e-05
-1.7393017885667547e-05
-1.7409427730146694e-05
-1.792218238363232e-05
-1.8381517225794528e-05
-1.8293413194004205e-05
-1.891018534176207e-05
-1.8043661569848796e-05
-1.8074596516305098e-05
-1.7730568625093264e-05
-1.740951349212857e-05
-1.6678470206830685e-05
-1.728464498969347e-05
-1.707978764089704e-05
-1.5847216538397198e-05
-1.6656006361396674e-05
-1.6896586708349383e-05
-1.7281192008845715e-05
-1.685229856068165e-05
-1.7015237500783297e-05
-1.628074473787651e-05
-1.611563837084557e-05
-1.619711353365953e-05
-1.612265643618432e-05
-1.6349081474968613e-05
