11.614935872731385
0.6034547945967427
0.6695311444777029
0.7687618266101237
0.1672958833751855
0.26489147267959734
0.17591993331357283
0.13324747117305244
0.14957102815862056
0.1299498525482637
0.14530820923822899
0.15047897860683776
0.12804330864714253
0.14184266411595875
0.11738605459255201
0.11775378044694662
0.1442007565939868
0.11721291324054753
0.1180908243275351
0.10783003339612926
0.1118093419958044
0.12475676724204311
0.10476849635166151
0.10884697749106972
0.11505145883118664
0.11072417058878475
0.10937860904744377
0.1110766695605384
0.11285985150822887
0.11680344823333952
0.11481580427951282
0.11438563914486656
0.10535577767425114
0.1085668979557576
0.1031163431428097
0.10260373505729216
0.10739394739546158
0.10272773417333762
0.11862722177196432
0.11104533986912833
0.10538373577098052
0.1173844970072861
0.09714127828677495
0.11512470221215929
0.09406479599851149
0.10548347565862867
0.11567555140289995
0.1037427958239008
0.1114722187458365
0.10842227073455299
0.10034480642665315
0.10926076086858909
0.10494074653144236
0.11355521743772207
0.10682608683904012
0.10677517246868876
0.10658784162391115
0.1105322193492342
0.10970971015868364
0.10934101586678514
0.11442941854949351
0.11480833959110358
0.10526498610636702
0.11109026797391751
0.10556125806437598
0.11593177749050988
0.10860488825926075
0.11428807461979212
0.11190662105326299
0.11005828840037186
0.11283814410368602
0.1065287687988193
0.09756165839455745
0.10181526753499552
0.1331507732608804
0.1066624340083864
0.10505662354882117
0.10950719675532093
0.11022918443712923
0.10658634274646088
0.1119265049971916
0.10298031720298308
0.11246504358671329
0.10928140401288315
0.1111954032546944
0.1061037973397308
0.10734767380549952
0.11081506629233007
0.09532327418801961
0.1089140080191471
0.10988042231097266
0.09250424719519085
0.11369442774189843
0.0955080450684936
0.10872740484774113
0.10736359738641316
0.10659107483095592
0.09580944595789467
0.11407728258658338
0.1042544950765592
0.108166110701859
0.09948690501214177
0.11189916481574376
0.10054161661752949
0.09974580727241657
0.10177766086740626
0.09374458667028833
0.10117017971006809
0.10707578180288826
0.09857861780458027
0.10266328285689708
0.10370154120028019
0.10580992312343032
0.10800141516934943
0.10428289551701811
0.09946490603464621
0.09971557681759198
0.1190620423467071
0.09464179365723221
0.1023114727879012
0.10823975655215758
0.09380253604440777
0.11476015968731156
0.10024818253737909
0.10464272178985455
0.11041114603479703
0.09481488616654167
0.09606052217660127
0.11149407412718844
0.09368412407046114
0.10549359292619759
0.08455203563250878
0.10988536339115214
0.10878612922021637
0.10839414217129902
0.1103507083737188
0.09816805459558964
0.10699114162060949
0.10394546934575946
0.10699494983311053
0.10375590705209309
0.10670879441830847
0.11049772350600472
0.10410568897646887
0.09673115310983525
0.11126971162027782
0.09826821751064724
0.10513883187539047
0.10262477411716073
0.10495509393513203
0.1117332686704618
0.11179662654521288
0.09418681712338219
0.10958075595812665
0.11148932120866245
0.10280472129859307
0.09579262302981482
0.10520534086282607
0.10939058357918705
0.09713839442917595
0.09974846761259767
0.1104604733624944
0.1010151030840697
0.11164414799875683
0.10199105767188249
0.10333582827890361
0.10053957536540649
0.1075376243227058
0.10701109220584233
0.10783812662379609
0.10313302106051533
0.10977892294802048
0.10494725875280521
0.09843358238814054
0.1149584555791484
0.10302369575947523
0.10357665629298599
0.10642006800130561
0.11318445219485848
0.10426812529287956
0.10384846244145322
0.09135437846459725
0.1034593542140943
0.09914326936834389
0.10220839517811935
0.10344577456514041
0.11146485550260102
0.10738023404997808
0.09945537894964218
0.09676137407896696
0.10568367193142574
0.09652643364474729
0.10983712778047279
0.10151223010487026
0.11015278777038609
0.0983443320211437
0.09988438883037479
0.10408260721575331
0.1084548689218031
0.09214668582986903
0.09244226802278448
0.09741821064165344
0.09290878829994688
0.1119740511532183
0.09291159803116764
0.10245266929268837
0.10416305244520858
0.09088323265314102
0.10136626695317251
0.09843865478480304
0.09005292525721921
0.10451459477621096
0.08849635761645105
0.1028131672905551
0.09768649038893205
0.09548152182941083
0.10468049623348095
0.08802270599537426
0.0939440262262468
0.09470686213009888
0.09006633085233194
0.1003314175263599
0.09960430156853464
0.09606455707991565
0.09881891599959797
0.09810032816258846
0.09936715572796485
0.10686599532211269
0.10104028632243474
0.1016319830108572
0.11078798053441224
0.10433626575050531
0.09439628854118011
0.10845420523374169
0.09833854243711189
0.10074325595740918
0.10646251851209888
0.08401751414769226
0.12551782252611937
0.10233408247155172
0.09459032111421779
0.10540081670990696
0.10336190282746598
0.10123133969803651
0.09213713108113518
0.09528290169934432
0.10658020084654843
0.10115422598189777
0.09995755094482943
0.0989511413499713
0.10495973916517364
0.10371133250494798
0.10002887042032348
0.10357425120417718
0.09436730395450636
0.10185237780765251
0.1081445091576488
0.1008345199127992
0.10324216571946938
0.09375480219238887
0.09013280645012856
0.1100302004703769
0.09899367364468398
0.10463774783743753
0.11018381198799168
0.08577495295968321
0.10211628192552814
0.09798532144890891
0.10785444543041565
0.0953213556635159
0.11028389425741301
0.10572868213057518
0.11467874353682553
0.09846215971090176
0.09027420322376269
0.10300650889122928
0.10532285755983105
0.10105908220564877
0.1036723573450689
0.10460685276322895
0.10180208625064956
0.0982576085737458
0.09764136298111191
0.11035539334019025
0.0892290043886061
0.10768177725926593
0.09512566219739339
0.10726971379308789
0.09551623918943936
0.10049345785820926
0.09731982172363335
0.08568579096485067
0.11149253847974318
0.0930591427065708
0.09308023716288584
0.10059568724008622
0.10907792672514915
0.0981144670535017
0.09215880868335564
0.11012051475268823
0.10318886633548471
0.08904748561757582
0.09598272666335106
0.09638006005574155
0.10189265468054348
0.09304683648601726
0.08910153882095108
0.09666517204432576
0.09309190711765378
0.09463962719396309
0.10740557837265509
0.10222569211489624
0.1004388315120229
0.09919834354271491
0.10636694970782157
0.10291070408291286
0.10270520879162683
0.11167537641746027
0.09241439747037711
0.10908739144603412
0.08848197375320727
0.11517605737403587
0.09707063022587034
0.10735479373208902
0.11166940760557298
0.10837816088287919
0.10422465191395194
0.11557421150306861
0.10742648483978377
0.10421900451183319
0.09747319254610273
0.10682956198299373
0.10394787202002825
0.10114428125045917
0.10493859924651959
0.1031218765096532
0.10107760848822417
0.10106291973756419
0.09177020730243789
0.11359443915662942
0.11005923324437053
0.0873465255178787
0.11572759570898833
0.09894962822673498
0.11790559565027554
0.10378466056728805
0.10492895764333231
0.0893707713112235
0.1123540922999382
0.10259313626145874
0.0928547136761524
0.11485949972713436
0.1009238998371142
0.09726646501157019
0.09626527523828877
0.09885713168316418
0.09617854654788971
0.1012510252357633
0.09337285305890772
0.09335575659793836
0.09955359636633485
0.10191003178004865
0.09985113937269759
0.10459150477415985
0.09818590425506786
0.10060521725703168
0.10449711840461802
0.10097717562759365
0.09499900781170086
0.09870487644716545
0.09517763479164353
0.11055189874713067
0.10359143258796798
0.10013703725956104
0.09707186709123629
0.10009621608036536
0.0967171084549692
0.09237352061878752
0.09723872456837583
0.09917811207749226
0.08770554471347067
0.10450899200858893
0.09402252347381027
0.10773589972544599
0.09347405177713544
0.09606172834281568
0.10129266873829895
0.1009442955945377
0.10467783065029869
0.10624506945411365
0.10007393249758968
0.10394707556675982
0.1027298777329701
0.10397955209568695
0.09621366420415817
0.1126819379903652
0.10288160615083244
0.10594098704556625
0.10166913270950317
0.1044568050376795
0.09114685168282853
0.10529998965837338
0.11149897757503721
0.1131485159750338
0.11202076581065301
0.0978511858869482
0.10506987785575567
0.10129323415458202
0.0946293993404618
0.09897060133516788
0.1022753129126849
0.11313370008159566
0.10267540591734427
0.10703699414928754
0.0971047005581635
0.09989264814390077
0.10876780072296108
0.1100300097907031
0.10181518188781208
0.10154948535340803
0.10341178446456238
0.10433692312626927
0.10596658724049728
0.09487711886564891
0.10340973531344423
0.10550668883930754
0.09483597855325099
0.10654558062001511
0.09484587402807342
0.10149312019348145
0.09952808957960871
0.1082726565224153
0.0904418849558742
0.09527147989030238
0.08755004957870201
0.0959758928252591
0.09780996092767627
0.09661595123233618
0.11202227144881531
0.10525724250409338
0.10390946382863654
0.0901936644481288
0.1024480720774995
0.09766226413625258
0.10101350038139909
0.10059799633368298
0.09892221195278345
0.09783150586817
0.09750108144901416
0.09560334489301399
0.09325881271312635
0.1000781017528088
0.09208195318502409
0.09991255526741345
0.09276320364464212
0.09447784521789462
0.10970878739047933
0.09377932727888778
0.10175479831243003
0.09858385335516047
0.09559724024600452
0.10023753883110152
0.11046227792070971
0.10209487754575632
0.08266675285995007
0.10367240563586906
0.08098950402604209
0.11764104760907314
0.08648821952994223
0.10600402116499565
0.10947289083290983
0.10201336274406424
0.10050366356692932
0.09848934853518451
0.10283126392298275
0.09741066851549679
0.09950344747415295
0.09736301046278742
0.10579273998047467
0.09363754793863606
0.09619688090902788
0.09970942484559836
0.1066936359361366
0.09285109248702172
0.10432886139110283
0.09830551925632688
0.10083310699297322
0.10472705229013055
0.099634340101922
0.1112427249274872
0.08107169376065333
0.10416247999226605
0.10290762347479661
0.0991773313532273
0.10598396958300361
0.0875592523564895
0.10931529159899112
0.09528708837374493
0.11083036330011156
0.07977797863660036
0.10298862853259952
0.09557261683598713
0.09314535896259325
0.0991419115000301
0.09595217169434936
0.09282080146173637
0.10518472869363096
0.09418566511185081
0.10085600821508302
0.0910799332583944
0.10393039006049987
0.10143380736311276
0.089341860850928
0.10262980401791909
0.09226441217793359
0.09274235391920363
0.09276743743706632
0.09699015008906524
0.09143820784434124
0.09021776790420215
0.09308056616120869
0.0950316719158932
0.08841509941137499
0.10095763868755764
0.08642261392540401
0.10299139421571184
0.09886962278849548
0.09564276981270975
0.1028547680557326
0.09336899614168538
0.09752032560882745
0.0931091222015244
0.09242663822240299
0.09259580641433045
0.08876468144633153
0.09562363034045254
0.10292585345881956
0.09042761543834651
0.10073489454333429
0.10019274187032823
0.09183087427583006
0.0900219266337377
0.10620233692504742
0.0887367786080749
0.09644240782492691
0.09560812209491376
0.1090403266802982
0.09894908971532627
0.11000844753450817
0.08296904750858192
0.09466918261238823
0.09345353391297438
0.10150661954173336
0.09152535100777943
0.10640096160824652
0.09923955046192363
0.09886112981648357
0.1044524089536733
0.09740803342450548
0.09743702680700356
0.09840160304749454
0.10050917789340019
0.09198378185155215
0.0922016975366407
0.09506365905205409
0.09478246144674442
0.0962801639818483
0.09470590362670245
0.09456064079508737
0.08562343636596645
0.0891794120134027
0.10351444118552738
0.09389104156030549
0.10059231988809726
0.08544621451033486
0.09775456179071355
0.0906498344546115
0.09740185406472948
0.09485279244405252
0.0903061158541176
0.10020332997319875
0.09458091444577332
0.0934924788221165
0.1014006400687827
0.08572152160384038
0.09728074473915277
0.08922376007669502
0.09519930142495367
0.09391344104100156
0.09545429140605309
0.08618075217775724
0.10115178439904142
0.09080220289804318
0.09692591332175114
0.1045805109595811
0.09104423611252396
0.09290702965248514
0.10081354866701144
0.09354076720774174
0.09528282008789203
