11.181621216513493
-0.03252035558775619
0.5961348973904494
1.0668792255498745
0.2501445098400668
0.41311397382782566
0.3749051011270947
0.2786840806128802
0.2912196176885455
0.2735744927216459
0.2916458769253007
0.31148663625397066
0.262770704097218
0.2977603538720696
0.22299929846216132
0.21658725781297242
0.2845752879425331
0.2147272606552751
0.2106637117901334
0.17341797019320507
0.17112093384343166
0.2199212718858487
0.16018961977075646
0.17102061149974665
0.1869904891829248
0.1815633383338098
0.17798438116356177
0.18738831455508867
0.18793860816017346
0.18132888519903645
0.19183809630986717
0.1834518784588134
0.16071654214627212
0.17028751431239975
0.1445921799857859
0.14827246446576384
0.1584106745107824
0.14935416070295982
0.16102516102708048
0.17536778178893858
0.15968144745393484
0.19109163821364442
0.1400157759198919
0.17865872576280875
0.13471482988663613
0.1628983868630948
0.1856324756173072
0.15501741761410678
0.17280490979276322
0.16186287819787307
0.13475052212985852
0.1632133532203389
0.16054508517737742
0.17710929557129187
0.16510494099067594
0.16334670362994075
0.1647416612961226
0.171948436923601
0.17077688438196978
0.1680198582406673
0.18540093294103388
0.18149476719123345
0.15357787239675721
0.17007162206142243
0.1575605193566945
0.18553996325849934
0.17021962255239487
0.1780928920402571
0.18187555036059133
0.17062658430249603
0.18154909696291993
0.16145736551671117
0.14355221814562188
0.14724633761647124
0.23171209985459293
0.16391062706329482
0.1622701164472986
0.17798955455698348
0.1750103722291964
0.16645855635956483
0.17741019509870698
0.1583407693370073
0.18194833135715238
0.17607724580361886
0.17882426490110379
0.16248434512979454
0.1629871092736721
0.1798879904327569
0.13127933504680792
0.16680414476690608
0.16839208409052203
0.11904459784704226
0.17728431357277763
0.1323162239363969
0.1623234003092404
0.15928928539182785
0.15664234357299628
0.12627029646601942
0.18012488278111927
0.16184607679369273
0.157793871851431
0.14557319838139746
0.17054621350985985
0.14127997602163642
0.12947925680351477
0.14248342406763523
0.11763601856633883
0.13404605675626685
0.15312857229124616
0.13761022521389854
0.14917183494954198
0.15219823111072872
0.16325759853201885
0.1670928093156329
0.1608592741260374
0.1407943937789511
0.14164356385245574
0.18862865392670589
0.12993063874266766
0.14301558387362295
0.16553734449876678
0.12310310255270451
0.1742380419401107
0.13736435533846142
0.15156722953543067
0.1641850407683739
0.1275050639933734
0.1283834706819444
0.1710071743776401
0.1256319865308426
0.1495465151965618
0.1022780191808663
0.17364057984754996
0.17183007022227953
0.16896785577517692
0.17363346399118504
0.1382597048391795
0.16362084865708043
0.158153751614952
0.16618192471839763
0.15705522977643543
0.16477212985908543
0.1766019478371298
0.1575881192219202
0.1385929850619976
0.16996573630065
0.1485898322943184
0.15624497385902536
0.15417769728055983
0.16544887730506835
0.18325282544915186
0.18417542185461908
0.13283399816740443
0.16692992664563158
0.17448278640707335
0.15170638032119582
0.13339594616209743
0.16534716149585116
0.17477127044737614
0.1441784536259042
0.15042558105455506
0.1764850998814735
0.15624660005172095
0.18419856046912847
0.15126576212545237
0.15414729222862256
0.15039691661863966
0.17383813219903796
0.1707285677289797
0.18112605078904717
0.1641048675627206
0.1781641388984604
0.16226722340151253
0.15846111094234167
0.18935015707932137
0.16404451719588703
0.15938714631246748
0.16816272334782062
0.18941557628137093
0.16063832022525645
0.15969755352233295
0.126398588427239
0.16526583516625343
0.14127974345831684
0.16058854363789712
0.16071186097407783
0.18415253622353905
0.1717891583081197
0.1516396554738835
0.13807908004080807
0.16817431188085014
0.14470200175074516
0.18486429419782427
0.16059629685090235
0.1819300800130737
0.14883927171360012
0.1503431137771932
0.16358996268913703
0.16752927348500601
0.12098629096591915
0.12089400740417962
0.13721828890050314
0.125993345812377
0.17421805734435716
0.13353271857637014
0.14959073032217998
0.15922679003604032
0.12415325822722581
0.14170481961358478
0.14271613498028643
0.11819151669947638
0.1508595433982986
0.11192969427685495
0.1505310362317013
0.13847622004579063
0.13206167836432103
0.15269317210617442
0.10049733576468295
0.12647932207780993
0.12158716373852696
0.11514865600124553
0.1456603236772396
0.14494953459749618
0.13594854091880498
0.14173517151977177
0.14284316698710123
0.15430944309466416
0.17614070971548143
0.15990443337122323
0.1640303049891911
0.18864117095384886
0.17335888529541316
0.14643011066234773
0.1806846996596842
0.159424375432233
0.1620843824758022
0.1783459934371489
0.12360013614589763
0.23017222020361158
0.17444696670605075
0.14292589747519405
0.17162338045373973
0.1612468619003064
0.15455294855766827
0.1311911296237398
0.13790427786470563
0.16357579231434674
0.15875827871840792
0.1537568967582451
0.1473788108581815
0.16480472700290935
0.1678691100743082
0.1566059049218893
0.16505558098907824
0.13880095068641282
0.15848872845095616
0.17872364888036693
0.1556783226379021
0.16631933525894527
0.13401397428026907
0.1284200140464775
0.178186545803867
0.1503650294271884
0.16609885064126165
0.18557487559263353
0.11687146913674143
0.15848008288001572
0.14435786760791583
0.18280891815407407
0.1393254106622879
0.18141013307548645
0.1774729473033437
0.20291217043995857
0.1531422350521165
0.12484386670230715
0.16524225776946103
0.17013379249773505
0.1672979457286635
0.1676558882549957
0.17331282471961998
0.1634801641813721
0.1508923690179708
0.1536254290215395
0.1793640946658949
0.1304914676066902
0.17685191764461775
0.14383321583133052
0.17216248889626176
0.1439005940876625
0.1625881513097772
0.13765292357722367
0.11429981349243058
0.17522355838230363
0.13332806114555784
0.12947664818838583
0.15972068143525608
0.1819887743503959
0.15067628046704662
0.1349899151655673
0.18264714076563163
0.16755048192485614
0.12372834787324623
0.1360468731986152
0.13952243179557156
0.14991180295193637
0.12764126102114529
0.11157619375390587
0.1320716218539962
0.1259506057464966
0.1331015426527571
0.1669107903898866
0.16037717710801022
0.15969030091677
0.1565520519528676
0.17299647037698715
0.16283510205404902
0.17224978945321506
0.18306351718665273
0.14281071487952163
0.18741019544001944
0.11950704263937142
0.19361386279127113
0.16280011084206678
0.17876686411047424
0.1980448712905248
0.18635871654583347
0.17991497452129368
0.20256476276726634
0.1787746354109711
0.17042829511963106
0.14432411596472203
0.16902804908049465
0.16541672808428606
0.15825469743598392
0.16075809132652702
0.15580281654924708
0.1493544925901073
0.1472750548273325
0.12598876375705004
0.17816579819622416
0.17740997107466683
0.12351688085537818
0.19073261806948316
0.15094327698979113
0.19775979096690813
0.16156399187942347
0.15780795945061576
0.12313920259475708
0.18161347429095595
0.15582061903896155
0.13029406312853098
0.1896859312912932
0.14860642938529728
0.14272878507876563
0.12792881467828043
0.13769124412943642
0.12792578282231395
0.1442936135550823
0.12408554747148796
0.1294328484132334
0.1416541099789794
0.15114792122471113
0.1497761477474813
0.15986328102924205
0.1453526622822715
0.15511719001612315
0.1664127477582682
0.15563792097317572
0.13634213525801897
0.15072097991489702
0.13993719970393512
0.18143860423178584
0.1584191507211438
0.15195565719019483
0.14559009828156344
0.14670778410854163
0.13846558596317968
0.12345501599635032
0.13512306559520462
0.1407154743943398
0.11082991205707744
0.15795784696281231
0.1274246394039235
0.16590485411816863
0.12681524338269676
0.14383758300984348
0.15045351216017647
0.15285218653648538
0.16341274314456516
0.17167794052511454
0.1532619838706321
0.16233100785218454
0.16241455067776972
0.1618044431562777
0.14726356152203623
0.18732872225896077
0.15695881629707636
0.1741957534794454
0.15758278174325824
0.16057610346211326
0.13083062615004126
0.17358325487347664
0.1885709325886435
0.19521814308784627
0.18972065489463233
0.15169756035147994
0.17476360775806285
0.15737262613105554
0.139517645683588
0.15473007024438293
0.15719247626623623
0.2022623166234957
0.17243817365831798
0.17553872446081153
0.14517634212151515
0.15980786185159726
0.18269471106705842
0.1864653754013556
0.17324745075570214
0.1640875162211833
0.17299112974217645
0.1783849822046856
0.17941395279571967
0.15269913607173496
0.1687821197901266
0.17222775291237566
0.15070522342015197
0.1828090433307268
0.14911321724799495
0.1613585650920868
0.16098034323227625
0.18035210434485366
0.12832484098530753
0.13116498701964263
0.11687970965134876
0.14419164473656565
0.14963112592145247
0.1480590988088537
0.18778140094407178
0.1767573036874334
0.16419869326744918
0.1343050111706058
0.15758888726985013
0.15525819252986736
0.15962078187537068
0.16452658949074922
0.15706810750136221
0.14611944745950126
0.14372592133090453
0.13811869758905637
0.1327138605820774
0.15325273804504563
0.13623218124525416
0.14611809849049207
0.13361188046703185
0.13580210349970945
0.1847754757920349
0.13380318604133748
0.16017174387040237
0.14922311644638991
0.14378944777504163
0.1555582694709301
0.17921203554228501
0.16298272844438474
0.09628463672749975
0.16040477173885814
0.10174985530061854
0.19715172366273623
0.1201286444923392
0.18059052830493008
0.1829143555584812
0.16305140485228212
0.1639491765828872
0.15355685436063343
0.1651870935327477
0.15114683664783282
0.15213153394008125
0.14596050912169395
0.16769059692268018
0.13943590283721546
0.1402637355753945
0.1553968171140662
0.17262012628769433
0.1348969514311412
0.16340258200135496
0.15626619169833483
0.1519198971628039
0.16985388144988706
0.15641398720995145
0.19278529683059012
0.1065293531175013
0.16148313360840635
0.15862467188250134
0.15101570979243628
0.17111200989327496
0.12312751754480242
0.18262637485922487
0.1353741146762062
0.17773944053247018
0.09609215258172264
0.15527044843744348
0.13802239519578438
0.12834600469580404
0.15014001751249587
0.14213865836737333
0.13470111911495528
0.16732965621890294
0.13772116622163189
0.15540759907000595
0.1317361173806367
0.1673938899335486
0.15166536435760833
0.12522642409937731
0.1610741294161589
0.13393337065698924
0.12689296808093786
0.13276598850886026
0.14232284813705418
0.12941897494925392
0.1222270800628596
0.1337691885591657
0.1343397623859346
0.12389678220023159
0.15926232763255635
0.11560985240740357
0.16142383300595814
0.1604787484501247
0.1456649366904188
0.16958047966990206
0.14023008145805863
0.14484540784421066
0.13016797553885867
0.12839014424631992
0.1325112138012493
0.1204208786840792
0.14145541729198563
0.1571145567836033
0.1348815334063989
0.158266909920645
0.15739375821970128
0.13479693054600997
0.13770151186596463
0.1687092726675069
0.1282319670750035
0.15306414493911522
0.1431477040362855
0.18381978123000375
0.16280638695591026
0.18494162308397116
0.11048732075357327
0.13967008285086463
0.1326152791303617
0.15060536568570468
0.12936750401018393
0.1748518145263747
0.15442399308085442
0.1524240965437558
0.16765285821424591
0.1511558842741781
0.1494691481951762
0.15476823361004116
0.15702654826627285
0.13344593607837818
0.1294495043931184
0.1406541795607794
0.1397566772583458
0.14278309330068253
0.13831994244483886
0.1369911770991705
0.10927576059475541
0.12585267697081523
0.16754763752773957
0.13273696606564853
0.16369828912946913
0.11945998420317967
0.14159522067617486
0.13108390573136233
0.14088951179723222
0.14417489143778328
0.13300483487546444
0.15762993501050881
0.141713558433198
0.13836245266375718
0.15889793060099086
0.12213474237015126
0.1473385442600206
0.13043123952768468
0.14376597643691907
0.14097779349389453
0.1458546521521553
0.11959773695303334
0.16122841209828578
0.13703664106799773
0.155057498159025
0.16788422654348392
0.13452841222493184
0.13663463084096159
0.16119018011387973
0.13698090254156678
0.1519712259630776
